n	R	alpha	T
761	12.9687	0.75	0
2	1.7232873909327129e+00	4.6124801198020577e+01
250	2.8720364662044204e+00	3.1230628372170031e+02
443	5.2822030560092514e+00	1.0104652494192123e+02
98	5.2178858401421380e+00	2.7818609160371125e+02
690	5.3219635144665949e+00	2.5375835001468658e+02
677	5.5769661417241778e+00	3.2960972310975194e+01
569	5.9964446430893998e+00	3.7680699527263641e+01
487	6.7553512310366353e+00	3.2209077911451459e+02
739	6.5393831723164899e+00	2.2296030619181693e+02
545	6.9563244368402648e+00	4.0283913044258952e+01
744	6.6963978767564818e+00	3.8260584231466055e+00
441	6.8912311309081247e+00	2.1917271198704839e+02
106	7.4499956826216325e+00	9.6840377887710929e+01
149	7.1443706648675303e+00	4.6717060608789325e+01
38	7.6418621140793741e+00	1.2301671607419848e+01
765	7.2969148484816424e+00	2.5517422797158360e+02
50	7.7177926297872572e+00	3.0104281911626458e+01
219	7.3811420015380458e+00	1.6995003322139382e+02
216	7.8578261687538857e+00	1.6543630108237267e+02
538	7.2040667729575318e+00	3.5294826010242110e+02
563	7.1493876697137431e+00	3.5099687148816884e+02
196	7.2836460548162032e+00	1.5365190379321575e+02
236	7.4256881174692566e+00	3.4301920479163527e+02
669	7.7454313279887499e+00	3.3410074967890978e+02
133	7.6676167056192135e+00	2.9267818978987634e+02
371	8.1195279236369036e+00	1.9221636001020670e+02
335	7.9065535865614516e+00	1.1171802174299955e+02
478	8.1725594778329054e+00	5.1819424638524659e+01
14	8.1774336711037829e+00	1.9238900659605858e+02
393	8.1879792688399871e+00	7.3322758264839649e+01
560	7.9408358346172747e+00	3.1064821989275515e+02
122	8.2212473740073779e+00	1.8353170014917850e+02
165	7.6625560996814528e+00	2.3440340353175995e+02
422	7.6450713753637727e+00	2.4480689266696575e+02
120	7.7524522740497979e+00	1.4267278376966715e+02
121	8.1191441206137096e+00	3.8651510998606682e+01
349	8.4868082810265904e+00	2.1072931674309075e+02
426	8.1964799971511830e+00	3.4513196540996432e+02
475	8.3397698158602989e+00	1.1000578106380999e+02
527	9.3340717646599440e+00	2.4635181706398726e+01
598	8.1400902124901702e+00	6.6511951563879848e+01
27	8.6488740188897886e+00	9.8297991855069981e+01
437	8.5792268861212264e+00	2.3532831201329827e+02
657	8.8326887458037184e+00	3.3118100197054446e+02
144	8.8239584527242911e+00	3.2990755434148014e+02
525	8.4017098681567806e+00	2.5599431497044864e+02
142	9.2181356433740103e+00	5.5201854240149267e+01
374	8.3159844494011868e+00	1.1309274916537106e+02
402	8.3974729017235799e+00	2.0311514829285443e+02
44	9.9422891229201387e+00	2.6411102721467614e+01
55	9.0639772160876735e+00	2.0372833027504387e+02
183	9.3575768583835934e+00	1.2832692548632622e+02
344	9.8831639547857701e+00	1.7034562435001135e+01
423	9.3613423710059305e+00	2.1022552379406989e+02
512	9.1508791977960744e+00	9.9169267471879706e+01
602	9.6116602467417156e+00	6.0511079113930471e+01
640	9.6046007078284852e+00	2.7420919798314571e+01
741	9.5642901290864959e+00	2.2503288052976135e+01
64	8.9761569548065339e+00	2.7557463859207928e+02
114	9.3468055332970899e+00	8.2930609490722432e+01
727	9.3827508577414331e+00	2.4115968100726607e+02
153	1.0845169267513134e+01	2.6628839252516627e+01
222	1.0259632556435834e+01	3.1884834992699325e+02
246	9.0775383310499169e+00	5.7142727170139551e+00
295	9.3906265632103540e+00	2.7822615508921444e+02
361	1.0376480239091812e+01	1.2944170947186649e+02
388	9.1500621617844331e+00	3.1674711769446731e+02
425	1.0066802743921318e+01	1.2996628945693374e+02
49	1.0249749535093660e+01	1.8892777788452804e+02
71	1.0323930964027573e+01	1.6127286585979164e+02
145	9.9962484077734342e+00	2.8150504656136036e+02
150	9.4621412207837583e+00	1.0596940987743437e+02
323	9.9259493157247753e+00	3.2058616261929274e+02
635	9.1315074291785070e+00	2.8475285810418433e+02
645	1.0271420155248791e+01	7.2528000539168715e+01
694	1.0151323856389533e+01	3.4179144557565451e+01
719	1.0268189150837307e+01	4.5178590361028910e+01
166	9.4255396119697412e+00	1.4286060696467757e+01
178	9.3535370894937504e+00	2.7512698050588369e+02
191	9.3460171343807232e+00	2.6208419049158692e+02
372	1.0529366700800987e+01	2.0782060079276562e+02
408	9.6271835566766502e+00	1.6451204664073884e+02
554	1.0195319058127774e+01	5.0267251739278436e+01
647	9.5378934868440304e+00	3.0504385152831674e+02
653	9.9849224316681244e+00	2.8224893585778773e+02
60	9.9307362712485929e+00	1.9204145743511617e+02
90	1.0083201044928126e+01	2.8330253060907125e+02
181	1.0889525448484248e+01	3.4350927975028753e+01
448	1.0400048497080874e+01	2.8000394543632865e+01
449	1.0507042740417646e+01	2.2150952347554264e+02
460	1.0136794623589264e+01	3.2017490940168500e+02
622	1.0746226630674641e+01	1.7087023342028260e+01
630	1.1343537749418680e+01	1.6174013642594222e+01
651	1.0003306911409585e+01	3.2159388195723295e+02
662	1.0439486273947839e+01	9.4053732203319683e+01
667	1.0657219979754478e+01	9.4055114379152656e+01
764	1.0388624531169198e+01	4.8295268956571817e+01
775	1.0681490091890879e+01	5.1734402552247047e+01
5	9.7938590339122094e+00	1.4276906141079962e+02
143	1.0157664722999037e+01	3.3738851733505732e+02
212	1.0637502513495093e+01	1.2764780416153371e+02
213	1.0211304722226533e+01	2.8267189012840394e+01
313	1.0037688839057557e+01	1.5869819590821862e+02
421	9.5757580022969453e+00	2.1725807307288053e+02
526	9.8116008913266395e+00	6.9645805601030588e+01
72	1.0341276169196538e+01	3.2116891267709434e+02
95	1.1049757241940947e+01	2.7465122418478131e+02
141	1.0314015116029106e+01	1.3028560183010995e+02
177	1.1198022950275350e+01	4.7616218877956271e+01
184	1.1174655705935480e+01	3.4310812186449766e+01
220	1.0654554913839601e+01	3.7940850080922246e+01
332	1.0962768833602638e+01	1.7388004325330257e+01
369	1.0303947769051502e+01	1.6493431619368494e+02
383	1.0849181232498012e+01	9.9304523896425962e+01
420	1.0380361306883833e+01	2.6472733019851148e+02
439	1.0204028809225891e+01	2.5887216967530549e+02
462	1.0411296520826149e+01	3.0520439296960831e+02
499	1.0997429794843320e+01	4.6010521072894342e+01
549	1.0951832005320730e+01	1.6665123095735905e+02
599	1.0038037894081205e+01	3.3145104400813580e+02
617	1.0840631388031220e+01	3.3658366561867297e+02
625	1.0893061072284317e+01	3.1731425930745905e+02
637	1.0770743855158743e+01	1.6769896122626960e+02
646	1.0865728537859013e+01	2.5938645022921264e+02
710	1.0959361147592402e+01	1.1279650186188519e+02
731	1.0786013964358418e+01	4.6264830781146877e+01
751	1.0293189417797796e+01	3.0112152359448373e+02
10	1.1809680401421154e+01	1.1277846467681231e+02
18	1.0351857012251351e+01	3.3808600617572665e+02
19	1.0810696390873540e+01	2.8022012477740645e+02
22	1.1422105054911770e+01	3.3408291684463620e+01
30	9.8778048193318657e+00	2.1350358604453504e+02
84	1.1222983325969954e+01	1.2835141807794571e+02
135	1.1026774348331800e+01	2.5826097671873868e+02
152	1.2214865203911465e+01	9.8872255152091384e+01
156	1.0792600909908101e+01	3.3793621125631029e+02
164	1.0499090240105705e+01	2.7336556772701442e+02
197	1.1034689324294177e+01	2.6228066280484200e+02
233	1.1298755340876104e+01	4.5549416989088058e+01
271	1.1438838385777876e+01	4.6870098486542702e+01
276	1.0813843402367963e+01	9.8604116979986429e+01
297	9.5966396517302694e+00	8.5755929443985224e+01
304	1.0534144850954933e+01	1.8802316450513902e+02
307	1.0980598317191429e+01	3.0492802175693214e+02
326	1.0463615344992087e+01	7.2075238293036819e+01
352	1.1171494624844485e+01	1.1295193729922175e+02
379	1.0745462015963893e+01	3.0290762233547866e+02
390	1.0900802440137079e+01	2.6099284356459975e+02
410	1.0015006169932187e+01	2.9376270194537938e+02
450	1.0738343043250525e+01	3.0160939235240221e+02
472	1.1854694069552297e+01	1.6141172004863620e+01
480	1.1474496982310972e+01	3.1929136552847922e+02
493	1.1106817754409308e+01	3.4163172572851175e+02
501	1.0993972058838665e+01	1.2830763177014887e+02
517	1.0643345261366713e+01	2.1003787117078903e+02
531	1.0590953724523866e+01	3.4387566187418997e+02
695	1.0952133052524147e+01	1.2832338991574943e+02
700	1.0332431206586335e+01	4.3975466648116708e+01
760	1.0751909062980767e+01	3.2144432147964841e+02
777	1.0627113764317807e+01	3.4372139068320394e+02
778	1.1775680487477397e+01	3.3030174988321966e+02
791	1.1597521259236084e+01	2.2093908257782456e+02
12	1.0852744796837607e+01	1.5964304175227880e+02
26	9.6842852441990726e+00	2.9865721128880978e+02
28	1.0605524653404865e+01	2.1327550951391462e+01
42	1.1273920123483940e+01	1.6060842024162412e+02
52	1.0898713214779130e+01	3.2776141673326498e+02
53	1.1201173977437806e+01	1.0761483991518617e+02
57	1.0410717387605134e+01	3.4435283716768026e+02
75	1.0569935833729181e+01	2.3482759614475071e+02
92	1.1903944149870661e+01	1.2791173076257110e+02
123	1.1100419169974222e+01	3.6768683670088649e+01
128	1.0188372666471997e+01	8.4104109965264797e+01
160	1.1065523278208834e+01	1.0752488742582501e+02
186	1.0778926931622522e+01	3.3516465425491333e+02
214	1.0300512834435610e+01	2.4954667132347822e+02
224	1.1549023367857458e+01	1.0133163562975824e+02
284	1.1133328780700333e+01	1.0756808063015342e+02
299	1.0694899689703460e+01	1.0123808093369009e+02
370	1.1590771017259270e+01	3.1943089907057583e+02
465	1.1409986189613251e+01	1.0136980421841145e+02
469	1.1426532256847857e+01	2.7803351984359324e+02
500	9.7219188988786840e+00	1.4641303455457091e+02
509	1.1068342100341930e+01	3.1653783640824253e+02
544	1.0325751854676287e+01	1.1518971752375366e+02
559	1.0252893156116700e+01	1.4284767963923514e+02
595	1.0816377870402064e+01	9.8171592336148024e+01
655	1.0661831786499368e+01	3.5307315775193280e+02
659	1.0752290372175416e+01	1.9132499598897994e+02
688	1.1753408044485509e+01	9.9210199490189552e+01
780	1.1770073788929386e+01	1.8909783722832799e+02
47	1.1335084593359460e+01	3.2521326167508960e+02
48	1.1308313784487154e+01	4.3016570555046208e+01
61	1.1793239963022449e+01	3.4197772809304291e+02
65	1.2137072169520778e+01	1.6324461009353399e+01
83	1.1565017570621050e+01	2.7476390060037374e+02
89	1.2335044395145280e+01	2.6565123964101076e+01
111	1.0320642343170300e+01	2.6739533775486052e+02
129	1.1267917197206033e+01	3.2960318522527821e+01
146	1.0984556356572313e+01	2.2187841941602525e+02
154	1.1133112479047837e+01	5.4769376618787646e+01
163	1.2718642174522692e+01	3.2148763622157276e+02
170	1.1438747903094191e+01	1.9145752066746354e+02
180	1.2352135192057858e+01	2.6733036283403635e+01
235	1.2285713988529411e+01	1.1289989892393351e+02
247	1.1812853753658644e+01	1.7895965427160263e+01
265	1.1460899462362400e+01	9.5113189509138465e+01
270	1.1752125985780955e+01	1.9140051836147904e+02
312	1.1158187907109777e+01	7.8725845199078321e+01
318	1.1110247597582401e+01	2.4233302046544850e+02
330	1.0390747316534146e+01	3.5570328396745032e+02
341	1.2900031930180674e+01	7.2097706068307161e+01
357	1.1892739753686628e+01	2.2149537591263655e+02
360	1.1364863897670311e+01	3.4848455526866019e+02
387	1.1924708161031161e+01	7.2170914029702544e+01
407	1.1208807601105036e+01	2.4998646684922278e+02
409	1.1839316001174529e+01	1.3005889641121030e+02
411	1.2360721896154901e+01	1.6492146765813231e+01
431	1.1904461382337272e+01	2.1072707475163040e+02
463	1.1194889768161495e+01	2.3318058771081272e+02
484	1.1912630344786267e+01	3.1692364920862019e+02
513	1.1002760073504724e+01	1.8590844562277198e+01
581	1.0789925483022891e+01	8.8891374785453081e+01
583	1.1316750329845521e+01	2.2167480907402935e+02
584	1.2626809742110282e+01	9.4296061741188169e+01
588	1.0911653887699115e+01	3.0369833637960255e+02
594	1.0914263636921019e+01	1.9486532815732062e+02
603	1.1019478583230443e+01	2.4687129112891853e+02
618	1.1847262713608748e+01	1.9176381980068984e+02
620	1.0410925368678859e+01	1.1837493368424474e+02
638	1.1730764768868838e+01	2.9637394901365042e+01
639	1.1364121077509596e+01	7.1987401144579053e+01
641	1.2835066142982859e+01	3.2128698670305312e+02
699	1.1303378349590417e+01	7.2470596153289080e+01
705	1.1886663402918835e+01	2.5093030091375113e+01
709	1.2444650655564763e+01	9.4317113729193807e+01
717	1.1924680071997280e+01	3.7187865916639574e+01
748	1.1151051669846709e+01	3.0943863742053509e+02
749	1.2675676300194057e+01	2.2125338743440804e+02
750	1.1984283048390290e+01	1.9167071647010741e+02
762	1.1337812373629220e+01	7.8516067285090685e+01
773	1.1768634589418498e+01	5.2209436688572175e+01
786	1.2763710445549938e+01	9.4398631090298295e+01
798	1.2012052897827765e+01	2.6087359925732017e+01
3	1.1374083852650095e+01	3.5965458554215735e+02
4	1.0410965424810531e+01	8.4992031455039978e+01
6	1.0728567742174425e+01	1.3964786647818985e+02
20	1.2672442131441949e+01	2.5774938390590250e+02
31	1.1815749842510742e+01	2.4179547300562263e+02
35	1.1430969341074700e+01	5.1163247851654887e+01
46	1.2840895879082639e+01	3.4622013224288821e+01
51	1.2452260315752248e+01	3.3007008036598569e+02
54	1.2021992146452265e+01	2.1038008457981053e+02
56	1.2228910256640653e+01	2.2101779459975660e+02
58	1.2263717144524952e+01	9.3952433299273238e+01
63	1.1793636773242978e+01	1.9461618304252625e+02
86	1.1837674082116216e+01	3.1728305842727423e+02
110	1.0625073427801802e+01	1.7009101490490139e+02
167	1.2007739209855744e+01	2.9299549025483429e+02
168	1.2301681180333860e+01	2.7452632955275476e+02
201	1.2187729806801469e+01	7.3263714378699675e+01
234	1.2018408844621185e+01	3.4201559057459235e+02
240	1.1429824795664052e+01	8.4696597615256906e+01
243	1.0712373565458146e+01	6.8853697227314115e+01
260	1.2585202533748136e+01	2.6900601424276829e+01
267	1.1906790692659094e+01	1.2953382985666394e+02
288	1.2225122270676371e+01	3.0076684830710288e+01
301	1.2790609348763347e+01	2.6324392100796107e+01
305	1.1953291309212403e+01	3.2539653458632529e+02
309	1.1417187175318189e+01	5.0140817770734429e+01
322	1.1030726063258854e+01	1.1492056514136493e+02
355	1.1551189882897715e+01	2.8041200707666576e+02
358	1.2642140849465918e+01	1.6438020123168823e+01
373	1.2577386332254655e+01	3.3029938694089651e+02
385	1.1184134127954117e+01	2.3283140910789368e+02
394	1.2273020081782333e+01	3.1901853298768401e+01
415	1.1540168942763353e+01	3.2746930137276649e+02
428	1.1729933266109287e+01	1.3936875388026237e+02
430	1.1911308992980475e+01	3.5357125016860664e+02
432	1.1984870124669088e+01	2.4153552453964951e+02
435	1.1755153531162117e+01	2.8062006770633161e+02
442	1.2143847947594217e+01	3.8236062722280629e+01
471	1.1630825569978661e+01	3.3156643020920455e+02
481	1.2766823742512839e+01	3.1926309278234839e+02
489	1.1413658592502038e+01	2.9505767673254019e+02
495	1.2874603210239497e+01	3.1913981418125331e+02
504	1.2303361401931758e+01	3.6722752097994089e+01
507	1.0720460606498127e+01	1.5818559718318284e+02
515	1.2037298207339189e+01	2.8030982606112957e+02
523	1.2830536520803181e+01	2.7508462012745440e+02
528	1.1909328486781645e+01	3.1667615809477871e+02
529	1.1662724437202016e+01	1.1514560792595148e+02
539	1.1580618538772564e+01	2.7777505648322403e+02
541	1.2549297983049485e+01	2.1070159535855052e+02
543	1.1925960661165703e+01	2.2087950241751972e+02
546	1.2599797817791375e+01	1.1268527015112340e+02
547	1.1449582811984044e+01	3.5781763798557222e+02
551	1.2106882403638721e+01	1.3351668510586023e+01
555	1.1418175085803478e+01	6.5055444929748774e+00
558	1.2620507680807734e+01	1.2798298037610948e+02
585	1.1836571801124407e+01	1.8873932512477040e+02
587	1.1582613634103646e+01	1.2992288628593087e+01
607	1.2181083211626117e+01	2.5014427620917559e+01
616	1.0524694068711055e+01	1.4656703090295196e+02
678	1.2877520676509716e+01	9.4067338462918983e+01
693	1.1062563733432299e+01	1.8971085182391107e+02
696	1.1373043784234019e+01	3.2759406466037035e+02
702	1.2318159879724213e+01	3.4198381301946938e+02
718	1.2407110302722925e+01	3.4201141747646034e+02
720	1.1852814941503482e+01	4.7237008083611727e+01
728	1.2226946005044843e+01	2.9260717730037868e+02
730	1.2091434721317327e+01	3.1557457158342004e+01
733	1.1129481111718782e+01	3.4663361353799701e+02
776	1.1457338186479200e+01	1.1194836046546698e+02
779	1.1074223709934421e+01	3.0547703021205962e+02
782	1.1451108675062182e+01	5.2676917053759098e+01
785	1.1661503239605759e+01	1.0153330489061774e+02
794	1.1216659498153874e+01	9.2740401551127434e+01
796	1.1342664690689260e+01	3.1754412101581696e+01
7	1.1552205709653776e+01	2.4110857453197244e+02
8	1.1736388960181761e+01	3.3679406614042819e+02
9	1.2144316724548247e+01	3.0467193055897951e+02
16	1.1803657909739828e+01	1.6459373130463064e+02
66	1.2422390910732796e+01	5.0387803288176656e+01
69	1.2257480701757407e+01	3.1792516979388893e+02
76	1.2868361691798329e+01	1.3005396843887866e+02
79	1.2541802911452953e+01	4.5473357085138559e+01
105	1.2338608527660639e+01	1.6826136672869325e+02
113	1.2487115087667780e+01	1.6715214271098372e+02
148	1.2195046716134593e+01	2.3555655777454373e+02
151	1.2924330865502091e+01	1.2989331174641848e+02
161	1.2027935321753647e+01	7.3568924702703953e+01
162	1.2331308135492344e+01	3.5343238860368723e+02
171	1.2953423219080028e+01	3.9360982943326242e+01
175	1.2576844925231933e+01	3.2991973299533129e+02
188	1.2108850792992863e+01	3.0227227608673275e+02
221	1.1499101817327594e+01	1.8110732752829790e+02
232	1.2668872910885341e+01	2.0774434785358608e+02
237	1.2273130041648253e+01	7.8621564600616693e+01
238	1.1854952352712743e+01	8.9532071957364693e+01
249	1.2855497573920330e+01	2.0768542701378465e+02
261	1.2764999213396052e+01	1.3129092771559955e+01
266	1.2436363720756722e+01	1.6825582972727713e+02
269	1.1782753554066588e+01	8.3407429140061140e+00
277	1.1833338395838624e+01	3.5999018512666225e+00
283	1.1224366915771890e+01	5.9265952091664076e+00
296	1.1671533214878211e+01	2.5404557143338025e+02
308	1.2270950493690863e+01	3.0196058713831007e+02
317	1.0876914814964627e+01	1.8196701508015394e+02
321	1.2324256733051824e+01	2.1783716501668098e+02
325	1.1982270249324541e+01	7.8299718797206879e+01
334	1.2646471043949136e+01	2.5751864972524345e+02
375	1.1630776313517968e+01	2.6140983729623258e+02
386	1.2585470274220581e+01	3.3160808843560517e+02
395	1.2742327198043695e+01	5.9648270476609476e+01
398	1.2074027261441863e+01	3.2529667208902538e+02
405	1.2896860130310431e+01	2.9827966187149286e+01
416	1.2745500589355807e+01	9.9865967659279704e+01
419	1.2345298255791802e+01	4.0609142370522022e+00
447	1.2850659688997439e+01	2.5765485615469515e+02
479	1.2102179896771652e+01	1.1008736640214919e+02
490	1.2089908814293485e+01	3.0198162646964192e+02
503	1.0643693949631517e+01	3.0833030280657113e+02
505	1.1791727432294698e+01	3.4312356149777776e+02
511	1.1565358509899800e+01	1.4369522323831916e+02
514	1.2423009146065283e+01	4.9937263252213597e+01
519	1.2964351610111564e+01	3.8758994489908225e+01
540	1.2023343649700557e+01	7.5359676992520690e+01
548	1.2947703069491462e+01	5.9678703323006630e+01
566	1.1901971334364630e+01	2.0799876778386530e+02
573	1.2392659566722992e+01	1.6491634262725708e+02
574	1.2442133684606629e+01	2.9262788831256330e+02
575	1.2239046235148193e+01	8.9374040979892015e+01
579	1.1578440176284984e+01	8.9109557652845979e+01
596	1.0371931039041840e+01	1.7757657621055841e+02
604	1.0873269302881644e+01	2.1664956961758435e+02
613	1.1984755257246613e+01	2.4468711158260703e+01
624	1.2592795760816053e+01	3.2516319975256920e+02
626	1.2289810602394882e+01	2.9266406938433647e+02
628	1.2370011440197155e+01	1.1035822416655719e+02
633	1.1829773586145814e+01	3.3315342086367309e+02
642	1.1643843412436468e+01	2.5954968770965934e+02
649	1.1180960705571408e+01	2.1831903845071793e+02
658	1.2649557579650740e+01	2.4982546968385581e+01
660	1.2117041367608032e+01	2.1027593691833314e+02
665	1.2601410390674360e+01	3.0453232409432530e+02
668	1.2770660643544071e+01	3.5354001148603862e+02
671	1.2193108616288050e+01	2.5364239200018346e+02
698	1.2155034728066980e+01	6.9273918997496367e+01
704	1.1925830278584298e+01	1.6712388471700251e+02
711	1.1954335293957804e+01	3.2576763320714235e+02
712	1.1427797578664764e+01	1.4579564418643713e+02
715	1.1897341231385203e+01	1.6204965773038569e+02
724	1.2057123219173468e+01	3.3798576414585114e+02
729	1.2890108818688313e+01	3.3049406502395868e+02
742	1.1458619573285150e+01	1.5808300411328673e+02
758	1.1740491852129352e+01	1.3917550683952868e+02
763	9.9452988844135977e+00	2.0225948573090136e+02
769	1.2063392720420536e+01	7.8339994847774506e+01
781	1.2935237896923773e+01	3.4838647451251745e+01
792	1.1491911185950677e+01	1.1230772417038679e+01
1	1.2531344034277396e+01	3.3572065003216261e+02
11	1.2464738599509344e+01	1.8883733857423067e+02
36	1.2467229294328293e+01	2.8199321011081338e+02
41	1.2581899313332038e+01	1.0745830745436251e+02
70	1.2833253599419466e+01	1.9468374897725880e+02
81	1.2339275774721782e+01	2.3318978249095377e+02
96	1.2833220548402474e+01	2.7777419834397733e+02
99	1.2325250405497114e+01	5.5054736081510775e+01
100	1.1477172724342637e+01	2.0830821549519897e+02
101	1.2114903715743743e+01	3.2428783737123013e+00
103	1.1596620942044359e+01	1.6943068983033299e+02
104	1.2840807312950853e+01	2.7525332537479699e+02
109	1.2965113010613521e+01	2.5229338109493252e+01
112	1.2875653393053469e+01	6.9104187386110425e+01
116	1.2592036021844748e+01	7.5084590977057815e+01
117	1.2861900896698565e+01	1.7749528465792537e+01
119	1.0189419731777685e+01	6.2020208509638906e+01
125	1.2144352187078091e+01	8.3433046834543347e+01
126	1.2178523273744569e+01	3.4836045322939748e+02
136	1.2682989906037532e+01	2.2066131250932813e+02
147	1.2517698547682444e+01	1.2959796851500871e+01
172	1.2241913529687046e+01	5.2571787703782320e+01
185	1.2679101595243568e+01	5.1574682453647249e+01
187	1.2372603514331837e+01	2.0757031842134893e+02
190	1.1189834104242474e+01	1.1682630012743175e+02
194	1.2839751434102327e+01	5.9546200605109327e+01
195	1.2874761936657118e+01	2.4734098758548501e+02
205	1.2006767393365523e+01	6.0102573316544294e+01
206	1.2297234884407267e+01	8.6765850707888603e+00
208	1.2866452734005493e+01	2.9100194787606597e+02
245	1.2314158374911690e+01	1.7329246345907453e+01
253	1.2933269538267430e+01	2.9611766980960962e+01
258	1.1298090103580416e+01	2.5195825089700520e+02
262	1.2594166938348287e+01	2.8418394288048148e+02
278	1.1543636672131106e+01	7.9151867330074296e+01
280	1.2798261511020344e+01	3.3655399116687477e+02
285	1.2759683004503183e+01	1.9465903401374814e+02
286	1.2116563196449563e+01	3.0955808498896658e+02
289	1.2554857961868320e+01	1.5938027026131751e+01
291	1.2621777555434102e+01	6.9547505490481853e+00
292	1.2216641579448599e+01	2.4131538290530443e+01
293	1.1949946223456648e+01	2.9223774491809309e+02
298	1.2945580053860802e+01	1.5990459099411963e+01
310	1.2852160905771997e+01	1.9450964218005538e+02
311	1.2842421002811186e+01	1.6815071345306930e+02
314	1.0775674617870266e+01	1.7290014588274059e+02
331	1.2587876778752504e+01	5.2089086389169097e+01
336	1.1467826747205706e+01	1.4145849628373983e+02
340	1.2777820428808175e+01	2.2486697282642123e+02
351	1.2552284444227402e+01	1.0939623397774994e+02
353	1.1157933905358016e+01	8.1526180962100639e+01
354	1.2357598010930205e+01	2.4204044141806659e+02
365	1.2366635273175049e+01	7.3100823741406202e+01
381	1.2246119793425486e+01	9.7157264873385429e+01
384	1.1108631174910814e+01	8.1140571339055896e+01
396	1.1682393947868610e+01	1.8107875169254837e+02
397	1.2584911974596736e+01	2.8352916260249913e+02
399	1.2149588489943381e+01	7.9028672045096755e+01
403	1.2510947151072083e+01	4.7674668235704303e+01
406	1.0959064375041955e+01	1.8206143948249519e+02
413	1.2487081288023544e+01	1.6506834416650236e+02
417	1.1839782230958560e+01	2.9439662000164390e+02
433	1.1973477245542222e+01	3.1052355961874127e+01
438	1.2626939046845095e+01	1.3474058378487825e+01
445	1.2836201931185903e+01	3.2045986946672201e+02
455	1.2552415275091441e+01	9.5237752469256506e+01
458	1.1119975460860331e+01	2.3006123067811131e+02
459	1.0633471357407720e+01	1.7629185936413705e+02
464	1.2702638956705867e+01	2.1080831718631089e+02
467	1.1206643530984651e+01	2.8787802949547768e+02
488	1.2235022223099193e+01	7.3613896714523449e+01
494	1.1647940710214174e+01	2.1401667259633541e+01
502	1.1426149121304158e+01	5.4416173696517944e+01
534	1.2710992637713806e+01	5.9770252732560039e+01
535	1.2358256697008068e+01	2.2493054863996804e+02
537	1.1981547461668939e+01	1.1827901688404383e+02
542	1.1958273628478501e+01	1.5832370395772159e+02
553	1.1944634438136170e+01	3.1327655741013587e+02
556	1.2056643915065152e+01	2.4829702092334625e+02
561	1.2094577256270279e+01	3.3561258265748620e+02
577	1.2196981604220445e+01	2.9002007606439292e+02
580	1.2761133145429850e+01	3.8778455089777704e+00
590	1.1401612062344526e+01	3.5153315386734903e+02
597	1.1668561719704782e+01	2.6421947688795632e+02
600	1.2443845425010069e+01	2.3762266941368583e+02
605	1.2853655747418905e+01	2.3578601195476952e+02
608	1.1383683439438725e+01	1.7058135724626484e+02
610	1.1859951790503075e+01	2.2244344065897167e+02
619	1.1761133756343989e+01	1.6070772760547698e+02
631	1.2552061922701268e+01	1.2964775668457150e+02
632	1.2893704096748023e+01	2.7366329217329618e+01
643	1.2124076656497918e+01	1.6116740098223090e+02
644	1.2028870564573134e+01	2.0752150909043849e+02
650	1.1595844139198810e+01	3.2409826311282814e+02
656	1.2224928036862650e+01	2.4716274482198057e+02
663	1.2174333496837049e+01	1.6175361477769911e+02
664	1.0929764218835954e+01	1.9713292180560529e+02
672	1.1757893335563701e+01	2.3368840497918424e+02
673	1.2600621528884197e+01	7.5164666734635830e+01
676	1.1262662206626230e+01	1.4961747745983303e+02
681	1.2088416338777584e+01	1.8965307385660711e+02
713	1.2346062871308016e+01	2.5429231957532465e+02
743	1.2894893780905798e+01	3.0958724345080554e+02
755	1.2762494096171805e+01	2.3563655591569841e+02
757	1.2461320631917127e+01	2.4504395518451929e+01
761	1.2921174464033593e+01	3.3815926275216043e+02
766	1.2523215438977147e+01	5.5156830009073012e+01
784	1.2366010522366858e+01	1.8895398097112775e+02
787	1.2330514509085306e+01	1.6451212693937123e+02
788	1.1131565808892086e+01	1.4256115727126598e+02
797	1.2157376317079796e+01	3.0997553134337068e+02
0	1.1802754267037679e+01	3.5898653092794120e+02
24	1.2792782605271364e+01	3.1140728831291199e+02
29	1.2795447126733047e+01	2.4139009483158591e+02
34	1.2477628539861945e+01	1.0426667176187037e+02
39	1.2585420338638526e+01	2.2465079398825767e+02
45	1.1897950052543996e+01	1.6892586892470717e+02
59	1.2492728243662993e+01	8.3165551722049713e+01
67	1.2083765186504159e+01	2.8526528852060437e+02
77	1.1560684186857792e+01	2.0556308235973120e+02
80	1.2803263272644401e+01	2.4847365226596594e+02
87	1.2920968775709625e+01	4.2009099572896957e+00
94	1.1774047169768366e+01	1.3672918444499376e+02
97	1.2227892591278312e+01	1.0848978018388151e+02
102	1.2807235807576587e+01	2.5525530804879966e+02
107	1.2871130982351646e+01	2.9940933220088482e+02
130	1.2255670927692011e+01	2.0522399682551622e+02
139	1.2580037736527778e+01	1.5401254867203534e+02
140	1.2186740520472631e+01	1.5421766742132604e+02
155	1.2574143927398950e+01	5.8182670651003725e+01
176	1.2433268007024012e+01	1.6637490534223616e+02
182	1.2590052865249985e+01	5.8393984045833356e+01
192	1.2558350876505607e+01	1.8818518493324518e+02
199	1.2898923074285841e+01	1.4314005970023572e+02
200	1.2900551348147921e+01	3.3307203887030477e+02
203	1.2376985278815221e+01	3.3348625601269299e+02
204	1.1713484097789278e+01	1.0602415678091347e+02
210	1.1730018116126802e+01	2.1931451576761901e+02
215	1.2059660485622075e+01	4.5765598677098751e+00
223	1.2686924344574072e+01	1.9237584122456613e+02
225	1.2886348955944205e+01	1.2765048712491989e+02
226	1.2247120556924658e+01	3.2266088951379061e+02
228	1.2743738861456263e+01	8.5982734523713589e+00
241	1.2817648208792692e+01	2.9343602062202990e+02
248	1.2452718405498416e+01	1.4378950489684939e+02
251	1.2937337109705856e+01	2.8301840529777110e+02
252	1.1666785070118678e+01	9.1692989040166140e+01
254	1.2298129336595752e+01	5.6792158680036664e+01
255	1.2718424913067402e+01	7.5417437106370926e+01
259	1.2258113040594246e+01	2.5110341847874227e+02
263	1.2489483518196090e+01	3.2419027696363628e+02
268	1.1686189903080454e+01	8.6478347741067424e+01
272	1.2335523870003890e+01	2.0212522516027093e+02
273	1.1844370714875256e+01	6.0419087558984764e+01
275	1.2450226933275211e+01	2.4648764689452949e+02
279	1.2667261397711826e+01	1.1504238881170750e+01
281	1.2833902808537156e+01	2.8155312708579009e+02
300	1.2690818476248552e+01	3.1143226906657219e+02
306	1.1550705695301353e+01	1.7105498548597097e+02
316	1.2546546101088275e+01	3.2085647899657483e+00
320	1.1798998773118784e+01	5.6728666182607419e+01
324	1.2086268693807684e+01	2.8453446786850697e+02
328	1.2157103707521662e+01	5.6238059811294079e+01
333	1.2095269174024333e+01	3.2366303991526365e+02
337	1.2787498548119970e+01	2.9082142682746056e+01
342	1.2714496463691797e+01	2.2504017228260636e+02
345	1.2397067748584815e+01	2.6041131064295769e+02
347	1.2310253044632040e+01	1.4626954835839570e+02
348	1.2670560661943094e+01	2.5356061002239588e+02
367	1.2162143668614165e+01	2.3731198746711016e+02
368	1.2113303862191922e+01	2.9126780658960342e+02
389	1.2067163191974840e+01	1.6769077319651842e+02
392	1.1351852250132042e+01	1.7604262833483514e+02
401	1.2677786174429841e+01	9.2809041542932391e+01
427	1.2593777221370528e+01	3.5529941294342279e+02
429	1.2579710903111520e+01	3.0102480204775929e+02
453	1.2955227698651404e+01	3.1002827086485922e+02
470	1.2844086798610364e+01	4.4740814538672566e+01
473	1.2077026198383535e+01	8.2297731377184377e+01
474	1.2884616321453381e+01	3.0329508637078106e+02
477	1.2814853588501940e+01	2.3401929150335491e+02
483	1.2474447005776753e+01	9.6151518216356635e+01
486	1.1319022341892213e+01	1.2003813511691988e+02
491	1.2852306826090649e+01	1.8820657202973962e+02
492	1.1832631512838960e+01	5.8297643791884184e+01
506	1.2698175708820990e+01	6.0052974661812179e+01
516	1.2094406910651855e+01	6.4099208079278469e+01
518	1.2220988148078099e+01	3.3412457574158901e+02
521	1.2275130384494107e+01	5.6157298665493734e+01
522	1.2936285626243226e+01	1.0951589721255004e+02
530	1.2935412435366615e+01	2.1761280208826065e+02
567	1.2849952145358806e+01	4.8458214914426215e+01
568	1.2382780030860928e+01	2.9077165198512375e+02
576	1.1243521364227520e+01	1.5219566294923425e+02
589	1.2615538359583967e+01	1.6198789886198938e+02
601	1.2670829514975734e+01	2.4842713077552617e+02
611	1.2862524241319887e+01	3.6259652534499764e+01
614	1.0210044945980622e+01	1.3531795701943338e+02
615	1.2936360045684085e+01	2.7822039563208818e+02
623	1.2381816758708510e+01	1.6149870584718883e+02
629	1.2281294325572228e+01	3.3417610290460283e+02
654	1.2949496837282020e+01	2.8380117405205965e+02
661	1.2567409044141762e+01	1.3918771231546998e+02
666	1.2536130077168599e+01	2.9368629251606762e+02
674	1.2525045116036111e+01	2.6800973016768700e+02
679	1.2764351777361048e+01	8.2387658385559916e+01
680	1.2547031261278770e+01	2.9931869273073971e+02
683	1.2638354745927572e+01	2.7390355180017650e+02
684	1.1660738727440487e+01	1.5241447999142110e+02
686	1.2586273112420521e+01	2.5244599702768028e+02
703	1.1466906283905933e+01	1.4434332791715860e+01
707	1.1832235648923797e+01	2.1548896637745202e+02
716	1.2645046644289872e+01	1.6667871722951531e+02
722	1.2299810054204860e+01	3.1322941716760397e+02
723	1.2614652085357243e+01	3.5535659261047840e+02
735	1.2147884930271077e+01	3.4099751740694046e+02
736	1.2898670135713092e+01	3.0849268139339983e+02
745	1.2708551604256463e+01	3.0657555414363738e+01
754	1.2021916187087854e+01	8.8089201254770160e+01
756	1.1807718623455974e+01	2.1916180277243257e+02
759	1.2059870970080809e+01	1.9309828634373844e+02
768	1.2662136478522465e+01	5.0412812456488618e+00
770	1.2657502241284471e+01	3.2574447870254517e+02
771	1.2485097229999317e+01	2.2777730841189623e+01
774	1.2389815277407171e+01	2.3455624711699784e+02
789	1.2659243050129247e+01	2.6278469899669290e+02
793	1.2488168258910013e+01	2.2575666625052691e+01
13	1.2795409070348912e+01	8.2647799216210842e+01
15	1.2435725063197538e+01	3.2902632806450129e+02
17	1.2192598154419406e+01	1.5505148523487151e+02
25	1.2820210796933134e+01	2.9849288784898818e+02
33	1.2130261173790936e+01	7.1118321670219302e+01
40	1.2953753474188829e+01	2.3782886087894437e+02
68	1.2892697208280195e+01	1.0728489635512233e+01
74	1.1739440459971910e+01	1.9383289008401334e+02
82	1.2586837974643480e+01	1.2741807304322720e+02
91	1.2899587286801664e+01	2.3064237702637907e+01
93	1.2238792793169900e+01	3.3906130121089512e+02
115	1.2594839205710869e+01	1.8296911351382735e+02
127	1.2739465322323476e+01	1.0019478335045279e+02
134	1.2672255830793340e+01	1.0431360061280428e+02
137	1.1706125803183603e+01	1.5368753652088344e+02
158	1.2928107019613270e+01	1.8006510408595204e+01
169	1.2216626210561991e+01	1.6390168919228014e+02
173	1.1679329579111259e+01	1.8316394590772688e+02
179	1.1643591421407258e+01	7.6584130134433508e+01
202	1.2851143236500503e+01	2.8809758741408582e+00
207	1.2170604927833933e+01	1.6272057836875322e+02
211	1.2918787259729415e+01	1.2545180730521677e+01
229	1.2836187616198295e+01	3.4766164977103472e+02
230	1.1933154957276990e+01	1.5478844275698066e+02
239	1.2683411586500824e+01	3.1096864781342447e+02
256	1.2230288536041231e+01	1.5025780566036701e+02
264	1.2774541495551771e+01	1.6787926107645037e+00
287	1.2674798364255572e+01	6.6641148962080479e+01
290	1.2094395714325870e+01	1.5977087398990989e+02
294	1.1541082466777056e+01	2.2906462088227272e+02
302	1.2470937632555222e+01	2.3771948274224999e+02
303	1.2218132112494201e+01	6.7456288626417518e+01
315	1.2043540708153804e+01	1.1998234994709490e+02
327	1.2335281331376166e+01	2.4495842406526208e+02
329	1.2402853786853685e+01	1.8372995747253296e+02
339	1.2143385827807245e+01	3.6478076130151749e-01
346	1.2499869625018052e+01	2.7333072029985487e+02
359	1.2955923228325473e+01	1.6059582198970020e+02
364	1.2934578843968715e+01	3.4777676288969820e+02
376	1.2771247765528143e+01	2.8988490211777389e+02
377	1.2479170252817852e+01	1.7282265359535810e+02
391	1.2668874005383870e+01	1.0903367551043630e+02
412	1.2676130819417930e+01	1.3961800402030349e+02
414	1.2613672530190511e+01	2.6486356236040587e+02
418	1.2710623853535976e+01	2.3627370938658717e+02
440	1.2328203515504983e+01	2.4772179638966921e+02
446	1.2664464189912936e+01	1.8381575044244531e+02
451	1.2336759083280262e+01	2.5056194183416662e+02
456	1.2841919198058944e+01	3.5991688253358006e+02
468	1.2131480873791631e+01	1.8058904260396957e+02
508	1.2496757463118785e+01	5.7749899914488196e+01
510	1.2229145865916273e+01	1.7224212407134470e+02
520	1.2698965217975065e+01	1.6295195485465226e+02
533	1.2615869065053696e+01	7.0520962458103895e+01
550	1.1525508442848171e+01	2.2878617824986577e+02
557	1.2442431620143253e+01	3.1358799926005304e+02
564	1.2439700389914256e+01	2.5125736378133297e+02
570	1.2002475520660312e+01	1.2078406440094113e+02
571	1.2766557687527460e+01	2.0317119489423931e+02
591	1.2555044403805560e+01	2.0681005893275142e+01
593	1.0958847486615859e+01	6.5733943898230791e+01
612	1.2504664266545667e+01	1.0177020924165845e+01
627	1.2583257666613171e+01	3.4568194264546037e+02
648	1.2065603751135654e+01	2.0467951836995783e+02
652	1.2650295044691928e+01	2.1613673997111621e+02
675	1.2951682506123943e+01	3.5197842763736850e+02
682	1.2506370859125091e+01	1.1771822590380905e+01
687	1.2316726146964896e+01	2.1513525249436495e+02
689	1.2488051928460557e+01	2.2262428617104888e+01
691	1.2628698974381253e+01	1.2894989853724837e+02
692	1.2822905270920154e+01	2.6036540279164910e+02
697	1.2802844258669735e+01	6.4319895794615149e+01
701	1.1319241034550700e+01	2.2668170976452529e+02
721	1.2841946745520813e+01	5.7753859106451266e+01
732	1.2748787276138460e+01	2.6476694843731821e+02
734	1.2494570487542454e+01	2.0416728811338544e+02
737	1.2340695359611596e+01	2.5325975384563210e+02
738	1.2733033042168735e+01	6.4841926172375679e+01
746	1.2769492550692725e+01	1.5434956203214824e+02
747	1.1873736042827055e+01	2.1148730297572911e+02
752	1.2868850892430002e+01	2.6786204975098372e+02
753	1.2822240867577351e+01	1.1803223798051475e+02
767	1.2206385836382479e+01	9.1675272211432446e-01
772	1.2633767642840512e+01	1.0522767473012208e+02
790	1.1852682561667287e+01	2.1627107262611389e+00
799	1.2760397765131566e+01	1.1836120286956429e+02
21	1.2925688105121429e+01	2.8899270116351545e+02
43	1.2653216069589389e+01	7.9964837422594428e+01
62	1.2482481082640843e+01	1.7750145365484056e+02
73	1.2683462386840469e+01	1.3593036426231265e+02
78	1.2586606576115990e+01	2.2962113231420520e+02
85	1.2822116240489192e+01	2.7100380607880652e+02
124	1.2767658948013603e+01	1.0393841975368558e+02
131	1.2927523822943968e+01	1.5045355377718806e+02
138	1.2773094829457412e+01	2.7067426895722747e+02
159	1.2747040044214552e+01	2.6674400059506297e+02
174	1.2173997327932627e+01	7.7634099125862122e+01
189	1.2864474286147498e+01	2.2438516125082970e+02
193	1.2624013654871661e+01	2.6525212643668050e+02
198	1.2324458371549717e+01	2.7228074049577117e+02
217	1.2897452701687163e+01	3.4607421261258423e+02
218	1.2715638870878680e+01	1.2030667939223349e+02
227	1.2796493458304655e+01	8.6936089089140296e+01
244	1.2650933735103715e+01	2.1198237698525190e+02
274	1.2933294918617930e+01	1.5158691239543259e+02
319	1.2754642688673462e+01	1.9965355731546879e+01
343	1.2758462197552943e+01	1.1572265954688191e+02
350	1.2620661338036635e+01	3.4904322244226933e+02
356	1.2665505106847050e+01	1.8455821288749576e+02
436	1.2835147419190493e+01	3.5797132646664983e+02
444	1.2901978442802980e+01	2.7943726541474462e+02
454	1.2514204028852227e+01	2.6831574423238635e+02
461	1.2692052567344929e+01	3.1482369571924210e+02
482	1.2192184639655769e+01	1.8547799776308236e+02
497	1.2743100343502791e+01	1.3638488151133060e+02
524	1.2277898062522441e+01	2.2569190154783428e+02
532	1.2931905320460887e+01	1.4968516149558127e+02
536	1.2432271402763170e+01	2.0265720896422867e+01
552	1.2593830168070619e+01	9.1178738661110401e+01
562	1.2687744272268455e+01	1.6227320417761803e+02
565	1.2467825898605923e+01	2.7129977384582162e+02
572	1.2720921688097954e+01	2.2413188704289496e+02
578	1.2438232496202447e+01	1.9732429725117979e+02
582	1.2580393081658402e+01	8.9953078860417008e+01
586	1.2683969394552655e+01	1.3689189445227385e+02
592	1.2575303536601574e+01	5.8712192522361875e+01
636	1.2728720506327535e+01	2.6968405212275684e+02
670	1.2767982954112519e+01	1.2084205987863241e+02
685	1.2620806369607919e+01	6.3723374353721738e+01
706	1.2717281716464633e+01	2.1378383296541870e+02
708	1.1552738268592583e+01	1.2616351755335927e+02
783	1.2945137532567559e+01	1.4943725262768567e+02
795	1.2684925710580304e+01	2.1308003774844110e+02
