n	R	alpha	T
626	12.5534	0.75	0
2	1.4993026770144049e+00	4.6124801198020577e+01
250	2.5530214216458536e+00	3.1230628372170031e+02
98	4.8214336507239688e+00	2.7818609160371125e+02
443	4.8848866776836193e+00	1.0104652494192123e+02
569	5.5917801216431284e+00	3.7680699527263641e+01
487	6.3460993113730098e+00	3.2209077911451459e+02
545	6.5462281692293702e+00	4.0283913044258952e+01
38	7.2296696457129075e+00	1.2301671607419848e+01
50	7.3054269165729488e+00	3.0104281911626458e+01
216	7.4451654918908377e+00	1.6543630108237267e+02
106	7.0382870726009399e+00	9.6840377887710929e+01
441	6.4813947756268453e+00	2.1917271198704839e+02
149	6.7335900148422025e+00	4.6717060608789325e+01
219	6.9696245151603797e+00	1.6995003322139382e+02
196	6.8724164294720227e+00	1.5365190379321575e+02
563	6.7385900309135600e+00	3.5099687148816884e+02
236	7.0140458692144669e+00	3.4301920479163527e+02
335	7.4937972646152096e+00	1.1171802174299955e+02
538	6.7930880068227637e+00	3.5294826010242110e+02
393	7.7747335401409652e+00	7.3322758264839649e+01
560	7.5280142689812140e+00	3.1064821989275515e+02
122	7.8079502809182522e+00	1.8353170014917850e+02
133	7.2553643767958498e+00	2.9267818978987634e+02
478	7.7593379918245580e+00	5.1819424638524659e+01
14	7.7642044918616646e+00	1.9238900659605858e+02
371	7.7063919708993280e+00	1.9221636001020670e+02
475	7.9262997408765807e+00	1.1000578106380999e+02
120	7.3400106710991722e+00	1.4267278376966715e+02
121	7.7060087992988757e+00	3.8651510998606682e+01
374	7.9025478740549957e+00	1.1309274916537106e+02
27	8.2350185754019076e+00	9.8297991855069981e+01
165	7.2503154428362171e+00	2.3440340353175995e+02
349	8.0731437987925414e+00	2.1072931674309075e+02
422	7.2328713852392452e+00	2.4480689266696575e+02
426	7.7832210223843843e+00	3.4513196540996432e+02
598	7.7269206937270623e+00	6.6511951563879848e+01
402	7.9839239836246323e+00	2.0311514829285443e+02
525	7.9881552934401521e+00	2.5599431497044864e+02
344	9.4684149192661433e+00	1.7034562435001135e+01
512	8.7365597111286544e+00	9.9169267471879706e+01
144	8.4099210830135185e+00	3.2990755434148014e+02
166	9.0110309717012722e+00	1.4286060696467757e+01
527	8.9196218543603827e+00	2.4635181706398726e+01
640	9.1899881024682077e+00	2.7420919798314571e+01
64	8.5619796577160123e+00	2.7557463859207928e+02
142	8.8037661863177377e+00	5.5201854240149267e+01
183	8.9431114701726049e+00	1.2832692548632622e+02
388	8.7357432977405498e+00	3.1674711769446731e+02
437	8.1654506864094198e+00	2.3532831201329827e+02
602	9.1970438210631773e+00	6.0511079113930471e+01
44	9.5275146120221539e+00	2.6411102721467614e+01
246	8.6632762768083040e+00	5.7142727170139551e+00
295	8.9761398672145827e+00	2.7822615508921444e+02
423	8.9468745284247202e+00	2.1022552379406989e+02
622	1.0331197596032492e+01	1.7087023342028260e+01
55	8.6497261306511231e+00	2.0372833027504387e+02
114	8.9323472041488881e+00	8.2930609490722432e+01
71	9.9090165650210711e+00	1.6127286585979164e+02
145	9.5814516112682426e+00	2.8150504656136036e+02
150	9.0476101820367205e+00	1.0596940987743437e+02
191	8.9315593241522055e+00	2.6208419049158692e+02
222	9.8447390160236576e+00	3.1884834992699325e+02
323	9.5111817328139665e+00	3.2058616261929274e+02
361	9.9615495233463509e+00	1.2944170947186649e+02
372	1.0114392007639514e+01	2.0782060079276562e+02
425	9.6519781336844588e+00	1.2996628945693374e+02
645	9.8565227153293851e+00	7.2528000539168715e+01
141	9.8991038686078081e+00	1.3028560183010995e+02
143	9.7428063913897685e+00	3.3738851733505732e+02
153	1.0430118225020122e+01	2.6628839252516627e+01
408	9.2125588010937438e+00	1.6451204664073884e+02
460	9.7219438357272008e+00	3.2017490940168500e+02
630	1.0928397588277720e+01	1.6174013642594222e+01
635	8.7172028076653572e+00	2.8475285810418433e+02
647	9.1233179945020915e+00	3.0504385152831674e+02
5	9.3791506798936357e+00	1.4276906141079962e+02
178	8.9390743421110450e+00	2.7512698050588369e+02
213	9.7964275341775693e+00	2.8267189012840394e+01
297	9.1820313788310077e+00	8.5755929443985224e+01
526	9.3968842373645902e+00	6.9645805601030588e+01
60	9.5159666499106876e+00	1.9204145743511617e+02
90	9.6683701779406874e+00	2.8330253060907125e+02
212	1.0222499620213718e+01	1.2764780416153371e+02
313	9.6228755282460980e+00	1.5869819590821862e+02
326	1.0048658949608834e+01	7.2075238293036819e+01
332	1.0547693669478887e+01	1.7388004325330257e+01
369	9.8890397454023056e+00	1.6493431619368494e+02
410	9.6002018348198934e+00	2.9376270194537938e+02
421	9.1611612167248406e+00	2.1725807307288053e+02
448	9.9851106693427560e+00	2.8000394543632865e+01
472	1.1439491276464835e+01	1.6141172004863620e+01
554	9.7804474106140216e+00	5.0267251739278436e+01
18	9.9369338621804655e+00	3.3808600617572665e+02
49	9.8348592907635588e+00	1.8892777788452804e+02
123	1.0685318343611122e+01	3.6768683670088649e+01
128	9.7735034472866360e+00	8.4104109965264797e+01
181	1.0474465057261295e+01	3.4350927975028753e+01
370	1.1175597568924692e+01	3.1943089907057583e+02
379	1.0330433157828049e+01	3.0290762233547866e+02
383	1.0434129331583955e+01	9.9304523896425962e+01
450	1.0323315833345690e+01	3.0160939235240221e+02
544	9.9108368794698425e+00	1.1518971752375366e+02
559	9.8380018607118398e+00	1.4284767963923514e+02
625	1.0477999949161118e+01	3.1731425930745905e+02
637	1.0355709214148980e+01	1.6769896122626960e+02
12	1.0437692135605753e+01	1.5964304175227880e+02
26	9.2696306668089203e+00	2.9865721128880978e+02
42	1.0858790503518719e+01	1.6060842024162412e+02
65	1.1721843787407359e+01	1.6324461009353399e+01
72	9.9263563132788146e+00	3.2116891267709434e+02
84	1.0807861774624756e+01	1.2835141807794571e+02
160	1.0650428709187562e+01	1.0752488742582501e+02
184	1.0759542099987160e+01	3.4310812186449766e+01
220	1.0239547778417718e+01	3.7940850080922246e+01
304	1.0119168862891994e+01	1.8802316450513902e+02
390	1.0485739721248414e+01	2.6099284356459975e+02
409	1.1424114763299007e+01	1.3005889641121030e+02
449	1.0092074158952441e+01	2.2150952347554264e+02
462	9.9963553428728726e+00	3.0520439296960831e+02
480	1.1059338422555292e+01	3.1929136552847922e+02
499	1.0582347917403752e+01	4.6010521072894342e+01
500	9.3072453523470973e+00	1.4641303455457091e+02
501	1.0578890843308585e+01	1.2830763177014887e+02
517	1.0228340908472243e+01	2.1003787117078903e+02
4	9.9960243450712660e+00	8.4992031455039978e+01
8	1.1321198606126009e+01	3.3679406614042819e+02
10	1.1394482211691994e+01	1.1277846467681231e+02
19	1.0395652831705116e+01	2.8022012477740645e+02
22	1.1006953639774236e+01	3.3408291684463620e+01
28	1.0190529862882952e+01	2.1327550951391462e+01
53	1.0786055976091392e+01	1.0761483991518617e+02
83	1.1149847308984128e+01	2.7476390060037374e+02
86	1.1422473011352778e+01	3.1728305842727423e+02
89	1.1919801043353511e+01	2.6565123964101076e+01
95	1.0634665554115346e+01	2.7465122418478131e+02
129	1.0852788512197661e+01	3.2960318522527821e+01
152	1.1799630673173164e+01	9.8872255152091384e+01
235	1.1870474161654116e+01	1.1289989892393351e+02
267	1.1491582762232383e+01	1.2953382985666394e+02
276	1.0398799152004761e+01	9.8604116979986429e+01
284	1.0718222201230821e+01	1.0756808063015342e+02
299	1.0279882730868175e+01	1.0123808093369009e+02
352	1.0756381548695948e+01	1.1295193729922175e+02
439	9.7891541347417306e+00	2.5887216967530549e+02
484	1.1497421850907747e+01	3.1692364920862019e+02
509	1.0653247019767161e+01	3.1653783640824253e+02
513	1.0587677179051479e+01	1.8590844562277198e+01
528	1.1494120311187132e+01	3.1667615809477871e+02
549	1.0536758995946608e+01	1.6665123095735905e+02
566	1.1486763870805936e+01	2.0799876778386530e+02
587	1.1167441188503885e+01	1.2992288628593087e+01
588	1.0496588947474615e+01	3.0369833637960255e+02
595	1.0401333064563916e+01	9.8171592336148024e+01
617	1.0425581319601989e+01	3.3658366561867297e+02
620	9.9959843008232170e+00	1.1837493368424474e+02
646	1.0450673123542886e+01	2.5938645022921264e+02
41	1.2166640154603776e+01	1.0745830745436251e+02
57	9.9957763814578566e+00	3.4435283716768026e+02
92	1.1488736494994518e+01	1.2791173076257110e+02
110	1.0210073660841706e+01	1.7009101490490139e+02
119	9.7745501457488597e+00	6.2020208509638906e+01
151	1.2509054103067607e+01	1.2989331174641848e+02
154	1.0718005936929815e+01	5.4769376618787646e+01
164	1.0084123860628187e+01	2.7336556772701442e+02
177	1.0782905466649206e+01	4.7616218877956271e+01
180	1.1936890649132367e+01	2.6733036283403635e+01
186	1.0363890442191309e+01	3.3516465425491333e+02
214	9.8856059162968783e+00	2.4954667132347822e+02
224	1.1133855116513748e+01	1.0133163562975824e+02
247	1.1397655234289930e+01	1.7895965427160263e+01
260	1.2169943182713503e+01	2.6900601424276829e+01
271	1.1023684658170934e+01	4.6870098486542702e+01
277	1.1418137767344914e+01	3.5999018512666225e+00
289	1.2139600395468106e+01	1.5938027026131751e+01
307	1.0565519677984577e+01	3.0492802175693214e+02
309	1.1002036445342140e+01	5.0140817770734429e+01
312	1.0743077074992099e+01	7.8725845199078321e+01
322	1.0615637898977630e+01	1.1492056514136493e+02
355	1.1136021357833869e+01	2.8041200707666576e+02
358	1.2226878257386510e+01	1.6438020123168823e+01
360	1.0949720615945544e+01	3.4848455526866019e+02
411	1.1945476760519947e+01	1.6492146765813231e+01
420	9.9654294113293425e+00	2.6472733019851148e+02
465	1.0994836467449835e+01	1.0136980421841145e+02
469	1.1011380227066830e+01	2.7803351984359324e+02
481	1.2351554518496060e+01	3.1926309278234839e+02
531	1.0175962690951055e+01	3.4387566187418997e+02
551	1.1691656505944520e+01	1.3351668510586023e+01
581	1.0374886526987416e+01	8.8891374785453081e+01
583	1.0901614159761015e+01	2.2167480907402935e+02
594	1.0499198165159155e+01	1.9486532815732062e+02
596	9.9570017105848070e+00	1.7757657621055841e+02
599	9.6232244463335945e+00	3.3145104400813580e+02
614	9.7951681921589575e+00	1.3531795701943338e+02
619	1.1345940708513462e+01	1.6070772760547698e+02
631	1.2136804522794890e+01	1.2964775668457150e+02
638	1.1315575034076177e+01	2.9637394901365042e+01
3	1.0958939237168105e+01	3.5965458554215735e+02
16	1.1388460347771897e+01	1.6459373130463064e+02
30	9.4630581491350849e+00	2.1350358604453504e+02
31	1.1400551022987528e+01	2.4179547300562263e+02
35	1.1015816697321290e+01	5.1163247851654887e+01
56	1.1813674653520977e+01	2.2101779459975660e+02
61	1.1378043493695431e+01	3.4197772809304291e+02
63	1.1378440262141737e+01	1.9461618304252625e+02
70	1.2417981087146144e+01	1.9468374897725880e+02
75	1.0154950292139169e+01	2.3482759614475071e+02
79	1.2126546125431561e+01	4.5473357085138559e+01
126	1.1763291570806125e+01	3.4836045322939748e+02
135	1.0611686922016322e+01	2.5826097671873868e+02
146	1.0569476952195229e+01	2.2187841941602525e+02
147	1.2102443222751257e+01	1.2959796851500871e+01
156	1.0377561356932075e+01	3.3793621125631029e+02
167	1.1592521878089281e+01	2.9299549025483429e+02
168	1.1886440198218041e+01	2.7452632955275476e+02
190	1.0774717971792063e+01	1.1682630012743175e+02
201	1.1772497380190565e+01	7.3263714378699675e+01
233	1.0883621897214461e+01	4.5549416989088058e+01
234	1.1603190560133681e+01	3.4201559057459235e+02
238	1.1439749533657428e+01	8.9532071957364693e+01
240	1.1014672310089374e+01	8.4696597615256906e+01
243	1.0297352443260825e+01	6.8853697227314115e+01
261	1.2349730082024257e+01	1.3129092771559955e+01
269	1.1367558193212536e+01	8.3407429140061140e+00
285	1.2344414143798867e+01	1.9465903401374814e+02
293	1.1534734186735962e+01	2.9223774491809309e+02
305	1.1538078959716794e+01	3.2539653458632529e+02
310	1.2436887487149370e+01	1.9450964218005538e+02
341	1.2484756273429769e+01	7.2097706068307161e+01
357	1.1477533189147225e+01	2.2149537591263655e+02
387	1.1509498509595341e+01	7.2170914029702544e+01
398	1.1658804132181144e+01	3.2529667208902538e+02
416	1.2330232456030670e+01	9.9865967659279704e+01
431	1.1489253677348346e+01	2.1072707475163040e+02
435	1.1339961129780901e+01	2.8062006770633161e+02
459	1.0218469474905788e+01	1.7629185936413705e+02
463	1.0779772800537364e+01	2.3318058771081272e+02
479	1.1686954391149703e+01	1.1008736640214919e+02
486	1.0903885830182078e+01	1.2003813511691988e+02
493	1.0691715798335183e+01	3.4163172572851175e+02
495	1.2459328732358209e+01	3.1913981418125331e+02
502	1.1010997144634558e+01	5.4416173696517944e+01
505	1.1376531122313468e+01	3.4312356149777776e+02
507	1.0305437575839022e+01	1.5818559718318284e+02
515	1.1622078254745091e+01	2.8030982606112957e+02
523	1.2415264139836177e+01	2.7508462012745440e+02
529	1.1247542404695116e+01	1.1514560792595148e+02
534	1.2295726306858127e+01	5.9770252732560039e+01
539	1.1165446339351702e+01	2.7777505648322403e+02
541	1.2134040748068957e+01	2.1070159535855052e+02
543	1.1510750890286998e+01	2.2087950241751972e+02
546	1.2184537622729458e+01	1.1268527015112340e+02
555	1.1003024217988445e+01	6.5055444929748774e+00
574	1.2026883115012927e+01	2.9262788831256330e+02
626	1.1874570477805669e+01	2.9266406938433647e+02
628	1.1954765667620904e+01	1.1035822416655719e+02
639	1.0948977903642827e+01	7.1987401144579053e+01
642	1.1228663587855428e+01	2.5954968770965934e+02
644	1.1613651353300446e+01	2.0752150909043849e+02
6	1.0313542809883204e+01	1.3964786647818985e+02
47	1.0919945683010992e+01	3.2521326167508960e+02
48	1.0893178888046529e+01	4.3016570555046208e+01
54	1.1606773543707584e+01	2.1038008457981053e+02
66	1.2007141628597294e+01	5.0387803288176656e+01
69	1.1842242951741575e+01	3.1792516979388893e+02
76	1.2453087506724520e+01	1.3005396843887866e+02
99	1.1910007743203360e+01	5.5054736081510775e+01
103	1.1181446778381931e+01	1.6943068983033299e+02
105	1.1923364926207407e+01	1.6826136672869325e+02
111	9.9057289868034832e+00	2.6739533775486052e+02
117	1.2446627016166053e+01	1.7749528465792537e+01
127	1.2324197500885452e+01	1.0019478335045279e+02
161	1.1612716193036904e+01	7.3568924702703953e+01
162	1.1916065046136525e+01	3.5343238860368723e+02
163	1.2303375440072218e+01	3.2148763622157276e+02
170	1.1023594187913707e+01	1.9145752066746354e+02
187	1.1957357564819210e+01	2.0757031842134893e+02
188	1.1693624731593848e+01	3.0227227608673275e+02
194	1.2424478608895548e+01	5.9546200605109327e+01
197	1.0619600422082804e+01	2.6228066280484200e+02
205	1.1591550148754507e+01	6.0102573316544294e+01
221	1.1083939997848292e+01	1.8110732752829790e+02
232	1.2253608844241343e+01	2.0774434785358608e+02
237	1.1857891135027957e+01	7.8621564600616693e+01
249	1.2440223996679322e+01	2.0768542701378465e+02
262	1.2178907067819269e+01	2.8418394288048148e+02
265	1.1045742730007847e+01	9.5113189509138465e+01
266	1.2021113525462686e+01	1.6825582972727713e+02
270	1.1336933912777445e+01	1.9140051836147904e+02
283	1.0809245141165400e+01	5.9265952091664076e+00
288	1.1809886955669434e+01	3.0076684830710288e+01
301	1.2375338928499021e+01	2.6324392100796107e+01
302	1.2055685218467373e+01	2.3771948274224999e+02
306	1.1135537231371790e+01	1.7105498548597097e+02
311	1.2427148049480143e+01	1.6815071345306930e+02
314	1.0360638861726070e+01	1.7290014588274059e+02
318	1.0695145038174052e+01	2.4233302046544850e+02
324	1.1671044525082893e+01	2.8453446786850697e+02
350	1.2205399952389868e+01	3.4904322244226933e+02
351	1.2137027031057896e+01	1.0939623397774994e+02
353	1.0742823116292973e+01	8.1526180962100639e+01
375	1.1215598035389860e+01	2.6140983729623258e+02
381	1.1830882891609592e+01	9.7157264873385429e+01
385	1.0769018940918038e+01	2.3283140910789368e+02
392	1.0936710866421889e+01	1.7604262833483514e+02
395	1.2327059228535312e+01	5.9648270476609476e+01
396	1.1267209648225984e+01	1.8107875169254837e+02
405	1.2481584619379332e+01	2.9827966187149286e+01
406	1.0543989938785492e+01	1.8206143948249519e+02
413	1.2071827857445626e+01	1.6506834416650236e+02
417	1.1424580945668348e+01	2.9439662000164390e+02
419	1.1930054187531942e+01	4.0609142370522022e+00
430	1.1496100626379674e+01	3.5357125016860664e+02
432	1.1569654860801068e+01	2.4153552453964951e+02
438	1.2211677306588522e+01	1.3474058378487825e+01
442	1.1728619015563517e+01	3.8236062722280629e+01
445	1.2420929276732972e+01	3.2045986946672201e+02
458	1.0704871198663431e+01	2.3006123067811131e+02
464	1.2287373069248590e+01	2.1080831718631089e+02
471	1.1215647285992709e+01	3.3156643020920455e+02
488	1.1819786156827561e+01	7.3613896714523449e+01
489	1.0998508355688470e+01	2.9505767673254019e+02
490	1.1674684338308666e+01	3.0198162646964192e+02
503	1.0228689509830936e+01	3.0833030280657113e+02
504	1.1888120299052716e+01	3.6722752097994089e+01
511	1.1150188205672421e+01	1.4369522323831916e+02
514	1.2007759823323932e+01	4.9937263252213597e+01
547	1.1034427614764995e+01	3.5781763798557222e+02
548	1.2532425262383493e+01	5.9678703323006630e+01
558	1.2205246303861566e+01	1.2798298037610948e+02
573	1.1977412259735580e+01	1.6491634262725708e+02
575	1.1823809865102019e+01	8.9374040979892015e+01
579	1.1163268246077513e+01	8.9109557652845979e+01
585	1.1421370842664947e+01	1.8873932512477040e+02
600	1.2028594744686240e+01	2.3762266941368583e+02
608	1.0968537445041688e+01	1.7058135724626484e+02
611	1.2447250331340543e+01	3.6259652534499764e+01
616	1.0109720646345744e+01	1.4656703090295196e+02
618	1.1432060669829276e+01	1.9176381980068984e+02
624	1.2177535969521836e+01	3.2516319975256920e+02
632	1.2478428731256534e+01	2.7366329217329618e+01
641	1.2419793543264674e+01	3.2128698670305312e+02
0	1.1387556799506745e+01	3.5898653092794120e+02
7	1.1137037056402145e+01	2.4110857453197244e+02
9	1.1729087754575168e+01	3.0467193055897951e+02
20	1.2257177870143716e+01	2.5774938390590250e+02
33	1.1715033347275670e+01	7.1118321670219302e+01
45	1.1482742979833889e+01	1.6892586892470717e+02
46	1.2425622998917538e+01	3.4622013224288821e+01
51	1.2037009093142537e+01	3.3007008036598569e+02
52	1.0483650925640948e+01	3.2776141673326498e+02
58	1.1848478931961772e+01	9.3952433299273238e+01
59	1.2077474460417585e+01	8.3165551722049713e+01
74	1.1324249771015531e+01	1.9383289008401334e+02
81	1.1924032126603116e+01	2.3318978249095377e+02
93	1.1823556442229149e+01	3.3906130121089512e+02
94	1.1358852735872498e+01	1.3672918444499376e+02
96	1.2417948037724777e+01	2.7777419834397733e+02
97	1.1812657065481501e+01	1.0848978018388151e+02
100	1.1062013807176008e+01	2.0830821549519897e+02
104	1.2425534437037173e+01	2.7525332537479699e+02
113	1.2071861654974535e+01	1.6715214271098372e+02
125	1.1729123214235251e+01	8.3433046834543347e+01
136	1.2267725072531528e+01	2.2066131250932813e+02
137	1.1290938812300498e+01	1.5368753652088344e+02
148	1.1779813717935610e+01	2.3555655777454373e+02
158	1.2512830087152523e+01	1.8006510408595204e+01
171	1.2538145159073723e+01	3.9360982943326242e+01
204	1.1298296282138033e+01	1.0602415678091347e+02
206	1.1881994222596743e+01	8.6765850707888603e+00
208	1.2451178638760361e+01	2.9100194787606597e+02
225	1.2471073930738690e+01	1.2765048712491989e+02
245	1.1898916499636911e+01	1.7329246345907453e+01
248	1.2037467153465839e+01	1.4378950489684939e+02
253	1.2517992374135190e+01	2.9611766980960962e+01
273	1.1429168963827964e+01	6.0419087558984764e+01
278	1.1128469103278803e+01	7.9151867330074296e+01
280	1.2382990710420431e+01	3.3655399116687477e+02
298	1.2530302340891616e+01	1.5990459099411963e+01
308	1.1855711747343364e+01	3.0196058713831007e+02
317	1.0461857050085070e+01	1.8196701508015394e+02
320	1.1383801698749423e+01	5.6728666182607419e+01
321	1.1909014140996051e+01	2.1783716501668098e+02
328	1.1741873707708173e+01	5.6238059811294079e+01
330	9.9758122805462293e+00	3.5570328396745032e+02
336	1.1052669081550571e+01	1.4145849628373983e+02
365	1.1951389731574023e+01	7.3100823741406202e+01
367	1.1746913265596234e+01	2.3731198746711016e+02
368	1.1698077431335300e+01	2.9126780658960342e+02
384	1.0693528899649694e+01	8.1140571339055896e+01
386	1.2170210907619532e+01	3.3160808843560517e+02
397	1.2169652640458731e+01	2.8352916260249913e+02
399	1.1734359094195410e+01	7.9028672045096755e+01
407	1.0793688350595700e+01	2.4998646684922278e+02
415	1.1125001814730785e+01	3.2746930137276649e+02
427	1.2178517373353392e+01	3.5529941294342279e+02
428	1.1314743623092680e+01	1.3936875388026237e+02
455	1.2137157854124952e+01	9.5237752469256506e+01
457	1.1334921133099678e+01	2.0654348608106375e+02
467	1.0791524633877286e+01	2.8787802949547768e+02
470	1.2428813765460360e+01	4.4740814538672566e+01
473	1.1661802813589318e+01	8.2297731377184377e+01
483	1.2059194369672342e+01	9.6151518216356635e+01
492	1.1417430956588555e+01	5.8297643791884184e+01
506	1.2282910059405738e+01	6.0052974661812179e+01
519	1.2549073069946553e+01	3.8758994489908225e+01
522	1.2521008327176469e+01	1.0951589721255004e+02
535	1.1943011731146662e+01	2.2493054863996804e+02
540	1.1608124927141645e+01	7.5359676992520690e+01
553	1.1529422899696868e+01	3.1327655741013587e+02
556	1.1641422278375904e+01	2.4829702092334625e+02
561	1.1679352387450885e+01	3.3561258265748620e+02
568	1.1967533390009480e+01	2.9077165198512375e+02
577	1.1781748455393851e+01	2.9002007606439292e+02
584	1.2211548009140941e+01	9.4296061741188169e+01
597	1.1253379010892706e+01	2.6421947688795632e+02
603	1.0604392525122996e+01	2.4687129112891853e+02
607	1.1765851306964089e+01	2.5014427620917559e+01
610	1.1444748469792414e+01	2.2244344065897167e+02
627	1.2167998428746847e+01	3.4568194264546037e+02
633	1.1414573322365555e+01	3.3315342086367309e+02
643	1.1708849336940240e+01	1.6116740098223090e+02
1	1.2116087878980766e+01	3.3572065003216261e+02
11	1.2049486579026594e+01	1.8883733857423067e+02
13	1.2380138411268854e+01	8.2647799216210842e+01
23	1.2063233766699106e+01	1.8653491736389694e+02
24	1.2377512076767646e+01	3.1140728831291199e+02
29	1.2380176465762885e+01	2.4139009483158591e+02
34	1.2062375702985612e+01	1.0426667176187037e+02
36	1.2051977115479987e+01	2.8199321011081338e+02
39	1.2170160974940494e+01	2.2465079398825767e+02
67	1.1668541229585875e+01	2.8526528852060437e+02
77	1.1145514467500730e+01	2.0556308235973120e+02
82	1.2171578528573148e+01	1.2741807304322720e+02
87	1.2505692165063303e+01	4.2009099572896957e+00
101	1.1699677152453029e+01	3.2428783737123013e+00
109	1.2549834437141392e+01	2.5229338109493252e+01
112	1.2460378866039653e+01	6.9104187386110425e+01
116	1.2176776274487858e+01	7.5084590977057815e+01
130	1.1840433312309719e+01	2.0522399682551622e+02
134	1.2256991579642483e+01	1.0431360061280428e+02
139	1.2164778686386546e+01	1.5401254867203534e+02
140	1.1771508171384490e+01	1.5421766742132604e+02
155	1.2158885222048857e+01	5.8182670651003725e+01
169	1.1801391544745618e+01	1.6390168919228014e+02
173	1.1264145630477550e+01	1.8316394590772688e+02
175	1.2161586061682803e+01	3.2991973299533129e+02
176	1.2018018013218528e+01	1.6637490534223616e+02
182	1.2174793232701283e+01	5.8393984045833356e+01
185	1.2263836972148637e+01	5.1574682453647249e+01
192	1.2143093102604984e+01	1.8818518493324518e+02
199	1.2483647468473869e+01	1.4314005970023572e+02
203	1.1961739030981859e+01	3.3348625601269299e+02
223	1.2271659298784362e+01	1.9237584122456613e+02
228	1.2328470819026878e+01	8.5982734523713589e+00
241	1.2402376454327102e+01	2.9343602062202990e+02
251	1.2522059763669256e+01	2.8301840529777110e+02
252	1.1251602566835302e+01	9.1692989040166140e+01
254	1.1882888610264246e+01	5.6792158680036664e+01
255	1.2303158190047879e+01	7.5417437106370926e+01
268	1.1271005169745720e+01	8.6478347741067424e+01
281	1.2418630264929542e+01	2.8155312708579009e+02
282	1.2004981440649127e+01	1.8633383542299271e+02
291	1.2206516106613336e+01	6.9547505490481853e+00
292	1.1801406912454141e+01	2.4131538290530443e+01
294	1.1125915222505602e+01	2.2906462088227272e+02
300	1.2275553220965682e+01	3.1143226906657219e+02
315	1.1628320209461933e+01	1.1998234994709490e+02
316	1.2131289030654024e+01	3.2085647899657483e+00
325	1.1567055222798182e+01	7.8299718797206879e+01
333	1.1680044247099161e+01	3.2366303991526365e+02
334	1.2231208211001679e+01	2.5751864972524345e+02
337	1.2372228283096833e+01	2.9082142682746056e+01
339	1.1728156933193153e+01	3.6478076130151749e-01
340	1.2362550649083573e+01	2.2486697282642123e+02
346	1.2084615397907234e+01	2.7333072029985487e+02
347	1.1895011448015927e+01	1.4626954835839570e+02
354	1.1942353090484398e+01	2.4204044141806659e+02
359	1.2540645058129357e+01	1.6059582198970020e+02
373	1.2162127437033520e+01	3.3029938694089651e+02
376	1.2355978317396213e+01	2.8988490211777389e+02
389	1.1651940649754906e+01	1.6769077319651842e+02
391	1.2253609938680102e+01	1.0903367551043630e+02
394	1.1857781183241649e+01	3.1901853298768401e+01
403	1.2095692240134291e+01	4.7674668235704303e+01
404	1.1532705213526247e+01	1.3395156254991889e+02
412	1.2260866357496726e+01	1.3961800402030349e+02
424	1.1514181724698171e+01	2.0646755240857601e+02
433	1.1558263025162717e+01	3.1052355961874127e+01
434	1.2261198514487271e+01	3.5692220480181277e+02
447	1.2435386341869133e+01	2.5765485615469515e+02
468	1.1716252947572258e+01	1.8058904260396957e+02
474	1.2469341376681788e+01	3.0329508637078106e+02
491	1.2437033400522969e+01	1.8820657202973962e+02
518	1.1805753148446158e+01	3.3412457574158901e+02
521	1.1859891331009157e+01	5.6157298665493734e+01
530	1.2520135175333516e+01	2.1761280208826065e+02
533	1.2200607951234419e+01	7.0520962458103895e+01
542	1.1543060814573822e+01	1.5832370395772159e+02
557	1.2027181031266295e+01	3.1358799926005304e+02
565	1.2052573681867683e+01	2.7129977384582162e+02
580	1.2345864210786550e+01	3.8778455089777704e+00
582	1.2165134010777940e+01	8.9953078860417008e+01
590	1.0986463519042248e+01	3.5153315386734903e+02
604	1.0458212301867434e+01	2.1664956961758435e+02
605	1.2438382257685490e+01	2.3578601195476952e+02
606	1.2099308905620390e+01	1.8636985690332949e+02
613	1.1569540003855034e+01	2.4468711158260703e+01
615	1.2521082743291791e+01	2.7822039563208818e+02
629	1.1866054820914952e+01	3.3417610290460283e+02
649	1.0765846046641080e+01	2.1831903845071793e+02
15	1.2020474909433082e+01	3.2902632806450129e+02
17	1.1777365347150107e+01	1.5505148523487151e+02
25	1.2404938917417311e+01	2.9849288784898818e+02
40	1.2538475399614434e+01	2.3782886087894437e+02
68	1.2477421889261651e+01	1.0728489635512233e+01
80	1.2387992224618650e+01	2.4847365226596594e+02
85	1.2406844268146385e+01	2.7100380607880652e+02
107	1.2455856667193357e+01	2.9940933220088482e+02
115	1.2179579296363995e+01	1.8296911351382735e+02
124	1.2352389681629470e+01	1.0393841975368558e+02
131	1.2512246916710984e+01	1.5045355377718806e+02
159	1.2331771831560012e+01	2.6674400059506297e+02
172	1.1826676943745982e+01	5.2571787703782320e+01
179	1.1228411626505597e+01	7.6584130134433508e+01
189	1.2449200284136781e+01	2.2438516125082970e+02
195	1.2459487451347377e+01	2.4734098758548501e+02
198	1.1909215765236850e+01	2.7228074049577117e+02
200	1.2485275667550409e+01	3.3307203887030477e+02
207	1.1755373851319227e+01	1.6272057836875322e+02
210	1.1314828463742364e+01	2.1931451576761901e+02
211	1.2503510747776831e+01	1.2545180730521677e+01
215	1.1644438588526706e+01	4.5765598677098751e+00
217	1.2482177163486933e+01	3.4607421261258423e+02
218	1.2300372294608593e+01	1.2030667939223349e+02
226	1.1831883580101719e+01	3.2266088951379061e+02
227	1.2381222745388540e+01	8.6936089089140296e+01
229	1.2420914962434928e+01	3.4766164977103472e+02
230	1.1517944502492563e+01	1.5478844275698066e+02
239	1.2268146730212962e+01	3.1096864781342447e+02
256	1.1815052828293027e+01	1.5025780566036701e+02
258	1.0882956761415491e+01	2.5195825089700520e+02
263	1.2074229937409951e+01	3.2419027696363628e+02
272	1.1920280484586867e+01	2.0212522516027093e+02
275	1.2034975841390667e+01	2.4648764689452949e+02
279	1.2251997419125617e+01	1.1504238881170750e+01
286	1.1701336495956632e+01	3.0955808498896658e+02
287	1.2259533974740870e+01	6.6641148962080479e+01
290	1.1679170860756974e+01	1.5977087398990989e+02
296	1.1256350162924932e+01	2.5404557143338025e+02
303	1.1802897331308955e+01	6.7456288626417518e+01
319	1.2339374085588252e+01	1.9965355731546879e+01
329	1.1987605797665635e+01	1.8372995747253296e+02
331	1.2172617272377614e+01	5.2089086389169097e+01
342	1.2299229947684504e+01	2.2504017228260636e+02
345	1.1981820145960389e+01	2.6041131064295769e+02
364	1.2519301621222938e+01	3.4777676288969820e+02
366	1.2545268725996173e+01	3.5741756429895759e+02
377	1.2063917318823279e+01	1.7282265359535810e+02
378	1.2060573102891853e+01	1.7552677416242659e+02
380	1.1464799896585744e+01	1.9998991336673498e+02
401	1.2262521622656246e+01	9.2809041542932391e+01
418	1.2295357542196152e+01	2.3627370938658717e+02
429	1.2164451872050345e+01	3.0102480204775929e+02
436	1.2419874815553982e+01	3.5797132646664983e+02
444	1.2486702696735000e+01	2.7943726541474462e+02
446	1.2249200364427203e+01	1.8381575044244531e+02
451	1.1921515611294206e+01	2.5056194183416662e+02
453	1.2539949559090552e+01	3.1002827086485922e+02
454	1.2098948917942122e+01	2.6831574423238635e+02
456	1.2426646268792133e+01	3.5991688253358006e+02
466	1.2529760107513638e+01	3.5699544142931705e+02
477	1.2399581970683576e+01	2.3401929150335491e+02
494	1.1232760403841240e+01	2.1401667259633541e+01
496	1.2466472843948317e+01	2.0676392007619143e+02
510	1.1813910244903264e+01	1.7224212407134470e+02
516	1.1679182056142347e+01	6.4099208079278469e+01
520	1.2283699526394264e+01	1.6295195485465226e+02
536	1.2017021473922549e+01	2.0265720896422867e+01
537	1.1566332501207825e+01	1.1827901688404383e+02
550	1.1110343191181146e+01	2.2878617824986577e+02
552	1.2178570316994650e+01	9.1178738661110401e+01
562	1.2272479182318124e+01	1.6227320417761803e+02
567	1.2434678831954649e+01	4.8458214914426215e+01
570	1.1587258661717820e+01	1.2078406440094113e+02
571	1.2351288477012389e+01	2.0317119489423931e+02
572	1.2305654833825812e+01	2.2413188704289496e+02
576	1.0828396522457837e+01	1.5219566294923425e+02
589	1.2200277264559034e+01	1.6198789886198938e+02
591	1.2139786826315826e+01	2.0681005893275142e+01
592	1.2160044763293230e+01	5.8712192522361875e+01
593	1.0543773093037174e+01	6.5733943898230791e+01
601	1.2255565341560098e+01	2.4842713077552617e+02
612	1.2089409742759445e+01	1.0177020924165845e+01
623	1.1966570183070894e+01	1.6149870584718883e+02
648	1.1650381342706572e+01	2.0467951836995783e+02
21	1.2510411281520030e+01	2.8899270116351545e+02
43	1.2237952863002775e+01	7.9964837422594428e+01
62	1.2067227940463800e+01	1.7750145365484056e+02
73	1.2268197527808537e+01	1.3593036426231265e+02
78	1.2171347143485184e+01	2.2962113231420520e+02
91	1.2484311650471824e+01	2.3064237702637907e+01
102	1.2391964563698643e+01	2.5525530804879966e+02
118	1.2099702838778851e+01	1.8679027514532208e+02
138	1.2357825287975439e+01	2.7067426895722747e+02
157	1.1830382046976810e+01	1.3360820232890546e+02
174	1.1758765982588292e+01	7.7634099125862122e+01
193	1.2208752079654436e+01	2.6525212643668050e+02
202	1.2435869866334825e+01	2.8809758741408582e+00
231	1.1747586825236802e+01	1.2466386406682432e+02
244	1.2235670654735026e+01	2.1198237698525190e+02
264	1.2359271881045977e+01	1.6787926107645037e+00
274	1.2518017753348948e+01	1.5158691239543259e+02
327	1.1920037962966704e+01	2.4495842406526208e+02
343	1.2343193399156819e+01	1.1572265954688191e+02
348	1.2255296503189454e+01	2.5356061002239588e+02
356	1.2250241224350958e+01	1.8455821288749576e+02
414	1.2198411541290000e+01	2.6486356236040587e+02
440	1.1912960644778513e+01	2.4772179638966921e+02
452	1.2421529083018074e+01	1.9982136687263846e+02
461	1.2276787245799023e+01	3.1482369571924210e+02
482	1.1776951864665415e+01	1.8547799776308236e+02
497	1.2327832334047182e+01	1.3638488151133060e+02
508	1.2081503429149116e+01	5.7749899914488196e+01
586	1.2268704508139516e+01	1.3689189445227385e+02
636	1.2313453243659325e+01	2.6968405212275684e+02
