2 857
2 339
2 938
2 767
2 910
2 264
2 928
2 790
2 846
2 316
2 202
2 101
2 854
2 580
2 419
2 87
2 277
2 215
2 888
2 768
2 291
2 269
2 206
2 228
2 612
2 68
2 682
2 279
2 211
2 587
2 551
2 261
2 147
2 438
2 472
2 298
2 289
2 411
2 358
2 65
2 245
2 247
2 158
2 117
2 319
2 536
2 591
2 494
2 689
2 869
2 793
2 771
2 91
2 863
2 904
2 757
2 613
2 292
2 705
2 658
2 109
2 607
2 923
2 301
2 89
2 798
2 632
2 180
2 260
2 337
2 879
2 638
2 288
2 253
2 405
2 745
2 730
2 433
2 394
2 880
2 781
2 46
2 611
2 913
2 717
2 504
2 442
2 519
2 171
2 470
2 79
2 720
2 403
2 567
2 834
2 66
2 514
2 185
2 773
2 331
2 172
2 937
2 892
2 766
2 99
2 328
2 521
2 320
2 254
2 828
2 721
2 508
2 492
2 155
2 825
2 592
2 182
2 395
2 194
2 548
2 831
2 506
2 534
2 273
2 205
2 818
2 685
2 697
2 516
2 738
2 287
2 942
2 303
2 698
2 112
2 533
2 33
2 387
2 341
2 365
2 201
2 161
2 488
2 673
2 116
2 540
2 255
2 179
2 917
2 174
2 769
2 325
2 237
2 399
2 43
2 919
2 878
2 899
2 679
2 473
2 13
2 125
2 59
2 268
2 227
2 754
2 802
2 575
2 582
2 238
2 552
2 252
2 401
2 58
2 709
2 584
2 455
2 483
2 949
2 381
2 152
2 688
2 785
2 204
2 97
2 479
2 10
2 529
2 537
2 570
2 924
2 838
2 881
2 890
2 555
2 283
2 792
2 821
2 703
2 630
2 622
2 332
2 809
2 513
2 28
2 883
2 889
2 153
2 448
2 213
2 796
2 129
2 22
2 184
2 181
2 220
2 123
2 48
2 700
2 731
2 719
2 233
2 499
2 177
2 271
2 764
2 309
2 775
2 35
2 782
2 502
2 154
2 593
2 849
2 944
2 243
2 699
2 645
2 639
2 326
2 762
2 312
2 278
2 353
2 384
2 240
2 4
2 579
2 581
2 911
2 794
2 667
2 662
2 265
2 595
2 383
2 276
2 299
2 224
2 465
2 53
2 929
2 284
2 160
2 776
2 710
2 352
2 322
2 544
2 190
2 620
2 486
2 708
2 212
2 695
2 84
2 501
2 361
2 141
2 920
2 614
2 6
2 336
2 559
2 788
2 933
2 511
2 712
2 616
2 676
2 576
2 900
2 507
2 12
2 42
2 71
2 806
2 922
2 369
2 549
2 637
2 858
2 110
2 314
2 459
2 596
2 317
2 406
2 304
2 823
2 693
2 49
2 659
2 594
2 664
2 832
2 817
2 372
2 517
2 604
2 449
2 146
2 75
2 840
2 603
2 947
2 214
2 847
2 135
2 439
2 646
2 390
2 197
2 420
2 111
2 164
2 95
2 19
2 467
2 833
2 489
2 450
2 751
2 588
2 379
2 307
2 842
2 779
2 462
2 503
2 748
2 625
2 509
2 222
2 480
2 760
2 72
2 47
2 696
2 815
2 415
2 52
2 186
2 801
2 617
2 156
2 18
2 493
2 871
2 531
2 777
2 57
2 733
2 360
2 590
2 940
2 655
2 836
2 330
2 547
2 3
2 246
2 166
2 344
2 853
2 741
2 527
2 640
2 44
2 694
2 873
2 870
2 554
2 142
2 602
2 119
2 526
2 936
2 114
2 128
2 827
2 297
2 512
2 150
2 183
2 425
2 5
2 500
2 313
2 408
2 868
2 60
2 763
2 55
2 423
2 30
2 421
2 877
2 727
2 191
2 930
2 178
2 64
2 907
2 295
2 90
2 653
2 145
2 635
2 410
2 941
2 26
2 647
2 388
2 323
2 460
2 651
2 875
2 657
2 599
2 144
2 143
2 38
2 887
2 50
2 121
2 478
2 598
2 393
2 27
2 106
2 335
2 475
2 374
2 948
2 120
2 216
2 122
2 14
2 371
2 402
2 349
2 437
2 165
2 422
2 525
2 909
2 133
2 560
2 932
2 669
2 426
2 902
2 744
2 545
2 149
2 810
2 196
2 219
2 739
2 441
2 765
2 487
2 236
2 563
2 538
2 677
2 569
2 443
2 690
2 98
2 250
250 895
250 921
250 872
250 515
250 435
250 36
250 324
250 262
250 67
250 21
250 376
250 577
250 568
250 208
250 368
250 800
250 293
250 728
250 626
250 574
250 167
250 851
250 666
250 241
250 417
250 915
250 25
250 680
250 107
250 429
250 308
250 188
250 490
250 474
250 665
250 9
250 905
250 736
250 850
250 743
250 286
250 453
250 797
250 239
250 300
250 931
250 24
250 722
250 557
250 553
250 927
250 461
250 484
250 528
250 86
250 69
250 495
250 481
250 370
250 445
250 641
250 163
250 226
250 650
250 333
250 263
250 624
250 305
250 398
250 770
250 711
250 15
250 778
250 373
250 175
250 51
250 729
250 897
250 386
250 471
250 861
250 633
250 200
250 203
250 629
250 518
250 561
250 1
250 280
250 8
250 807
250 724
250 93
250 837
250 735
250 718
250 702
250 61
250 234
250 505
250 891
250 881
250 890
250 283
250 821
250 622
250 332
250 809
250 513
250 28
250 448
250 213
250 700
250 719
250 764
250 75
250 840
250 603
250 947
250 214
250 847
250 135
250 439
250 646
250 390
250 197
250 420
250 111
250 164
250 83
250 95
250 539
250 816
250 469
250 355
250 19
250 467
250 833
250 489
250 841
250 450
250 751
250 588
250 379
250 307
250 842
250 779
250 462
250 503
250 748
250 625
250 509
250 222
250 480
250 760
250 72
250 47
250 696
250 815
250 415
250 52
250 186
250 801
250 617
250 156
250 18
250 493
250 871
250 531
250 777
250 57
250 733
250 360
250 590
250 940
250 655
250 836
250 330
250 547
250 3
250 246
250 166
250 344
250 853
250 741
250 527
250 640
250 44
250 694
250 873
250 870
250 554
250 142
250 602
250 119
250 526
250 936
250 114
250 827
250 297
250 512
250 150
250 183
250 5
250 500
250 408
250 868
250 60
250 763
250 55
250 423
250 30
250 421
250 877
250 727
250 191
250 930
250 178
250 64
250 907
250 295
250 90
250 653
250 145
250 635
250 410
250 941
250 26
250 647
250 388
250 323
250 460
250 651
250 875
250 657
250 599
250 144
250 143
250 38
250 887
250 50
250 121
250 478
250 598
250 393
250 27
250 106
250 335
250 475
250 374
250 948
250 120
250 216
250 122
250 14
250 371
250 402
250 349
250 437
250 165
250 422
250 525
250 909
250 133
250 560
250 932
250 669
250 426
250 902
250 744
250 545
250 149
250 810
250 196
250 219
250 739
250 441
250 765
250 487
250 236
250 563
250 538
250 677
250 569
250 443
250 690
250 98
98 895
98 921
98 820
98 872
98 138
98 565
98 85
98 198
98 346
98 683
98 814
98 943
98 168
98 104
98 884
98 523
98 939
98 615
98 96
98 835
98 444
98 515
98 435
98 281
98 36
98 251
98 654
98 397
98 324
98 262
98 67
98 847
98 439
98 646
98 390
98 197
98 420
98 111
98 164
98 83
98 95
98 539
98 816
98 469
98 355
98 19
98 467
98 833
98 751
98 877
98 727
98 191
98 930
98 178
98 64
98 907
98 295
98 90
98 653
98 145
98 635
98 410
98 941
98 26
98 647
98 388
98 875
98 657
98 144
98 38
98 50
98 948
98 14
98 371
98 402
98 349
98 437
98 165
98 422
98 525
98 909
98 133
98 560
98 932
98 669
98 426
98 744
98 545
98 149
98 810
98 196
98 219
98 739
98 441
98 765
98 487
98 236
98 563
98 538
98 677
98 569
98 443
98 690
443 238
443 252
443 678
443 58
443 786
443 709
443 584
443 455
443 483
443 949
443 381
443 152
443 688
443 416
443 127
443 785
443 124
443 134
443 34
443 772
443 204
443 812
443 41
443 97
443 391
443 351
443 628
443 479
443 10
443 4
443 579
443 581
443 911
443 794
443 667
443 662
443 265
443 595
443 383
443 276
443 299
443 224
443 465
443 53
443 929
443 284
443 160
443 776
443 710
443 352
443 322
443 544
443 190
443 620
443 142
443 526
443 936
443 114
443 128
443 827
443 297
443 512
443 150
443 183
443 425
443 38
443 887
443 50
443 121
443 478
443 598
443 393
443 27
443 106
443 335
443 475
443 374
443 948
443 120
443 216
443 744
443 545
443 149
443 810
443 196
443 219
443 739
443 441
443 765
443 487
443 236
443 563
443 538
443 677
443 569
443 690
690 31
690 327
690 275
690 656
690 195
690 440
690 601
690 80
690 556
690 839
690 451
690 564
690 259
690 926
690 686
690 737
690 671
690 348
690 713
690 296
690 102
690 447
690 334
690 20
690 852
690 642
690 692
690 345
690 375
690 597
690 895
690 921
690 75
690 840
690 7
690 318
690 603
690 947
690 214
690 407
690 258
690 847
690 135
690 439
690 646
690 390
690 197
690 420
690 111
690 164
690 421
690 877
690 727
690 191
690 930
690 178
690 64
690 907
690 295
690 653
690 145
690 635
690 948
690 216
690 122
690 14
690 371
690 402
690 349
690 437
690 165
690 422
690 525
690 909
690 133
690 560
690 932
690 669
690 744
690 545
690 149
690 810
690 196
690 219
690 739
690 441
690 765
690 487
690 236
690 563
690 538
690 677
690 569
677 613
677 705
677 607
677 923
677 89
677 798
677 632
677 180
677 260
677 337
677 879
677 638
677 288
677 253
677 405
677 745
677 730
677 433
677 394
677 880
677 781
677 46
677 611
677 913
677 717
677 504
677 442
677 519
677 622
677 332
677 513
677 28
677 883
677 889
677 153
677 448
677 213
677 796
677 129
677 22
677 184
677 181
677 220
677 123
677 48
677 700
677 731
677 719
677 233
677 499
677 764
677 775
677 246
677 166
677 344
677 853
677 741
677 527
677 640
677 44
677 694
677 873
677 870
677 554
677 142
677 602
677 38
677 887
677 50
677 121
677 478
677 598
677 393
677 106
677 335
677 744
677 545
677 149
677 810
677 196
677 739
677 441
677 487
677 236
677 563
677 538
677 569
569 638
569 730
569 433
569 394
569 880
569 781
569 46
569 611
569 913
569 717
569 504
569 442
569 519
569 171
569 153
569 448
569 213
569 796
569 129
569 22
569 184
569 181
569 220
569 123
569 48
569 700
569 731
569 719
569 233
569 499
569 177
569 271
569 764
569 775
569 246
569 166
569 344
569 853
569 741
569 527
569 640
569 44
569 694
569 873
569 870
569 554
569 142
569 602
569 38
569 887
569 50
569 121
569 478
569 598
569 393
569 106
569 744
569 545
569 149
569 810
569 739
569 487
569 236
569 563
569 538
744 857
744 339
744 938
744 903
744 767
744 910
744 264
744 928
744 790
744 846
744 316
744 202
744 101
744 854
744 580
744 419
744 87
744 277
744 215
744 888
744 768
744 291
744 269
744 0
744 881
744 890
744 555
744 283
744 821
744 940
744 655
744 836
744 330
744 547
744 3
744 246
744 166
744 344
744 741
744 527
744 38
744 887
744 50
744 121
744 669
744 426
744 902
744 545
744 149
744 487
744 236
744 563
744 538
487 484
487 528
487 86
487 69
487 495
487 481
487 370
487 445
487 641
487 163
487 226
487 650
487 333
487 263
487 624
487 305
487 398
487 770
487 711
487 625
487 509
487 222
487 480
487 760
487 72
487 47
487 696
487 815
487 415
487 52
487 647
487 388
487 323
487 460
487 651
487 875
487 657
487 599
487 144
487 909
487 133
487 560
487 932
487 669
487 426
487 236
487 563
487 538
739 756
739 210
739 925
739 136
739 791
739 749
739 543
739 56
739 357
739 610
739 572
739 340
739 189
739 535
739 39
739 342
739 524
739 826
739 604
739 649
739 946
739 583
739 449
739 146
739 701
739 550
739 294
739 458
739 75
739 55
739 423
739 30
739 421
739 877
739 727
739 122
739 14
739 371
739 402
739 349
739 437
739 165
739 422
739 525
739 441
739 765
810 754
810 802
810 575
810 582
810 238
810 552
810 252
810 401
810 678
810 58
810 786
810 709
810 584
810 4
810 579
810 581
810 911
810 794
810 667
810 662
810 265
810 595
810 383
810 276
810 936
810 114
810 128
810 827
810 297
810 512
810 150
810 598
810 393
810 27
810 106
810 335
810 475
810 374
810 545
810 149
441 687
441 707
441 652
441 893
441 530
441 321
441 756
441 856
441 210
441 925
441 136
441 791
441 749
441 543
441 56
441 357
441 610
441 517
441 604
441 649
441 946
441 583
441 449
441 146
441 55
441 423
441 30
441 421
441 14
441 371
441 402
441 349
441 437
441 165
441 422
441 765
149 470
149 79
149 720
149 403
149 567
149 834
149 514
149 48
149 700
149 731
149 719
149 233
149 499
149 177
149 271
149 764
149 309
149 775
149 35
149 873
149 870
149 554
149 142
149 602
149 38
149 887
149 50
149 121
149 478
149 598
149 393
149 545
545 717
545 504
545 442
545 519
545 171
545 184
545 181
545 220
545 123
545 48
545 700
545 731
545 719
545 233
545 499
545 764
545 527
545 640
545 694
545 873
545 870
545 554
545 142
545 38
545 887
545 50
545 121
545 478
545 598
545 393
545 538
50 337
50 879
50 638
50 288
50 253
50 405
50 745
50 730
50 433
50 394
50 880
50 153
50 448
50 213
50 796
50 129
50 22
50 184
50 181
50 741
50 527
50 640
50 44
50 694
50 873
50 870
50 887
50 38
50 121
50 478
236 837
236 735
236 718
236 702
236 61
236 234
236 505
236 882
236 627
236 801
236 617
236 156
236 18
236 493
236 871
236 531
236 777
236 57
236 733
236 875
236 657
236 144
236 143
236 38
236 932
236 669
236 426
236 902
236 563
236 538
219 704
219 113
219 389
219 311
219 266
219 105
219 103
219 45
219 918
219 510
219 805
219 377
219 71
219 922
219 369
219 549
219 637
219 858
219 110
219 306
219 608
219 314
219 459
219 596
219 408
219 868
219 948
219 120
219 216
219 122
219 14
219 371
219 196
106 58
106 786
106 709
106 584
106 455
106 483
106 949
106 381
106 152
106 688
106 911
106 794
106 667
106 662
106 265
106 595
106 383
106 276
106 299
106 224
106 465
106 114
106 827
106 297
106 512
106 150
106 393
106 27
106 335
106 475
106 374
38 612
38 68
38 682
38 279
38 211
38 587
38 551
38 261
38 147
38 438
38 792
38 821
38 703
38 630
38 622
38 332
38 809
38 246
38 166
38 344
38 741
38 527
38 887
38 563
38 538
563 126
563 350
563 891
563 675
563 668
563 162
563 430
563 531
563 777
563 57
563 733
563 360
563 590
563 940
563 655
563 836
563 330
563 246
563 657
563 144
563 932
563 669
563 426
563 902
563 538
765 926
765 686
765 737
765 671
765 348
765 713
765 296
765 102
765 447
765 334
765 20
765 642
765 947
765 214
765 407
765 258
765 847
765 135
765 439
765 646
765 390
765 877
765 727
765 191
765 930
765 437
765 165
765 422
765 525
538 891
538 675
538 668
538 162
538 430
538 855
538 723
538 427
538 57
538 733
538 360
538 590
538 940
538 655
538 836
538 330
538 547
538 246
538 932
538 669
538 426
538 902
669 897
669 471
669 861
669 633
669 200
669 203
669 629
669 518
669 561
669 1
669 8
669 186
669 801
669 617
669 156
669 18
669 875
669 657
669 599
669 144
669 143
669 932
669 426
669 902
669 560
196 256
196 274
196 684
196 819
196 137
196 746
196 139
196 140
196 17
196 230
196 811
196 616
196 676
196 576
196 900
196 742
196 507
196 12
196 71
196 5
196 500
196 313
196 408
196 948
196 120
196 216
216 207
216 787
216 169
216 573
216 413
216 16
216 176
216 716
216 704
216 113
216 389
216 71
216 806
216 922
216 369
216 549
216 637
216 858
216 110
216 313
216 408
216 868
216 948
216 120
216 122
887 638
887 288
887 745
887 730
887 433
887 394
887 880
887 448
887 213
887 796
887 129
887 22
887 184
887 181
887 527
887 640
887 44
887 694
887 873
887 870
887 121
932 641
932 163
932 226
932 650
932 333
932 263
932 305
932 398
932 222
932 480
932 760
932 72
932 47
932 815
932 388
932 323
932 460
932 651
932 875
932 657
932 144
932 560
948 94
948 725
948 758
948 661
948 935
948 412
948 829
948 428
948 808
948 920
948 614
948 6
948 336
948 559
948 788
948 933
948 511
948 616
948 183
948 5
948 500
948 120
948 335
371 681
371 750
371 618
371 270
371 223
371 759
371 824
371 74
371 859
371 63
371 304
371 823
371 693
371 49
371 170
371 659
371 594
371 813
371 60
371 55
371 122
371 14
371 402
165 914
165 81
165 672
165 477
165 908
165 774
165 862
165 755
165 148
165 605
165 418
165 367
165 458
165 876
165 385
165 463
165 75
165 840
165 877
165 727
165 437
165 422
478 66
478 514
478 185
478 773
478 331
478 172
478 937
478 892
478 764
478 309
478 775
478 35
478 782
478 502
478 154
478 870
478 554
478 142
478 602
478 598
478 121
14 750
14 618
14 270
14 223
14 759
14 824
14 74
14 859
14 63
14 304
14 693
14 49
14 170
14 659
14 594
14 813
14 60
14 55
14 122
14 402
133 577
133 568
133 208
133 368
133 800
133 293
133 728
133 626
133 574
133 167
133 851
133 666
133 241
133 417
133 467
133 833
133 489
133 635
133 410
133 941
133 26
133 909
133 560
335 628
335 479
335 864
335 546
335 235
335 10
335 529
335 53
335 929
335 284
335 160
335 776
335 710
335 352
335 322
335 544
335 620
335 150
335 27
335 475
335 374
393 33
393 387
393 341
393 365
393 201
393 161
393 488
393 673
393 116
393 540
393 243
393 699
393 645
393 639
393 326
393 526
393 114
393 598
422 432
422 31
422 844
422 354
422 898
422 327
422 275
422 656
422 840
422 7
422 318
422 603
422 947
422 214
422 877
422 727
422 437
422 525
527 904
527 757
527 613
527 292
527 705
527 658
527 109
527 607
527 923
527 798
527 883
527 889
527 153
527 853
527 741
527 44
527 640
560 850
560 743
560 286
560 453
560 797
560 239
560 300
560 931
560 24
560 553
560 927
560 462
560 503
560 748
560 647
560 388
560 909
437 672
437 477
437 908
437 774
437 862
437 755
437 148
437 605
437 418
437 385
437 463
437 75
437 840
437 877
437 727
475 97
475 391
475 351
475 522
475 628
475 479
475 864
475 53
475 929
475 284
475 160
475 776
475 710
475 352
475 544
475 150
475 27
475 374
598 516
598 738
598 287
598 942
598 303
598 593
598 849
598 944
598 243
598 645
598 326
598 602
598 119
598 526
120 758
120 428
120 808
120 199
120 248
120 614
120 6
120 336
120 559
120 788
120 933
120 511
120 712
120 616
120 5
120 500
121 717
121 504
121 442
121 519
121 171
121 181
121 220
121 123
121 700
121 694
121 873
121 870
122 396
122 173
122 115
122 848
122 446
122 329
122 901
122 356
122 482
122 221
122 317
122 406
122 304
122 49
122 868
909 368
909 293
909 728
909 626
909 574
909 167
909 851
909 666
909 241
909 417
909 833
909 489
909 635
909 410
909 941
909 26
144 15
144 778
144 373
144 175
144 51
144 729
144 897
144 471
144 696
144 815
144 52
144 875
144 657
144 599
349 874
349 660
349 541
349 54
349 464
349 431
349 747
349 244
349 372
349 100
349 517
349 55
349 423
349 30
349 421
349 402
402 804
402 272
402 860
402 571
402 734
402 648
402 832
402 817
402 77
402 372
402 763
402 55
402 423
426 505
426 882
426 627
426 217
426 493
426 871
426 531
426 777
426 57
426 733
426 360
426 902
657 778
657 373
657 175
657 51
657 729
657 897
657 386
657 471
657 861
657 633
657 875
657 599
114 899
114 679
114 473
114 13
114 125
114 59
114 353
114 384
114 240
114 4
114 936
114 128
114 827
114 297
741 494
741 689
741 869
741 793
741 771
741 91
741 863
741 904
741 28
741 883
741 889
741 853
344 472
344 411
344 358
344 65
344 245
344 247
344 117
344 630
344 622
344 332
344 809
344 513
344 166
374 546
374 235
374 10
374 867
374 529
374 776
374 710
374 352
374 322
374 544
374 620
374 150
875 305
875 398
875 770
875 711
875 47
875 696
875 815
875 415
875 52
875 599
183 916
183 225
183 92
183 82
183 558
183 691
183 267
183 212
183 695
183 84
183 501
183 361
183 141
183 425
27 949
27 381
27 152
27 688
27 662
27 595
27 383
27 276
27 299
27 512
44 923
44 301
44 89
44 798
44 180
44 260
44 153
44 448
44 213
44 640
64 943
64 168
64 104
64 884
64 523
64 939
64 164
64 83
64 95
64 930
64 178
64 907
64 295
142 892
142 766
142 99
142 328
142 521
142 320
142 828
142 502
142 154
727 432
727 29
727 31
727 354
727 840
727 7
727 318
727 877
873 611
873 913
873 717
873 504
873 220
873 123
873 694
873 870
178 943
178 168
178 104
178 884
178 523
178 939
178 164
178 83
178 95
178 907
178 295
423 874
423 660
423 541
423 54
423 464
423 431
423 747
423 372
423 517
423 30
525 713
525 296
525 102
525 334
525 847
525 135
525 439
525 646
525 191
640 89
640 632
640 180
640 260
640 153
640 448
640 213
55 571
55 734
55 648
55 832
55 817
55 77
55 763
150 772
150 204
150 812
150 53
150 929
150 284
150 160
295 615
295 96
295 835
295 539
295 816
295 469
295 19
295 907
295 145
388 484
388 528
388 86
388 69
388 625
388 509
388 222
388 323
388 460
902 126
902 350
902 891
902 360
902 590
902 940
902 655
907 168
907 104
907 884
907 523
907 939
907 164
907 83
907 95
153 301
153 89
153 798
153 180
153 260
153 448
153 213
246 215
246 888
246 768
246 890
246 555
246 283
323 370
323 445
323 641
323 222
323 480
323 760
323 72
323 460
323 651
512 152
512 688
512 416
512 127
512 595
512 383
512 276
512 299
602 395
602 831
602 506
602 534
602 273
602 205
602 119
647 665
647 9
647 905
647 588
647 379
647 307
647 842
647 779
647 462
694 46
694 129
694 22
694 184
694 181
870 220
870 48
870 700
145 435
145 281
145 36
145 355
145 19
145 653
145 90
145 635
408 787
408 169
408 573
408 413
408 16
408 922
408 369
408 549
460 370
460 445
460 222
460 480
460 760
460 72
460 651
554 66
554 514
554 764
554 309
554 775
554 35
635 654
635 324
635 262
635 67
635 653
635 90
5 199
5 336
5 559
5 788
5 933
5 511
5 500
49 784
49 780
49 585
49 11
49 681
49 304
49 823
49 693
166 587
166 551
166 438
166 703
166 630
191 375
191 789
191 439
191 390
191 197
191 420
222 495
222 481
222 370
222 625
222 480
361 691
361 631
361 409
361 151
361 267
361 695
361 501
361 141
361 84
361 425
410 167
410 851
410 666
410 241
410 417
410 833
410 489
425 631
425 409
425 151
425 76
425 267
425 695
425 501
425 141
599 778
599 897
599 386
599 471
599 861
630 472
630 298
630 289
630 411
630 358
630 65
630 622
630 809
662 678
662 58
662 786
662 709
662 584
662 667
662 265
719 470
719 79
719 731
719 233
719 499
719 700
764 403
764 567
764 834
764 177
827 268
827 240
827 4
827 936
827 128
827 297
877 840
877 7
26 25
26 680
26 107
26 841
26 751
26 941
60 750
60 618
60 270
60 223
60 759
60 170
60 659
71 619
71 643
71 623
71 715
71 663
71 42
71 806
143 8
143 807
143 724
143 801
143 617
143 156
143 18
164 346
164 683
164 814
164 95
297 268
297 240
297 4
297 128
421 530
421 321
421 604
421 649
421 30
439 852
439 642
439 646
439 135
526 698
526 112
526 849
526 944
526 243
526 326
655 668
655 162
655 430
655 940
655 836
775 185
775 773
775 331
775 35
775 782
809 411
809 358
809 65
809 245
809 622
809 332
836 668
836 162
836 430
836 855
836 940
936 919
936 878
936 899
936 353
936 384
72 641
72 163
72 760
72 651
95 943
95 168
95 83
181 46
181 184
212 916
212 225
212 92
212 82
212 558
212 84
212 695
212 501
213 448
220 717
220 442
220 123
276 152
276 688
276 595
276 383
332 245
332 247
332 117
332 622
372 644
372 249
372 232
372 187
372 566
372 100
383 152
383 688
383 595
420 597
420 732
420 414
420 895
420 193
449 791
449 749
449 543
449 56
449 357
449 583
449 146
480 495
480 481
480 370
501 916
501 92
501 558
501 695
501 84
549 176
549 716
549 704
549 113
549 922
549 637
617 280
617 8
617 807
617 801
617 18
622 411
622 245
637 704
637 113
637 389
637 311
637 266
637 105
645 387
645 341
645 365
645 201
645 699
645 639
645 326
651 641
651 163
651 760
667 678
667 58
667 786
667 709
667 584
695 916
695 92
695 558
695 84
700 48
710 546
710 235
710 10
710 776
710 352
760 641
760 163
868 382
868 378
868 459
868 392
868 596
871 735
871 718
871 702
871 61
871 234
871 493
881 938
881 903
881 767
881 910
881 264
881 928
881 790
930 636
930 820
930 872
930 111
6 758
6 661
6 935
6 412
6 829
6 428
18 761
18 724
18 156
30 795
30 706
53 41
53 929
53 284
53 160
57 882
57 531
57 777
75 908
75 774
75 862
90 251
90 654
90 397
90 653
123 717
123 504
128 125
128 240
128 4
141 631
141 409
141 151
141 76
141 267
160 41
160 929
160 284
184 46
233 79
233 731
233 499
284 41
284 929
304 192
304 491
304 585
304 823
307 665
307 9
307 905
307 842
307 779
307 462
326 387
326 341
326 699
326 639
352 546
352 235
352 10
369 787
369 573
369 413
369 16
369 922
462 9
462 905
462 842
462 779
493 718
493 702
493 61
493 234
500 347
500 712
500 616
625 484
625 528
625 86
625 509
646 852
646 642
653 281
653 36
731 499
731 271
763 804
763 272
763 860
763 832
763 817
801 561
801 1
801 186
833 368
833 800
833 293
842 665
842 9
842 905
842 779
853 494
853 689
853 28
890 846
890 316
890 101
890 854
890 277
929 41
940 590
947 601
947 80
947 556
947 214
4 240
10 546
10 235
19 515
19 435
19 355
47 624
47 305
47 398
52 696
52 815
52 415
83 943
83 168
84 92
84 558
92 916
92 225
92 558
129 880
129 22
152 688
156 761
156 724
214 839
214 407
243 698
243 112
243 849
243 944
299 785
299 224
299 465
305 624
305 398
305 711
313 934
313 542
313 742
313 507
313 12
370 495
370 481
471 897
471 386
471 861
517 874
517 660
517 54
517 431
531 505
531 777
544 529
544 343
544 322
559 199
559 788
559 511
559 933
584 786
584 709
594 310
594 285
594 63
594 70
594 813
620 753
620 799
620 537
620 912
638 879
638 253
638 405
659 750
659 618
659 270
659 170
709 786
777 505
806 623
806 715
806 663
806 562
806 589
815 711
941 915
941 841
9 665
9 905
58 678
61 718
61 702
61 234
63 310
63 285
63 70
63 813
65 472
65 411
65 358
110 103
110 858
110 306
110 608
111 752
111 674
146 357
146 610
146 583
168 943
170 750
170 618
170 270
177 720
177 403
177 271
180 260
180 89
234 718
234 702
270 750
270 618
312 769
312 325
312 237
312 399
312 762
312 278
318 31
318 844
318 354
318 898
330 723
330 427
358 472
358 411
360 126
379 188
379 474
379 450
379 588
387 341
387 699
387 639
390 375
398 624
428 758
428 661
428 935
428 412
430 668
430 162
430 855
431 874
431 541
431 464
431 54
450 308
450 188
450 490
450 751
469 615
469 96
469 539
469 816
472 298
472 289
484 528
484 86
484 509
509 528
511 248
511 933
558 916
579 802
579 575
579 238
579 581
581 802
581 575
581 238
616 347
616 712
618 750
639 341
639 699
696 415
702 718
748 743
748 286
748 797
748 503
751 429
751 490
778 373
778 51
778 729
791 749
791 543
791 56
791 136
796 730
796 394
821 682
821 279
821 792
858 103
858 45
858 608
874 660
874 541
874 54
883 91
883 904
883 889
889 91
889 904
897 386
905 665
922 176
933 248
946 756
946 856
946 210
946 925
946 649
7 432
7 29
8 280
8 807
28 494
31 432
31 354
51 373
51 175
54 660
56 749
56 543
154 766
154 99
154 502
162 668
167 626
167 851
224 785
224 465
235 546
238 575
247 158
247 117
247 513
265 455
271 720
277 854
277 580
277 101
309 66
309 514
322 529
355 515
355 435
357 749
357 583
395 194
395 548
395 831
395 534
435 515
465 785
481 495
507 934
507 542
507 742
539 96
539 816
543 136
551 587
551 261
551 438
587 261
587 147
596 865
596 62
596 459
603 275
603 656
607 705
607 658
607 109
626 728
626 574
693 780
693 681
705 658
705 109
711 770
758 661
758 935
762 769
762 325
762 237
762 278
767 938
767 903
767 910
773 331
773 172
773 782
798 301
813 285
813 70
816 96
823 192
823 491
831 194
831 548
831 534
832 380
832 740
854 580
854 419
895 400
895 921
899 679
899 473
899 353
910 938
910 903
911 552
911 252
938 903
12 290
12 42
16 787
16 573
42 619
42 359
91 863
101 316
104 884
113 704
119 818
186 561
188 308
188 490
201 365
201 161
210 756
210 925
232 644
232 249
232 187
232 566
237 769
237 325
261 147
267 631
283 555
285 310
285 70
296 671
296 713
325 769
353 384
381 949
384 878
409 151
409 76
419 580
419 87
432 29
459 392
463 81
463 672
463 385
479 628
490 308
503 736
534 548
540 673
540 255
540 116
541 464
547 436
548 194
553 722
553 557
553 927
561 1
573 413
574 728
585 784
585 780
585 11
588 474
611 913
613 757
613 292
633 200
633 203
642 852
649 321
650 333
650 263
661 935
663 715
663 589
663 623
715 562
715 589
724 761
742 934
742 542
756 856
774 908
774 862
780 784
780 11
782 172
794 401
797 850
797 453
817 571
849 944
862 908
3 456
11 784
74 824
74 859
80 601
80 556
99 766
105 311
105 266
112 698
116 673
125 59
148 755
148 605
161 488
187 644
187 249
204 812
205 506
205 273
215 888
221 396
221 830
221 317
249 644
266 311
269 206
269 228
278 399
279 792
286 743
289 298
306 918
306 608
317 406
320 254
320 828
328 521
328 828
334 447
385 81
407 839
447 20
453 850
458 826
458 78
473 679
492 155
492 182
492 825
537 753
537 799
556 601
605 755
614 73
656 195
671 348
676 783
676 532
759 824
771 793
771 863
790 928
793 869
846 202
860 272
860 804
872 138
920 209
920 132
927 722
24 300
77 130
100 566
107 680
115 173
115 848
139 140
139 137
140 746
155 182
173 848
192 491
206 228
239 931
287 942
294 896
294 550
314 377
339 857
340 535
340 342
342 535
351 522
380 452
380 843
396 830
427 723
446 329
446 901
486 315
486 218
516 697
518 629
570 670
570 924
576 684
577 376
619 359
683 814
707 687
707 893
820 636
825 592
826 78
837 93
843 452
843 803
893 652
924 670
17 230
34 134
94 586
132 209
207 520
256 131
259 564
345 692
414 732
508 721
664 578
674 752
