2 87
2 68
2 65
2 91
2 89
2 46
2 66
2 79
2 99
2 33
2 59
2 43
2 13
2 58
2 34
2 41
2 97
2 10
2 92
2 82
2 76
2 94
2 73
2 37
2 17
2 16
2 45
2 88
2 62
2 11
2 23
2 74
2 63
2 54
2 56
2 81
2 31
2 36
2 67
2 9
2 24
2 86
2 69
2 51
2 15
2 8
2 1
2 93
2 61
2 0
2 28
2 22
2 48
2 35
2 4
2 53
2 84
2 6
2 71
2 42
2 12
2 49
2 77
2 75
2 7
2 83
2 95
2 19
2 47
2 72
2 52
2 57
2 18
2 3
2 44
2 5
2 60
2 55
2 30
2 90
2 64
2 26
2 50
2 38
2 27
2 14
2 98
98 74
98 63
98 54
98 39
98 56
98 78
98 81
98 40
98 29
98 31
98 80
98 20
98 85
98 96
98 36
98 67
98 21
98 25
98 9
98 24
98 86
98 69
98 51
98 15
98 8
98 1
98 93
98 61
98 0
98 28
98 22
98 48
98 4
98 84
98 6
98 71
98 42
98 12
98 49
98 77
98 75
98 7
98 83
98 95
98 19
98 47
98 72
98 52
98 57
98 18
98 3
98 44
98 5
98 60
98 55
98 30
98 90
98 64
98 26
98 50
98 38
98 27
98 14
14 45
14 88
14 62
14 11
14 23
14 74
14 63
14 70
14 54
14 71
14 42
14 12
14 49
14 77
14 75
14 5
14 60
14 55
14 30
14 64
14 50
14 38
14 27
38 87
38 68
38 65
38 91
38 89
38 61
38 0
38 28
38 22
38 48
38 35
38 72
38 52
38 57
38 18
38 3
38 44
38 50
38 27
50 65
50 91
50 89
50 46
50 66
50 79
50 0
50 28
50 22
50 48
50 35
50 4
50 72
50 57
50 18
50 3
50 44
50 27
27 58
27 34
27 41
27 97
27 10
27 4
27 53
27 5
55 74
55 63
55 70
55 54
55 49
55 77
55 75
55 60
55 30
55 64
64 85
64 96
64 36
64 67
64 83
64 95
64 19
64 90
64 26
5 94
5 73
5 37
5 32
5 84
5 6
5 71
5 12
18 8
18 1
18 93
18 61
18 72
18 52
18 57
49 11
49 23
49 74
49 63
49 70
49 60
49 30
60 11
60 23
60 74
60 63
60 70
60 30
90 96
90 36
90 67
90 21
90 83
90 95
90 19
90 26
19 96
19 36
19 67
19 83
19 95
19 26
30 54
30 56
30 77
30 75
72 86
72 69
72 47
72 52
72 26
75 78
75 81
75 40
75 31
75 7
71 17
71 16
71 45
71 42
71 12
12 17
12 16
12 42
26 25
26 9
28 65
28 91
28 89
28 44
44 91
44 89
44 22
52 51
52 15
52 47
57 8
57 93
57 61
63 74
63 70
74 70
95 85
95 96
95 83
4 59
4 43
4 13
83 96
8 1
8 93
22 46
42 16
53 34
53 41
53 97
53 10
61 93
84 92
84 82
84 76
0 3
6 94
6 73
7 29
7 31
15 51
15 47
31 29
35 66
35 99
48 79
41 97
69 86
73 94
92 82
92 76
13 59
37 32
62 88
