n	R	alpha	T
542	12.2193	0.75	0
2	1.3368129402653561e+00	4.6124801198020577e+01
250	2.3118453607506564e+00	3.1230628372170031e+02
98	4.5069365118460771e+00	2.7818609160371125e+02
443	4.5695071030280987e+00	1.0104652494192123e+02
487	6.0183595653704662e+00	3.2209077911451459e+02
441	6.1530413020255317e+00	2.1917271198704839e+02
545	6.2176014947192479e+00	4.0283913044258952e+01
38	6.8988336707127962e+00	1.2301671607419848e+01
149	6.4042431941350335e+00	4.6717060608789325e+01
50	6.9744078750295442e+00	3.0104281911626458e+01
106	6.7079620022414836e+00	9.6840377887710929e+01
216	7.1138345969393235e+00	1.6543630108237267e+02
196	6.5425965607144398e+00	1.5365190379321575e+02
219	6.6395010958229044e+00	1.6995003322139382e+02
538	6.4635325073546133e+00	3.5294826010242110e+02
335	7.1623652025284557e+00	1.1171802174299955e+02
133	6.9244651559212258e+00	2.9267818978987634e+02
236	6.6837908259202194e+00	3.4301920479163527e+02
393	7.4427834671340323e+00	7.3322758264839649e+01
422	6.9020274635637877e+00	2.4480689266696575e+02
475	7.5941120141565550e+00	1.1000578106380999e+02
478	7.4274135921473556e+00	5.1819424638524659e+01
122	7.4759458076078076e+00	1.8353170014917850e+02
165	6.9194285547317520e+00	2.3440340353175995e+02
120	7.0089114145131495e+00	1.4267278376966715e+02
121	7.3741756375736216e+00	3.8651510998606682e+01
374	7.5703956418552147e+00	1.1309274916537106e+02
14	7.4322719451034898e+00	1.9238900659605858e+02
349	7.7407500338688964e+00	2.1072931674309075e+02
371	7.3745581406398513e+00	1.9221636001020670e+02
402	7.6516527079136409e+00	2.0311514829285443e+02
426	7.4512569210111579e+00	3.4513196540996432e+02
525	7.6558780229034618e+00	2.5599431497044864e+02
27	7.9024223344658191e+00	9.8297991855069981e+01
183	8.6098679069975379e+00	1.2832692548632622e+02
388	8.4026553210647332e+00	3.1674711769446731e+02
527	8.5863947288773250e+00	2.4635181706398726e+01
64	8.2290419536581023e+00	2.7557463859207928e+02
144	8.0771318628607371e+00	3.2990755434148014e+02
295	8.6428736740022849e+00	2.7822615508921444e+02
344	9.1348700155799119e+00	1.7034562435001135e+01
512	8.4034710734323941e+00	9.9169267471879706e+01
246	8.3302486093642898e+00	5.7142727170139551e+00
423	8.6136283586305975e+00	2.1022552379406989e+02
437	7.8329384783945812e+00	2.3532831201329827e+02
150	8.7142968908102869e+00	1.0596940987743437e+02
178	8.6058335835628750e+00	2.7512698050588369e+02
44	9.1939426341787751e+00	2.6411102721467614e+01
55	8.3167101067676050e+00	2.0372833027504387e+02
114	8.5991111378399676e+00	8.2930609490722432e+01
142	8.4706244934774269e+00	5.5201854240149267e+01
166	8.6777414713001697e+00	1.4286060696467757e+01
222	9.5110405174536314e+00	3.1884834992699325e+02
141	9.5653865456420224e+00	1.3028560183010995e+02
145	9.2478559479114200e+00	2.8150504656136036e+02
361	9.6278115026315216e+00	1.2944170947186649e+02
372	9.7806072288954837e+00	2.0782060079276562e+02
408	8.8791459539735680e+00	1.6451204664073884e+02
425	9.3183529077158020e+00	1.2996628945693374e+02
90	9.3347383015450820e+00	2.8330253060907125e+02
191	8.5983238089415597e+00	2.6208419049158692e+02
212	9.8886848557976084e+00	1.2764780416153371e+02
460	9.3882907843880563e+00	3.2017490940168500e+02
72	9.5926298383051662e+00	3.2116891267709434e+02
143	9.4091453211504437e+00	3.3738851733505732e+02
153	1.0096252258186986e+01	2.6628839252516627e+01
313	9.2892623124213056e+00	1.5869819590821862e+02
323	9.1776171179012156e+00	3.2058616261929274e+02
421	8.8277780845574814e+00	2.1725807307288053e+02
517	9.8945245919710700e+00	2.1003787117078903e+02
5	9.0456490074770795e+00	1.4276906141079962e+02
60	9.1823998686093606e+00	1.9204145743511617e+02
95	1.0300756360123854e+01	2.7465122418478131e+02
128	9.4398308034555214e+00	8.4104109965264797e+01
164	9.7503479215929243e+00	2.7336556772701442e+02
213	9.4627464191872992e+00	2.8267189012840394e+01
297	8.8486360429189599e+00	8.5755929443985224e+01
332	1.0213802049280373e+01	1.7388004325330257e+01
379	9.9965907828019382e+00	3.0290762233547866e+02
480	1.0725358100001763e+01	3.1929136552847922e+02
544	9.5771155933815439e+00	1.1518971752375366e+02
18	9.6032038850236194e+00	3.3808600617572665e+02
19	1.0061794823099397e+01	2.8022012477740645e+02
49	9.5011642961869303e+00	1.8892777788452804e+02
53	1.0452118794948470e+01	1.0761483991518617e+02
71	9.5752958915108124e+00	1.6127286585979164e+02
75	9.8211539783067305e+00	2.3482759614475071e+02
83	1.0815854538549059e+01	2.7476390060037374e+02
181	1.0140589148219918e+01	3.4350927975028753e+01
284	1.0384297168645391e+01	1.0756808063015342e+02
326	9.7148936261579273e+00	7.2075238293036819e+01
369	9.5553258496997096e+00	1.6493431619368494e+02
370	1.0841601408579963e+01	3.1943089907057583e+02
410	9.2665981590293960e+00	2.9376270194537938e+02
450	9.9894752110714311e+00	3.0160939235240221e+02
472	1.1105463898908091e+01	1.6141172004863620e+01
499	1.0248449157335434e+01	4.6010521072894342e+01
501	1.0244992787211428e+01	1.2830763177014887e+02
4	9.6622753054952764e+00	8.4992031455039978e+01
12	1.0103824447288043e+01	1.5964304175227880e+02
26	8.9361861352930312e+00	2.9865721128880978e+02
42	1.0524840964228996e+01	1.6060842024162412e+02
65	1.1387789186279257e+01	1.6324461009353399e+01
84	1.0473920817560083e+01	1.2835141807794571e+02
135	1.0277782260420929e+01	2.5826097671873868e+02
160	1.0316516450829720e+01	1.0752488742582501e+02
184	1.0425609593923665e+01	3.4310812186449766e+01
247	1.1063632403285894e+01	1.7895965427160263e+01
299	9.9460530095739088e+00	1.0123808093369009e+02
304	9.7853827072999380e+00	1.8802316450513902e+02
352	1.0422449606140436e+01	1.1295193729922175e+02
383	1.0100262451844271e+01	9.9304523896425962e+01
390	1.0151861336742373e+01	2.6099284356459975e+02
439	9.4554756917688483e+00	2.5887216967530549e+02
448	9.6513650872798866e+00	2.8000394543632865e+01
449	9.7582958786215439e+00	2.2150952347554264e+02
526	9.0633737451250731e+00	6.9645805601030588e+01
7	1.0803045996907704e+01	2.4110857453197244e+02
10	1.1060459731369805e+01	1.1277846467681231e+02
22	1.0672980917145352e+01	3.3408291684463620e+01
30	9.1295157591330920e+00	2.1350358604453504e+02
89	1.1585730515582064e+01	2.6565123964101076e+01
92	1.1154703945217944e+01	1.2791173076257110e+02
123	1.0351399430033299e+01	3.6768683670088649e+01
129	1.0518839967387350e+01	3.2960318522527821e+01
156	1.0043707608700876e+01	3.3793621125631029e+02
177	1.0448968836171824e+01	4.7616218877956271e+01
186	1.0030039951851879e+01	3.3516465425491333e+02
220	9.9057285030910265e+00	3.7940850080922246e+01
235	1.1536407384185907e+01	1.1289989892393351e+02
318	1.0361224281336806e+01	2.4233302046544850e+02
355	1.0802030434700564e+01	2.8041200707666576e+02
409	1.1090089040244061e+01	1.3005889641121030e+02
420	9.6316901362705121e+00	2.6472733019851148e+02
458	1.0370948630740438e+01	2.3006123067811131e+02
462	9.6626061988757765e+00	3.0520439296960831e+02
469	1.0677406850629900e+01	2.7803351984359324e+02
500	8.9737806657904837e+00	1.4641303455457091e+02
509	1.0319334217331901e+01	3.1653783640824253e+02
539	1.0831451507565445e+01	2.7777505648322403e+02
546	1.1850449174288267e+01	1.1268527015112340e+02
549	1.0202869667383700e+01	1.6665123095735905e+02
28	9.8567237144709861e+00	2.1327550951391462e+01
41	1.1832552808806776e+01	1.0745830745436251e+02
57	9.6620274201248257e+00	3.4435283716768026e+02
86	1.1088447466078547e+01	3.1728305842727423e+02
100	1.0728033104431423e+01	2.0830821549519897e+02
104	1.2091432496136244e+01	2.7525332537479699e+02
110	9.8762622207933841e+00	1.7009101490490139e+02
111	9.5720094217573610e+00	2.6739533775486052e+02
146	1.0235580822337001e+01	2.2187841941602525e+02
151	1.2174948026818759e+01	1.2989331174641848e+02
152	1.1465569530424681e+01	9.8872255152091384e+01
154	1.0384080944071723e+01	5.4769376618787646e+01
168	1.1552372191645427e+01	2.7452632955275476e+02
180	1.1602818854057952e+01	2.6733036283403635e+01
197	1.0285694190780198e+01	2.6228066280484200e+02
214	9.5518931958809343e+00	2.4954667132347822e+02
224	1.0799864484553050e+01	1.0133163562975824e+02
260	1.1835855632305474e+01	2.6900601424276829e+01
267	1.1157549919309254e+01	1.2953382985666394e+02
276	1.0064940408345812e+01	9.8604116979986429e+01
289	1.1805514743880202e+01	1.5938027026131751e+01
309	1.0668064451531544e+01	5.0140817770734429e+01
312	1.0409147519234908e+01	7.8725845199078321e+01
322	1.0281732452510376e+01	1.1492056514136493e+02
360	1.0615756544895678e+01	3.4848455526866019e+02
385	1.0435084753166885e+01	2.3283140910789368e+02
407	1.0459749840796304e+01	2.4998646684922278e+02
411	1.1611404334832857e+01	1.6492146765813231e+01
431	1.1155221074258931e+01	2.1072707475163040e+02
435	1.1005944807257846e+01	2.8062006770633161e+02
463	1.0445836718897267e+01	2.3318058771081272e+02
465	1.0660865545665100e+01	1.0136980421841145e+02
481	1.2017456463263793e+01	3.1926309278234839e+02
493	1.0357795683202449e+01	3.4163172572851175e+02
495	1.2125225086931257e+01	3.1913981418125331e+02
507	9.9716013978029618e+00	1.5818559718318284e+02
513	1.0253777337340267e+01	1.8590844562277198e+01
515	1.1288032621765723e+01	2.8030982606112957e+02
523	1.2081162725567266e+01	2.7508462012745440e+02
531	9.8421605374057872e+00	3.4387566187418997e+02
3	1.0624973747400745e+01	3.5965458554215735e+02
8	1.0987184461582657e+01	3.3679406614042819e+02
16	1.1054438535282870e+01	1.6459373130463064e+02
31	1.1066527872668614e+01	2.4179547300562263e+02
35	1.0681842667789253e+01	5.1163247851654887e+01
54	1.1272729346814016e+01	2.1038008457981053e+02
56	1.1479612369839231e+01	2.2101779459975660e+02
63	1.1044419567597279e+01	1.9461618304252625e+02
97	1.1478594864065569e+01	1.0848978018388151e+02
101	1.1365624486381613e+01	3.2428783737123013e+00
119	9.4408771119547428e+00	6.2020208509638906e+01
158	1.2178723829990945e+01	1.8006510408595204e+01
201	1.1438438476067390e+01	7.3263714378699675e+01
221	1.0749956207796233e+01	1.8110732752829790e+02
233	1.0549668290776223e+01	4.5549416989088058e+01
240	1.0680698448815413e+01	8.4696597615256906e+01
243	9.9635182946816130e+00	6.8853697227314115e+01
269	1.1033538722333574e+01	8.3407429140061140e+00
271	1.0689709475719239e+01	4.6870098486542702e+01
277	1.1084112692575099e+01	3.5999018512666225e+00
301	1.2041239600446493e+01	2.6324392100796107e+01
307	1.0231624361915291e+01	3.0492802175693214e+02
314	1.0026789151188915e+01	1.7290014588274059e+02
317	1.0127983934135024e+01	1.8196701508015394e+02
320	1.1049780404983215e+01	5.6728666182607419e+01
351	1.1802941542504449e+01	1.0939623397774994e+02
358	1.1892787258542825e+01	1.6438020123168823e+01
406	1.0210099092695177e+01	1.8206143948249519e+02
416	1.1996135561302964e+01	9.9865967659279704e+01
432	1.1235614216072046e+01	2.4153552453964951e+02
457	1.1000905392620796e+01	2.0654348608106375e+02
459	9.8846557853027139e+00	1.7629185936413705e+02
464	1.1953278564132845e+01	2.1080831718631089e+02
484	1.1163388408551564e+01	3.1692364920862019e+02
489	1.0664536886462734e+01	2.9505767673254019e+02
502	1.0677023824693306e+01	5.4416173696517944e+01
528	1.1160087207440228e+01	3.1667615809477871e+02
529	1.0913537112650664e+01	1.1514560792595148e+02
534	1.1961631329965776e+01	5.9770252732560039e+01
541	1.1799955449104994e+01	2.1070159535855052e+02
543	1.1176716089380287e+01	2.2087950241751972e+02
6	9.9797046096440223e+00	1.3964786647818985e+02
20	1.1923085095259616e+01	2.5774938390590250e+02
34	1.1728295083491199e+01	1.0426667176187037e+02
47	1.0585986261763104e+01	3.2521326167508960e+02
48	1.0559223736322428e+01	4.3016570555046208e+01
52	1.0149772998174109e+01	3.2776141673326498e+02
61	1.1044022843591629e+01	3.4197772809304291e+02
70	1.2083879533165041e+01	1.9468374897725880e+02
76	1.2118984172851135e+01	1.3005396843887866e+02
79	1.1792461304150748e+01	4.5473357085138559e+01
96	1.2083846485441450e+01	2.7777419834397733e+02
99	1.1575937949019552e+01	5.5054736081510775e+01
103	1.0847449857090282e+01	1.6943068983033299e+02
117	1.2112524006331052e+01	1.7749528465792537e+01
125	1.1395067984624724e+01	8.3433046834543347e+01
126	1.1429233436610744e+01	3.4836045322939748e+02
127	1.1990100938007565e+01	1.0019478335045279e+02
161	1.1278671436569594e+01	7.3568924702703953e+01
167	1.1258479033367429e+01	2.9299549025483429e+02
170	1.0689619018680332e+01	1.9145752066746354e+02
173	1.0930138300064440e+01	1.8316394590772688e+02
188	1.1359572599486661e+01	3.0227227608673275e+02
190	1.0440782778469735e+01	1.1682630012743175e+02
204	1.0964284837978262e+01	1.0602415678091347e+02
205	1.1257507396755679e+01	6.0102573316544294e+01
215	1.1310390886811897e+01	4.5765598677098751e+00
225	1.2136969702946208e+01	1.2765048712491989e+02
234	1.1269146701828783e+01	3.4201559057459235e+02
237	1.1523825336651742e+01	7.8621564600616693e+01
245	1.1564847542796194e+01	1.7329246345907453e+01
258	1.0549003262936660e+01	2.5195825089700520e+02
265	1.0711764351322595e+01	9.5113189509138465e+01
268	1.0936997004567923e+01	8.6478347741067424e+01
278	1.0794479197324550e+01	7.9151867330074296e+01
285	1.2010316475134269e+01	1.9465903401374814e+02
294	1.0791925661826774e+01	2.2906462088227272e+02
298	1.2196195253246204e+01	1.5990459099411963e+01
308	1.1521646119486860e+01	3.0196058713831007e+02
310	1.2102784968795824e+01	1.9450964218005538e+02
330	9.6420696666389336e+00	3.5570328396745032e+02
346	1.1750533299244308e+01	2.7333072029985487e+02
353	1.0408893606327345e+01	8.1526180962100639e+01
357	1.1143501799331803e+01	2.2149537591263655e+02
365	1.1617316873959217e+01	7.3100823741406202e+01
375	1.0881596737213501e+01	2.6140983729623258e+02
381	1.1496819226208780e+01	9.7157264873385429e+01
391	1.1919517370843890e+01	1.0903367551043630e+02
395	1.1992962508109676e+01	5.9648270476609476e+01
396	1.0933201944409895e+01	1.8107875169254837e+02
413	1.1737746606270806e+01	1.6506834416650236e+02
415	1.0791012377701925e+01	3.2746930137276649e+02
417	1.1090555172171692e+01	2.9439662000164390e+02
419	1.1595982897476949e+01	4.0609142370522022e+00
424	1.1180146576297799e+01	2.0646755240857601e+02
445	1.2086827571470273e+01	3.2045986946672201e+02
479	1.1352902850334841e+01	1.1008736640214919e+02
490	1.1340633892924783e+01	3.0198162646964192e+02
503	9.8948731009176587e+00	3.0833030280657113e+02
505	1.1042510641726404e+01	3.4312356149777776e+02
547	1.0700450869048838e+01	3.5781763798557222e+02
11	1.1715406828148657e+01	1.8883733857423067e+02
29	1.2046076881596329e+01	2.4139009483158591e+02
33	1.1380979337252731e+01	7.1118321670219302e+01
36	1.1717897196106327e+01	2.8199321011081338e+02
39	1.1836073411058797e+01	2.2465079398825767e+02
45	1.1148711049398445e+01	1.6892586892470717e+02
51	1.1702930191174227e+01	3.3007008036598569e+02
59	1.1743392834014891e+01	8.3165551722049713e+01
66	1.1673064791220618e+01	5.0387803288176656e+01
69	1.1508178383914986e+01	3.1792516979388893e+02
74	1.0990235270199895e+01	1.9383289008401334e+02
77	1.0811522273923579e+01	2.0556308235973120e+02
81	1.1589961283555928e+01	2.3318978249095377e+02
82	1.1837490877048559e+01	1.2741807304322720e+02
87	1.2171586250321267e+01	4.2009099572896957e+00
105	1.1589294132809721e+01	1.6826136672869325e+02
116	1.1842688302398736e+01	7.5084590977057815e+01
134	1.1922898815555165e+01	1.0431360061280428e+02
136	1.1933631688819661e+01	2.2066131250932813e+02
137	1.0956928245535027e+01	1.5368753652088344e+02
140	1.1437449349739206e+01	1.5421766742132604e+02
147	1.1768359956036447e+01	1.2959796851500871e+01
163	1.1969280033753948e+01	3.2148763622157276e+02
185	1.1929743812313767e+01	5.1574682453647249e+01
187	1.1623284273206329e+01	2.0757031842134893e+02
194	1.2090376721947685e+01	5.9546200605109327e+01
206	1.1547926556809466e+01	8.6765850707888603e+00
228	1.1994374021012844e+01	8.5982734523713589e+00
230	1.1183908974003664e+01	1.5478844275698066e+02
232	1.1919516276468725e+01	2.0774434785358608e+02
241	1.2068275706665910e+01	2.9343602062202990e+02
255	1.1969062795892176e+01	7.5417437106370926e+01
261	1.2015632125367098e+01	1.3129092771559955e+01
262	1.1844818964676728e+01	2.8418394288048148e+02
266	1.1687035716520811e+01	1.6825582972727713e+02
270	1.1002917939588883e+01	1.9140051836147904e+02
273	1.1095142694839332e+01	6.0419087558984764e+01
283	1.0475303946629984e+01	5.9265952091664076e+00
290	1.1345120013661683e+01	1.5977087398990989e+02
293	1.1200696975278719e+01	2.9223774491809309e+02
302	1.1721605048806490e+01	2.3771948274224999e+02
305	1.1204041415508186e+01	3.2539653458632529e+02
306	1.0801546373270719e+01	1.7105498548597097e+02
311	1.2093046026205714e+01	1.6815071345306930e+02
316	1.1797203906763919e+01	3.2085647899657483e+00
324	1.1336994406592458e+01	2.8453446786850697e+02
328	1.1407817385492136e+01	5.6238059811294079e+01
334	1.1897116955876029e+01	2.5751864972524345e+02
340	1.2028452002572644e+01	2.2486697282642123e+02
341	1.2150651373657587e+01	7.2097706068307161e+01
354	1.1608280893747699e+01	2.4204044141806659e+02
363	1.1401799525193582e+01	1.4808758676052094e+02
368	1.1364024906161006e+01	2.9126780658960342e+02
384	1.0359608445030720e+01	8.1140571339055896e+01
387	1.1175463835759416e+01	7.2170914029702544e+01
392	1.0602748814282505e+01	1.7604262833483514e+02
398	1.1324755119573119e+01	3.2529667208902538e+02
399	1.1400303414651717e+01	7.9028672045096755e+01
405	1.2147479874763066e+01	2.9827966187149286e+01
428	1.0980730234962460e+01	1.3936875388026237e+02
442	1.1394563829373425e+01	3.8236062722280629e+01
447	1.2101283899586944e+01	2.5765485615469515e+02
455	1.1803072357275672e+01	9.5237752469256506e+01
467	1.0457586499969853e+01	2.8787802949547768e+02
471	1.0881645981584860e+01	3.3156643020920455e+02
473	1.1327753529120288e+01	8.2297731377184377e+01
483	1.1725113963792941e+01	9.6151518216356635e+01
486	1.0569928960328744e+01	1.2003813511691988e+02
488	1.1485723380386034e+01	7.3613896714523449e+01
492	1.1083405958674042e+01	5.8297643791884184e+01
504	1.1554052163995321e+01	3.6722752097994089e+01
506	1.1948815807566888e+01	6.0052974661812179e+01
511	1.0816195389931112e+01	1.4369522323831916e+02
514	1.1673682942744255e+01	4.9937263252213597e+01
521	1.1525825376378554e+01	5.6157298665493734e+01
522	1.2186901679935554e+01	1.0951589721255004e+02
535	1.1608939486090067e+01	2.2493054863996804e+02
540	1.1274080602779582e+01	7.5359676992520690e+01
542	1.1209022776294617e+01	1.5832370395772159e+02
548	1.2198318074571555e+01	5.9678703323006630e+01
0	1.1053535087482835e+01	3.5898653092794120e+02
9	1.1395032528017810e+01	3.0467193055897951e+02
13	1.2046038829113400e+01	8.2647799216210842e+01
15	1.1686397144677104e+01	3.2902632806450129e+02
23	1.1729153089676013e+01	1.8653491736389694e+02
46	1.2091521053493016e+01	3.4622013224288821e+01
58	1.1514413872016204e+01	9.3952433299273238e+01
93	1.1489493362920248e+01	3.3906130121089512e+02
94	1.1024834251115495e+01	1.3672918444499376e+02
112	1.2126275168334592e+01	6.9104187386110425e+01
113	1.1737780401549076e+01	1.6715214271098372e+02
124	1.2018291581317941e+01	1.0393841975368558e+02
130	1.1506368887723971e+01	2.0522399682551622e+02
139	1.1830691456124432e+01	1.5401254867203534e+02
148	1.1445754205688958e+01	2.3555655777454373e+02
155	1.1824798358638903e+01	5.8182670651003725e+01
162	1.1581994797582508e+01	3.5343238860368723e+02
169	1.1467330258284369e+01	1.6390168919228014e+02
171	1.2204037702170174e+01	3.9360982943326242e+01
172	1.1492613614413578e+01	5.2571787703782320e+01
175	1.1827499029951683e+01	3.2991973299533129e+02
176	1.1683940418652819e+01	1.6637490534223616e+02
182	1.1840705382766435e+01	5.8393984045833356e+01
192	1.1809007230240640e+01	1.8818518493324518e+02
198	1.1575146030613540e+01	2.7228074049577117e+02
202	1.2101767399540419e+01	2.8809758741408582e+00
207	1.1421316383585982e+01	1.6272057836875322e+02
208	1.2117075400466611e+01	2.9100194787606597e+02
217	1.2148072389855635e+01	3.4607421261258423e+02
223	1.1937565689202907e+01	1.9237584122456613e+02
227	1.2047123105950824e+01	8.6936089089140296e+01
229	1.2086813257905938e+01	3.4766164977103472e+02
248	1.1703388220192631e+01	1.4378950489684939e+02
249	1.2106121309552675e+01	2.0768542701378465e+02
251	1.2187953066451053e+01	2.8301840529777110e+02
252	1.0917596773981403e+01	9.1692989040166140e+01
253	1.2183885870468524e+01	2.9611766980960962e+01
254	1.1548820875830593e+01	5.6792158680036664e+01
280	1.2048890977686009e+01	3.3655399116687477e+02
281	1.2084528677608214e+01	2.8155312708579009e+02
288	1.1475824978518284e+01	3.0076684830710288e+01
296	1.0922343786398294e+01	2.5404557143338025e+02
315	1.1294273995495551e+01	1.1998234994709490e+02
321	1.1574944421541494e+01	2.1783716501668098e+02
325	1.1233014830571191e+01	7.8299718797206879e+01
329	1.1653530335931295e+01	1.8372995747253296e+02
331	1.1838529556689865e+01	5.2089086389169097e+01
336	1.0718689710083011e+01	1.4145849628373983e+02
337	1.2038129120222806e+01	2.9082142682746056e+01
339	1.1394101786810955e+01	3.6478076130151749e-01
342	1.1965134773790405e+01	2.2504017228260636e+02
350	1.1871310237180149e+01	3.4904322244226933e+02
364	1.2185195055189766e+01	3.4777676288969820e+02
367	1.1412856514405794e+01	2.3731198746711016e+02
373	1.1828040371603910e+01	3.3029938694089651e+02
376	1.2021880023703282e+01	2.8988490211777389e+02
378	1.1726492604372945e+01	1.7552677416242659e+02
386	1.1836123340649072e+01	3.3160808843560517e+02
389	1.1317892261696469e+01	1.6769077319651842e+02
397	1.1835565108028460e+01	2.8352916260249913e+02
401	1.1928428538707124e+01	9.2809041542932391e+01
403	1.1761609413897874e+01	4.7674668235704303e+01
412	1.1926773369150334e+01	1.3961800402030349e+02
427	1.1844429294163179e+01	3.5529941294342279e+02
430	1.1162067319429056e+01	3.5357125016860664e+02
438	1.1877587214077394e+01	1.3474058378487825e+01
444	1.2152597701927192e+01	2.7943726541474462e+02
454	1.1764865878940329e+01	2.6831574423238635e+02
468	1.1382198831473410e+01	1.8058904260396957e+02
470	1.2094711657257072e+01	4.4740814538672566e+01
477	1.2065481368417130e+01	2.3401929150335491e+02
491	1.2102930874779746e+01	1.8820657202973962e+02
494	1.0898756948044003e+01	2.1401667259633541e+01
519	1.2214965102138921e+01	3.8758994489908225e+01
530	1.2186028569625551e+01	2.1761280208826065e+02
533	1.1866518525246322e+01	7.0520962458103895e+01
536	1.1682943948476966e+01	2.0265720896422867e+01
1	1.1782003728777079e+01	3.3572065003216261e+02
17	1.1443306038037287e+01	1.5505148523487151e+02
21	1.2176305140187871e+01	2.8899270116351545e+02
24	1.2043412633547069e+01	3.1140728831291199e+02
25	1.2070838036700708e+01	2.9849288784898818e+02
32	1.2161948516058629e+01	1.4824363642372191e+02
37	1.1978326046124961e+01	1.4851398423314095e+02
40	1.2204367927209985e+01	2.3782886087894437e+02
67	1.1334491336435898e+01	2.8526528852060437e+02
68	1.2143317348845065e+01	1.0728489635512233e+01
78	1.1837259506260047e+01	2.2962113231420520e+02
91	1.2150206772428170e+01	2.3064237702637907e+01
107	1.2121753194907262e+01	2.9940933220088482e+02
109	1.2215726433893908e+01	2.5229338109493252e+01
115	1.1845491151919786e+01	1.8296911351382735e+02
118	1.1765619750595887e+01	1.8679027514532208e+02
131	1.2178140687456493e+01	1.5045355377718806e+02
132	1.1448877718465155e+01	1.3242356657981873e+02
157	1.1496318421539497e+01	1.3360820232890546e+02
159	1.1997674852425286e+01	2.6674400059506297e+02
179	1.0894408714805911e+01	7.6584130134433508e+01
189	1.2115097145046429e+01	2.2438516125082970e+02
193	1.1874662162743617e+01	2.6525212643668050e+02
199	1.2149542622901992e+01	1.4314005970023572e+02
210	1.0980815065646523e+01	2.1931451576761901e+02
211	1.2169404938047633e+01	1.2545180730521677e+01
218	1.1966277056594722e+01	1.2030667939223349e+02
226	1.1497819834898698e+01	3.2266088951379061e+02
231	1.1413530016834679e+01	1.2466386406682432e+02
238	1.1105722128474909e+01	8.9532071957364693e+01
242	1.1488265948340418e+01	1.9580300529487434e+02
244	1.1901579136354725e+01	2.1198237698525190e+02
256	1.1480990433294226e+01	1.5025780566036701e+02
257	1.1599340252987906e+01	1.2516840593889357e+02
263	1.1740148526418025e+01	3.2419027696363628e+02
272	1.1586209921039980e+01	2.0212522516027093e+02
279	1.1917904945046175e+01	1.1504238881170750e+01
282	1.1670904754396140e+01	1.8633383542299271e+02
286	1.1367283683915213e+01	3.0955808498896658e+02
291	1.1872426324187112e+01	6.9547505490481853e+00
292	1.1467345624739496e+01	2.4131538290530443e+01
300	1.1941459388483667e+01	3.1143226906657219e+02
319	1.2005276691032464e+01	1.9965355731546879e+01
333	1.1345993321960144e+01	3.2366303991526365e+02
338	1.1994334829174717e+01	1.2676367213018240e+02
343	1.2009095796788658e+01	1.1572265954688191e+02
345	1.1647745095512873e+01	2.6041131064295769e+02
347	1.1560942787651699e+01	1.4626954835839570e+02
348	1.1921203837412479e+01	2.5356061002239588e+02
359	1.2206537483980405e+01	1.6059582198970020e+02
366	1.2211160935575244e+01	3.5741756429895759e+02
377	1.1729836595998075e+01	1.7282265359535810e+02
380	1.1130769837024507e+01	1.9998991336673498e+02
394	1.1523715393461613e+01	3.1901853298768401e+01
404	1.1198668204326289e+01	1.3395156254991889e+02
414	1.1864322248214103e+01	2.6486356236040587e+02
418	1.1961262586068720e+01	2.3627370938658717e+02
429	1.1830364662089112e+01	3.0102480204775929e+02
433	1.1224223490574749e+01	3.1052355961874127e+01
434	1.1927105506947056e+01	3.5692220480181277e+02
446	1.1915108053246072e+01	1.8381575044244531e+02
451	1.1587444955642583e+01	2.5056194183416662e+02
461	1.1942693342813172e+01	3.1482369571924210e+02
466	1.2195653045478183e+01	3.5699544142931705e+02
474	1.2135237234472889e+01	3.0329508637078106e+02
496	1.2132368843681995e+01	2.0676392007619143e+02
498	1.2108447993287578e+01	2.3072589380666616e+02
508	1.1747421535982964e+01	5.7749899914488196e+01
510	1.1479847942184330e+01	1.7224212407134470e+02
518	1.1471691506830396e+01	3.3412457574158901e+02
520	1.1949605229691246e+01	1.6295195485465226e+02
537	1.1232292179266016e+01	1.1827901688404383e+02
43	1.1903861210327326e+01	7.9964837422594428e+01
80	1.2053892228619800e+01	2.4847365226596594e+02
85	1.2072743288660389e+01	2.7100380607880652e+02
102	1.2057864359310313e+01	2.5525530804879966e+02
138	1.2023726894957138e+01	2.7067426895722747e+02
174	1.1424708228843066e+01	7.7634099125862122e+01
195	1.2125383798016379e+01	2.4734098758548501e+02
200	1.2151170742404837e+01	3.3307203887030477e+02
203	1.1627665421969992e+01	3.3348625601269299e+02
209	1.2106312350831969e+01	1.3261566739529374e+02
239	1.1934053322261230e+01	3.1096864781342447e+02
264	1.2025173410329586e+01	1.6787926107645037e+00
274	1.2183911248472748e+01	1.5158691239543259e+02
275	1.1700897078509314e+01	2.4648764689452949e+02
287	1.1925441063434812e+01	6.6641148962080479e+01
303	1.1468835922103983e+01	6.7456288626417518e+01
327	1.1585967417514938e+01	2.4495842406526208e+02
356	1.1916148852511030e+01	1.8455821288749576e+02
382	1.2205568003770729e+01	1.7522737652063370e+02
436	1.2085773164360846e+01	3.5797132646664983e+02
440	1.1578890628833976e+01	2.4772179638966921e+02
452	1.2087427347018201e+01	1.9982136687263846e+02
453	1.2205842017538480e+01	3.1002827086485922e+02
456	1.2092544271122492e+01	3.5991688253358006e+02
476	1.1775612001418045e+01	1.7435575984418392e+02
482	1.1442892589894790e+01	1.8547799776308236e+02
497	1.1993735571117449e+01	1.3638488151133060e+02
516	1.1345131208046340e+01	6.4099208079278469e+01
524	1.1528592635759685e+01	2.2569190154783428e+02
532	1.2182521778842323e+01	1.4968516149558127e+02
