2 215
2 202
2 101
2 87
2 68
2 206
2 228
2 211
2 147
2 65
2 247
2 245
2 158
2 117
2 109
2 91
2 180
2 89
2 46
2 171
2 79
2 66
2 185
2 172
2 99
2 182
2 155
2 194
2 205
2 112
2 33
2 201
2 161
2 116
2 179
2 174
2 237
2 43
2 125
2 59
2 13
2 227
2 238
2 58
2 152
2 127
2 124
2 204
2 134
2 34
2 41
2 97
2 235
2 10
2 218
2 231
2 92
2 82
2 157
2 132
2 94
2 73
2 248
2 140
2 137
2 17
2 230
2 207
2 169
2 16
2 105
2 103
2 45
2 173
2 74
2 242
2 63
2 54
2 210
2 148
2 31
2 198
2 168
2 67
2 167
2 188
2 9
2 86
2 69
2 163
2 226
2 15
2 175
2 51
2 203
2 200
2 8
2 1
2 93
2 61
2 234
2 126
2 217
2 229
2 162
2 0
2 28
2 153
2 213
2 129
2 22
2 184
2 181
2 220
2 123
2 48
2 233
2 177
2 154
2 35
2 243
2 240
2 4
2 224
2 160
2 53
2 190
2 84
2 212
2 141
2 6
2 71
2 42
2 12
2 110
2 221
2 49
2 170
2 77
2 100
2 146
2 75
2 7
2 214
2 135
2 197
2 111
2 164
2 83
2 95
2 19
2 222
2 47
2 72
2 52
2 186
2 156
2 18
2 57
2 3
2 246
2 166
2 44
2 142
2 119
2 128
2 114
2 150
2 183
2 5
2 60
2 55
2 30
2 191
2 178
2 64
2 90
2 145
2 26
2 144
2 143
2 38
2 50
2 121
2 27
2 106
2 120
2 219
2 216
2 122
2 14
2 165
2 133
2 236
2 149
2 196
2 98
98 31
98 102
98 20
98 193
98 159
98 85
98 138
98 198
98 168
98 104
98 96
98 36
98 67
98 21
98 208
98 241
98 167
98 25
98 107
98 188
98 9
98 86
98 213
98 49
98 146
98 75
98 7
98 214
98 135
98 197
98 111
98 164
98 83
98 95
98 19
98 222
98 47
98 72
98 52
98 186
98 156
98 18
98 57
98 246
98 166
98 44
98 142
98 114
98 150
98 183
98 5
98 60
98 55
98 30
98 191
98 178
98 64
98 90
98 145
98 26
98 144
98 143
98 38
98 50
98 121
98 27
98 106
98 120
98 219
98 216
98 122
98 14
98 165
98 133
98 236
98 149
98 196
149 171
149 79
149 66
149 185
149 172
149 99
149 182
149 155
149 205
149 28
149 153
149 213
149 129
149 22
149 184
149 181
149 220
149 123
149 48
149 233
149 177
149 154
149 35
149 243
149 246
149 166
149 44
149 142
149 119
149 128
149 114
149 150
149 38
149 50
149 121
149 27
149 106
149 120
149 219
149 216
149 165
149 133
149 236
149 196
196 94
196 248
196 37
196 32
196 131
196 139
196 140
196 137
196 17
196 230
196 207
196 169
196 16
196 103
196 45
196 212
196 141
196 6
196 71
196 42
196 12
196 110
196 49
196 150
196 183
196 5
196 38
196 50
196 121
196 27
196 106
196 120
196 219
196 216
196 122
196 14
196 165
196 133
196 236
219 137
219 207
219 169
219 16
219 176
219 113
219 105
219 103
219 45
219 88
219 62
219 173
219 71
219 42
219 12
219 110
219 221
219 49
219 183
219 5
219 60
219 55
219 38
219 50
219 27
219 106
219 120
219 216
219 122
219 14
219 165
219 133
38 215
38 101
38 68
38 206
38 228
38 211
38 147
38 65
38 247
38 245
38 158
38 117
38 0
38 28
38 153
38 213
38 181
38 57
38 3
38 246
38 166
38 44
38 142
38 144
38 50
38 121
38 106
38 120
50 247
50 109
50 91
50 180
50 89
50 46
50 28
50 153
50 213
50 129
50 22
50 184
50 181
50 220
50 123
50 48
50 233
50 177
50 246
50 166
50 44
50 142
50 144
50 27
50 121
50 106
50 120
106 238
106 58
106 152
106 127
106 124
106 204
106 134
106 34
106 97
106 240
106 4
106 224
106 160
106 53
106 190
106 142
106 119
106 128
106 114
106 150
106 183
106 121
106 27
106 120
106 216
106 14
236 203
236 8
236 1
236 93
236 61
236 234
236 126
236 217
236 229
236 162
236 222
236 47
236 72
236 52
236 186
236 156
236 18
236 57
236 3
236 246
236 166
236 64
236 26
236 144
236 143
236 165
236 133
120 157
120 132
120 94
120 73
120 199
120 248
120 37
120 32
120 137
120 230
120 84
120 212
120 141
120 6
120 71
120 12
120 150
120 183
120 5
120 27
120 216
120 14
216 137
216 17
216 230
216 207
216 169
216 16
216 176
216 113
216 105
216 103
216 45
216 71
216 42
216 12
216 110
216 49
216 183
216 5
216 60
216 55
216 122
216 14
216 165
121 46
121 171
121 79
121 28
121 153
121 213
121 129
121 22
121 184
121 181
121 220
121 123
121 48
121 233
121 177
121 35
121 246
121 166
121 44
121 142
121 119
133 67
133 21
133 208
133 241
133 167
133 25
133 107
133 188
133 111
133 164
133 95
133 19
133 222
133 72
133 191
133 178
133 64
133 90
133 145
133 26
133 144
133 165
14 173
14 192
14 118
14 23
14 11
14 223
14 74
14 242
14 63
14 70
14 108
14 221
14 49
14 170
14 60
14 55
14 30
14 122
14 165
165 78
165 81
165 148
165 40
165 29
165 31
165 146
165 75
165 7
165 214
165 55
165 30
165 191
165 178
165 64
165 122
122 88
122 62
122 173
122 115
122 192
122 118
122 23
122 11
122 74
122 71
122 110
122 221
122 49
122 170
122 60
122 55
144 15
144 175
144 51
144 203
144 200
144 8
144 222
144 47
144 72
144 52
144 186
144 156
144 18
144 57
144 143
27 58
27 152
27 127
27 204
27 34
27 4
27 224
27 160
27 53
27 128
27 114
27 150
64 198
64 168
64 104
64 96
64 111
64 164
64 83
64 95
64 19
64 191
64 178
64 90
64 145
183 231
183 225
183 92
183 82
183 151
183 76
183 132
183 84
183 212
183 141
183 5
142 185
142 172
142 99
142 182
142 155
142 205
142 177
142 154
142 35
142 119
178 198
178 168
178 104
178 96
178 111
178 164
178 83
178 95
178 19
178 191
178 90
178 145
55 130
55 249
55 232
55 187
55 49
55 77
55 100
55 60
55 30
150 124
150 204
150 134
150 34
150 41
150 97
150 224
150 160
150 53
246 215
246 202
246 101
246 87
246 206
246 228
246 0
246 3
246 166
166 211
166 147
166 65
166 247
166 245
166 28
166 44
49 192
49 118
49 23
49 11
49 170
49 60
60 11
60 223
60 74
60 63
60 70
60 170
114 179
114 237
114 43
114 125
114 59
114 13
114 240
114 4
114 128
44 109
44 180
44 89
44 28
44 153
44 213
164 198
164 168
164 104
164 83
164 95
164 111
164 145
164 191
213 180
213 89
213 153
213 129
213 28
213 181
181 46
181 184
181 123
181 220
181 129
181 22
191 193
191 214
191 135
191 197
191 111
18 8
18 1
18 93
18 186
18 156
18 57
18 143
71 207
71 169
71 16
71 42
71 12
143 8
143 1
143 93
143 186
143 156
143 57
5 199
5 248
5 6
57 61
57 234
57 217
111 193
111 159
111 197
128 125
128 59
128 13
128 240
128 4
141 92
141 151
141 76
141 132
141 212
141 84
145 36
145 67
145 19
145 90
153 109
153 180
153 89
184 46
184 123
184 220
184 129
184 22
186 203
186 8
186 1
186 156
4 125
4 59
4 227
4 240
28 91
72 163
72 226
72 222
72 47
90 36
90 67
90 19
95 168
95 104
95 83
137 139
137 140
137 17
137 230
156 8
156 93
212 225
212 92
212 82
212 84
8 1
19 36
22 46
22 129
30 54
30 244
30 100
53 204
53 41
53 97
53 160
83 168
83 104
84 225
84 92
84 82
110 105
110 103
110 45
160 204
160 41
160 97
168 104
220 171
220 123
222 86
222 69
230 17
230 139
230 140
12 42
26 25
26 107
26 188
35 66
35 185
35 172
45 105
45 103
59 125
59 13
59 240
92 225
92 82
103 105
119 205
119 243
125 13
125 240
169 207
169 16
233 79
233 177
233 48
245 247
245 158
245 117
245 65
247 158
247 117
17 140
34 124
34 134
47 52
52 15
63 74
63 242
63 70
74 70
82 225
89 180
100 249
100 232
100 187
140 139
146 210
146 136
146 56
170 223
173 115
173 221
214 195
214 80
3 0
6 94
7 29
7 31
11 192
31 29
75 81
75 148
94 73
101 215
101 202
117 158
124 134
132 209
203 200
205 194
215 87
224 127
243 112
243 33
248 199
23 118
61 234
86 69
99 154
135 20
147 211
155 182
167 241
187 249
187 232
206 228
232 249
32 37
51 175
76 151
77 130
113 176
126 229
174 179
174 237
10 235
56 136
85 138
161 201
