n	R	alpha	T
903	13.3124	0.75	0
2	1.9274368105854442e+00	4.6124801198020577e+01
250	3.1505921827967387e+00	3.1230628372170031e+02
98	5.5496773103999297e+00	2.7818609160371125e+02
443	5.6145500231317156e+00	1.0104652494192123e+02
690	5.6546410487695695e+00	2.5375835001468658e+02
677	5.9115494710847045e+00	3.2960972310975194e+01
569	6.3334805670756253e+00	3.7680699527263641e+01
744	7.0361586602007229e+00	3.8260584231466055e+00
487	7.0952832650522941e+00	3.2209077911451459e+02
739	6.8786494919810552e+00	2.2296030619181693e+02
810	7.6072291703929062e+00	9.2054961277171969e+01
441	7.2315304110861698e+00	2.1917271198704839e+02
149	7.4852624981493774e+00	4.6717060608789325e+01
545	7.2967869153328495e+00	4.0283913044258952e+01
50	8.0596768261736251e+00	3.0104281911626458e+01
236	7.7671197270258334e+00	3.4301920479163527e+02
219	7.7224955021747235e+00	1.6995003322139382e+02
106	7.7914688316866672e+00	9.6840377887710929e+01
38	7.9836379857012956e+00	1.2301671607419848e+01
563	7.4902901543187284e+00	3.5099687148816884e+02
765	7.6381133760402946e+00	2.5517422797158360e+02
538	7.5450827972039756e+00	3.5294826010242110e+02
669	8.0873534541396612e+00	3.3410074967890978e+02
196	7.6248192685524003e+00	1.5365190379321575e+02
216	8.1998947185675028e+00	1.6543630108237267e+02
887	8.5723412788782287e+00	3.1517323432490230e+01
932	8.4381136180409353e+00	3.2281185622327030e+02
948	7.8643745096409710e+00	1.3971507324837145e+02
371	8.4618933148666322e+00	1.9221636001020670e+02
165	8.0043621055241214e+00	2.3440340353175995e+02
478	8.5149782630502386e+00	5.1819424638524659e+01
14	8.5198572584010481e+00	1.9238900659605858e+02
133	8.0094300100289768e+00	2.9267818978987634e+02
335	8.2486818937105628e+00	1.1171802174299955e+02
393	8.5304131860017964e+00	7.3322758264839649e+01
422	7.9868519508214311e+00	2.4480689266696575e+02
527	9.6772564753177104e+00	2.4635181706398726e+01
560	8.2830048988956317e+00	3.1064821989275515e+02
437	8.9219917487476135e+00	2.3532831201329827e+02
475	8.6823437351396375e+00	1.1000578106380999e+02
598	8.4824765582401014e+00	6.6511951563879848e+01
120	8.0943839112569069e+00	1.4267278376966715e+02
121	8.4615091176480579e+00	3.8651510998606682e+01
122	8.5637133498900742e+00	1.8353170014917850e+02
909	8.6886887728443263e+00	2.9343175314366817e+02
144	9.1668861343800412e+00	3.2990755434148014e+02
349	8.8295034729161603e+00	2.1072931674309075e+02
402	8.7400960090645849e+00	2.0311514829285443e+02
426	8.5389221820391619e+00	3.4513196540996432e+02
657	9.1756217026233546e+00	3.3118100197054446e+02
114	9.6899954872173932e+00	8.2930609490722432e+01
741	9.9075623263505808e+00	2.2503288052976135e+01
344	1.0226534911418110e+01	1.7034562435001135e+01
374	8.6585374670373110e+00	1.1309274916537106e+02
875	9.2658778446165986e+00	3.2671204294078052e+02
183	9.7007712086292255e+00	1.2832692548632622e+02
27	8.9916882919831718e+00	9.8297991855069981e+01
44	1.0285675936734968e+01	2.6411102721467614e+01
64	9.3191718383668984e+00	2.7557463859207928e+02
142	9.5612702436602000e+00	5.5201854240149267e+01
727	9.7259553454896697e+00	2.4115968100726607e+02
873	1.0339831972090444e+01	3.6506349379196763e+01
178	9.6967297950602127e+00	2.7512698050588369e+02
423	9.7045382497995849e+00	2.1022552379406989e+02
525	8.7443365042354184e+00	2.5599431497044864e+02
640	9.9478867307975332e+00	2.7420919798314571e+01
55	9.4070380751539329e+00	2.0372833027504387e+02
150	9.8053764549262219e+00	1.0596940987743437e+02
295	9.7338341834233653e+00	2.7822615508921444e+02
388	9.4931652464072922e+00	3.1674711769446731e+02
902	9.1361425081023615e+00	3.4981920856051147e+02
907	9.5262637456927255e+00	2.7576111028902233e+02
153	1.1188728161398442e+01	2.6628839252516627e+01
246	9.4206060239518710e+00	5.7142727170139551e+00
323	1.0269331817277855e+01	3.2058616261929274e+02
512	9.4939826702844901e+00	9.9169267471879706e+01
602	9.9549486483112322e+00	6.0511079113930471e+01
647	9.8811564017027589e+00	3.0504385152831674e+02
694	1.0494761420670423e+01	3.4179144557565451e+01
870	9.3978272465842405e+00	4.0786782894283533e+01
145	1.0339649092689646e+01	2.8150504656136036e+02
408	9.9704771445405296e+00	1.6451204664073884e+02
460	1.0480228911696393e+01	3.2017490940168500e+02
554	1.0538766327998491e+01	5.0267251739278436e+01
635	9.4746016412457834e+00	2.8475285810418433e+02
5	1.0137204666764163e+01	1.4276906141079962e+02
49	1.0593208378062194e+01	1.8892777788452804e+02
166	9.7687608980006768e+00	1.4286060696467757e+01
191	9.6892067651199518e+00	2.6208419049158692e+02
222	1.0603093450568300e+01	3.1884834992699325e+02
361	1.0719964266716579e+01	1.2944170947186649e+02
410	1.0358411546932382e+01	2.9376270194537938e+02
425	1.0410220739986809e+01	1.2996628945693374e+02
599	1.0381448942765923e+01	3.3145104400813580e+02
630	1.1687152081566106e+01	1.6174013642594222e+01
662	1.0782981959734350e+01	9.4053732203319683e+01
719	1.0611651808610235e+01	4.5178590361028910e+01
764	1.0732110848924108e+01	4.8295268956571817e+01
827	9.5100196982601499e+00	8.5031779194250689e+01
877	9.5859035499288954e+00	2.3923538999632001e+02
26	1.0027597398817921e+01	2.9865721128880978e+02
60	1.0274120041607480e+01	1.9204145743511617e+02
71	1.0667404838253738e+01	1.6127286585979164e+02
143	1.0501103705927205e+01	3.3738851733505732e+02
164	1.0842596459108742e+01	2.7336556772701442e+02
297	9.9399229772092994e+00	8.5755929443985224e+01
421	9.9190341753983944e+00	2.1725807307288053e+02
439	1.0547477962855700e+01	2.5887216967530549e+02
526	1.0154951690953267e+01	6.9645805601030588e+01
655	1.1005364479765698e+01	3.5307315775193280e+02
775	1.1025025769949474e+01	5.1734402552247047e+01
809	1.1342792951239867e+01	1.6875290013849735e+01
836	1.1055502640631323e+01	3.5360962486825889e+02
936	1.0362854052087025e+01	8.1029475750401616e+01
72	1.0684753439122268e+01	3.2116891267709434e+02
95	1.1393341421288516e+01	2.7465122418478131e+02
181	1.1233090158380634e+01	3.4350927975028753e+01
212	1.0981031451329384e+01	1.2764780416153371e+02
213	1.0554755440102435e+01	2.8267189012840394e+01
220	1.0998086491028950e+01	3.7940850080922246e+01
276	1.1157398070686391e+01	9.8604116979986429e+01
332	1.1306342733781051e+01	1.7388004325330257e+01
372	1.0872878092698093e+01	2.0782060079276562e+02
383	1.1192740660426447e+01	9.9304523896425962e+01
420	1.0723846068655307e+01	2.6472733019851148e+02
448	1.0743536950182692e+01	2.8000394543632865e+01
449	1.0850550329536818e+01	2.2150952347554264e+02
480	1.1818122758608871e+01	3.1929136552847922e+02
501	1.1337549723550225e+01	1.2830763177014887e+02
549	1.1295404565036007e+01	1.6665123095735905e+02
617	1.1184189675928435e+01	3.3658366561867297e+02
622	1.1089771832693236e+01	1.7087023342028260e+01
637	1.1114292545150183e+01	1.6769896122626960e+02
645	1.0614883476042950e+01	7.2528000539168715e+01
651	1.0346709369691425e+01	3.2159388195723295e+02
667	1.1000751966400179e+01	9.4055114379152656e+01
695	1.1295705649284320e+01	1.2832338991574943e+02
700	1.0675906750435766e+01	4.3975466648116708e+01
710	1.1302934631288856e+01	1.1279650186188519e+02
760	1.1095455079134409e+01	3.2144432147964841e+02
868	9.6643271194848150e+00	1.7578163523226974e+02
871	1.1163596227795432e+01	3.4158127798698843e+02
881	1.1085877026539722e+01	1.3837740104645491e+00
930	9.8060747185061494e+00	2.6969134647399187e+02
6	1.1072110391913840e+01	1.3964786647818985e+02
18	1.0695336332029962e+01	3.3808600617572665e+02
30	1.0221174303628555e+01	2.1350358604453504e+02
53	1.1544774525427691e+01	1.0761483991518617e+02
57	1.0754207818471203e+01	3.4435283716768026e+02
75	1.0913453975557063e+01	2.3482759614475071e+02
90	1.0426622935047844e+01	2.8330253060907125e+02
123	1.1444009034148065e+01	3.6768683670088649e+01
128	1.0531818425125943e+01	8.4104109965264797e+01
141	1.0657487029087120e+01	1.3028560183010995e+02
160	1.1409109249877146e+01	1.0752488742582501e+02
184	1.1518253519769734e+01	3.4310812186449766e+01
233	1.1642365494578241e+01	4.5549416989088058e+01
284	1.1476922223670719e+01	1.0756808063015342e+02
304	1.0877657048551351e+01	1.8802316450513902e+02
307	1.1324174379197286e+01	3.0492802175693214e+02
326	1.0807115351644027e+01	7.2075238293036819e+01
352	1.1515092109115512e+01	1.1295193729922175e+02
369	1.0647417676009249e+01	1.6493431619368494e+02
462	1.0754787058598128e+01	3.0520439296960831e+02
493	1.1450408321337918e+01	3.4163172572851175e+02
500	1.0065242862967620e+01	1.4641303455457091e+02
625	1.1236626237504671e+01	3.1731425930745905e+02
646	1.1209290151545540e+01	2.5938645022921264e+02
653	1.0328320251390585e+01	2.8224893585778773e+02
731	1.1129564794592765e+01	4.6264830781146877e+01
763	1.0288686486795747e+01	2.0225948573090136e+02
801	1.1058621415803813e+01	3.3593349689617753e+02
833	1.0778667265165330e+01	2.9176090070977813e+02
842	1.1526244161634551e+01	3.0473869183100760e+02
853	1.0538005663063752e+01	2.1719333846122026e+01
890	1.1348616434537425e+01	3.3548621926456690e+00
929	1.1561461230856565e+01	1.0753447154536843e+02
940	1.0725553926372184e+01	3.5264779594726866e+02
947	1.1275020487417967e+01	2.4832631785422561e+02
4	1.0754455901469058e+01	8.4992031455039978e+01
10	1.2153330826714885e+01	1.1277846467681231e+02
19	1.1154250629178145e+01	2.8022012477740645e+02
47	1.1678698147485592e+01	3.2521326167508960e+02
52	1.1242279105390208e+01	3.2776141673326498e+02
83	1.1908650625424173e+01	2.7476390060037374e+02
84	1.1566586082219168e+01	1.2835141807794571e+02
92	1.2247600462019752e+01	1.2791173076257110e+02
129	1.1611524390872196e+01	3.2960318522527821e+01
152	1.2558538230969402e+01	9.8872255152091384e+01
156	1.1136152655824835e+01	3.3793621125631029e+02
214	1.0643982053449692e+01	2.4954667132347822e+02
243	1.1055913844729107e+01	6.8853697227314115e+01
299	1.1038437378699635e+01	1.0123808093369009e+02
305	1.2296950541145927e+01	3.2539653458632529e+02
313	1.0381099802514205e+01	1.5869819590821862e+02
370	1.1934406054143745e+01	3.1943089907057583e+02
471	1.1974463614548620e+01	3.3156643020920455e+02
499	1.1341007871321139e+01	4.6010521072894342e+01
517	1.0986875107338529e+01	2.1003787117078903e+02
531	1.0934475283432043e+01	3.4387566187418997e+02
544	1.0669226087458883e+01	1.1518971752375366e+02
559	1.0596352653174241e+01	1.4284767963923514e+02
584	1.2970499686221233e+01	9.4296061741188169e+01
594	1.1257831507469382e+01	1.9486532815732062e+02
595	1.1159932884298380e+01	9.8171592336148024e+01
620	1.0754415837942828e+01	1.1837493368424474e+02
638	1.2074409935522439e+01	2.9637394901365042e+01
659	1.1095836442836022e+01	1.9132499598897994e+02
688	1.2097054751967518e+01	9.9210199490189552e+01
709	1.2788333758506175e+01	9.4317113729193807e+01
717	1.2268337624228415e+01	3.7187865916639574e+01
777	1.0970641077573381e+01	3.4372139068320394e+02
806	1.1610603655996961e+01	1.6193934668786824e+02
815	1.0986998400803850e+01	3.2644507840275764e+02
840	1.0882114324419852e+01	2.3837831298820677e+02
941	9.9984397518004666e+00	2.9737196914851665e+02
9	1.2487986293265898e+01	3.0467193055897951e+02
22	1.1765726387220424e+01	3.3408291684463620e+01
48	1.1651924841859602e+01	4.3016570555046208e+01
58	1.2607392461356945e+01	9.3952433299273238e+01
61	1.2136889318299843e+01	3.4197772809304291e+02
63	1.2137286154502190e+01	1.9461618304252625e+02
65	1.2480741372635846e+01	1.6324461009353399e+01
110	1.0968600420503131e+01	1.7009101490490139e+02
111	1.0664115568583986e+01	2.6739533775486052e+02
146	1.1328132894583938e+01	2.2187841941602525e+02
168	1.2645358219575984e+01	2.7452632955275476e+02
170	1.1782370666047713e+01	1.9145752066746354e+02
177	1.1541623176218685e+01	4.7616218877956271e+01
180	1.2695814445787313e+01	2.6733036283403635e+01
234	1.2362071767743968e+01	3.4201559057459235e+02
270	1.2095772606718450e+01	1.9140051836147904e+02
312	1.1501783995472502e+01	7.8725845199078321e+01
318	1.1453838539824096e+01	2.4233302046544850e+02
330	1.0734234032460691e+01	3.5570328396745032e+02
358	1.2985831327843288e+01	1.6438020123168823e+01
360	1.1708480170883888e+01	3.4848455526866019e+02
379	1.1089007108169413e+01	3.0290762233547866e+02
387	1.2268365714929077e+01	7.2170914029702544e+01
390	1.1244368598100264e+01	2.6099284356459975e+02
398	1.2417693197677279e+01	3.2529667208902538e+02
411	1.2704401518492270e+01	1.6492146765813231e+01
428	1.2073578375681324e+01	1.3936875388026237e+02
430	1.2254965747783151e+01	3.5357125016860664e+02
431	1.2248117725653772e+01	2.1072707475163040e+02
450	1.1081887110010470e+01	3.0160939235240221e+02
469	1.1770153971470203e+01	2.7803351984359324e+02
472	1.2198347357920918e+01	1.6141172004863620e+01
484	1.2256287178748622e+01	3.1692364920862019e+02
504	1.2647038516277433e+01	3.6722752097994089e+01
509	1.1411928390234067e+01	3.1653783640824253e+02
511	1.1908991591193667e+01	1.4369522323831916e+02
558	1.2964197403513483e+01	1.2798298037610948e+02
579	1.1922074268917077e+01	8.9109557652845979e+01
581	1.1133476857561149e+01	8.8891374785453081e+01
616	1.0868204669905539e+01	1.4656703090295196e+02
618	1.2190915535944265e+01	1.9176381980068984e+02
639	1.1707737283633504e+01	7.1987401144579053e+01
641	1.3178762844884467e+01	3.2128698670305312e+02
696	1.1716660793768526e+01	3.2759406466037035e+02
702	1.2661837651470023e+01	3.4198381301946938e+02
718	1.2750791875877569e+01	3.4201141747646034e+02
748	1.1494647003843141e+01	3.0943863742053509e+02
750	1.2327944059577042e+01	1.9167071647010741e+02
751	1.0636657164161486e+01	3.0112152359448373e+02
778	1.2119328685243785e+01	3.3030174988321966e+02
786	1.3107404949834923e+01	9.4398631090298295e+01
791	1.1941156809344355e+01	2.2093908257782456e+02
796	1.1686278942709265e+01	3.1754412101581696e+01
821	1.1482347477657155e+01	1.1865886906161904e+01
858	1.0798826117405300e+01	1.6956162597052753e+02
874	1.2682950635275311e+01	2.1057759247720242e+02
883	1.1875699420960458e+01	2.3325266595929861e+01
889	1.1915350922003398e+01	2.3353914683684707e+01
897	1.2522063393105837e+01	3.3154099666513503e+02
905	1.2009657022660063e+01	3.0474452680908144e+02
922	1.0712633732316130e+01	1.6586728462949395e+02
933	1.1667482591723150e+01	1.4370982593856752e+02
946	1.1663558280287646e+01	2.1909406919963658e+02
7	1.1895837764059380e+01	2.4110857453197244e+02
8	1.2080034511995558e+01	3.3679406614042819e+02
28	1.0949048549845584e+01	2.1327550951391462e+01
31	1.2159400659508526e+01	2.4179547300562263e+02
46	1.3184592755386207e+01	3.4622013224288821e+01
51	1.2795943723575654e+01	3.3007008036598569e+02
54	1.2365655267509737e+01	2.1038008457981053e+02
56	1.2572583950627889e+01	2.2101779459975660e+02
89	1.2678722908103650e+01	2.6565123964101076e+01
135	1.1370355876681794e+01	2.5826097671873868e+02
154	1.1476705898783345e+01	5.4769376618787646e+01
162	1.2674986485240476e+01	3.5343238860368723e+02
163	1.3062335228960734e+01	3.2148763622157276e+02
167	1.2351401540449045e+01	2.9299549025483429e+02
224	1.1892655172280406e+01	1.0133163562975824e+02
235	1.2629390309317939e+01	1.1289989892393351e+02
238	1.2198605657232093e+01	8.9532071957364693e+01
240	1.1773446793793802e+01	8.4696597615256906e+01
247	1.2156504383973655e+01	1.7895965427160263e+01
260	1.2928890996568695e+01	2.6900601424276829e+01
265	1.1804524102012907e+01	9.5113189509138465e+01
271	1.1782461156460736e+01	4.6870098486542702e+01
277	1.2176990337933539e+01	3.5999018512666225e+00
309	1.1760808081449829e+01	5.0140817770734429e+01
322	1.1374308050683593e+01	1.1492056514136493e+02
341	1.3243730533159146e+01	7.2097706068307161e+01
355	1.1894821857571833e+01	2.8041200707666576e+02
357	1.2236395387705137e+01	2.2149537591263655e+02
394	1.2616695825230822e+01	3.1901853298768401e+01
395	1.3086021020536663e+01	5.9648270476609476e+01
415	1.1883800048497179e+01	3.2746930137276649e+02
435	1.2098800356338360e+01	2.8062006770633161e+02
442	1.2487517492714700e+01	3.8236062722280629e+01
465	1.1753606468874809e+01	1.0136980421841145e+02
481	1.3110518345154786e+01	3.1926309278234839e+02
495	1.3218301080115603e+01	3.1913981418125331e+02
507	1.1064002073129929e+01	1.5818559718318284e+02
528	1.2252985122788971e+01	3.1667615809477871e+02
539	1.1924252798851560e+01	2.7777505648322403e+02
543	1.2269618289350293e+01	2.2087950241751972e+02
546	1.2943486805500905e+01	1.1268527015112340e+02
551	1.2450550061635630e+01	1.3351668510586023e+01
587	1.1926248047302343e+01	1.2992288628593087e+01
590	1.1745231608340559e+01	3.5153315386734903e+02
596	1.0715414203411962e+01	1.7757657621055841e+02
603	1.1363059260442057e+01	2.4687129112891853e+02
607	1.2524754605484176e+01	2.5014427620917559e+01
626	1.2633487108334288e+01	2.9266406938433647e+02
665	1.2945099436025059e+01	3.0453232409432530e+02
668	1.3114355367087988e+01	3.5354001148603862e+02
693	1.1406149370265723e+01	1.8971085182391107e+02
699	1.1646988941167805e+01	7.2470596153289080e+01
705	1.2230318666784862e+01	2.5093030091375113e+01
711	1.2297994586502503e+01	3.2576763320714235e+02
730	1.2435101575066481e+01	3.1557457158342004e+01
733	1.1473074140813829e+01	3.4663361353799701e+02
749	1.3019367926037681e+01	2.2125338743440804e+02
758	1.2084137683897618e+01	1.3917550683952868e+02
762	1.1681426179357024e+01	7.8516067285090685e+01
767	1.2550058457383940e+01	9.1675272211432446e-01
773	1.2112282318421387e+01	5.2209436688572175e+01
776	1.1800962526514583e+01	1.1194836046546698e+02
779	1.1417810661654336e+01	3.0547703021205962e+02
798	1.2355715468549249e+01	2.6087359925732017e+01
813	1.1886032399717669e+01	1.9496578870341182e+02
816	1.1881847425948175e+01	2.7780159308575094e+02
823	1.1337478228020911e+01	1.8782128569670022e+02
831	1.2734611399989747e+01	5.9627730706706643e+01
832	1.0949913711834014e+01	2.0049755285494027e+02
847	1.0742688790564614e+01	2.5634358937852085e+02
854	1.2307495680999514e+01	3.8441599812358622e+00
880	1.2017487517546890e+01	3.2755670417100198e+01
895	1.1966517514791628e+01	2.6562528608366847e+02
899	1.1931583795546720e+01	8.2230386640876532e+01
910	1.2565735292303520e+01	8.2685999572277069e-01
911	1.1030013747822883e+01	9.1033915467560277e+01
916	1.2852890757906552e+01	1.2788810519501565e+02
938	1.2388133822155735e+01	9.3149556778371334e-01
943	1.3009821458005590e+01	2.7450205120258033e+02
12	1.1196304697776222e+01	1.5964304175227880e+02
16	1.2147307944593392e+01	1.6459373130463064e+02
35	1.1774591437592875e+01	5.1163247851654887e+01
41	1.2925587656559792e+01	1.0745830745436251e+02
42	1.1617527898725475e+01	1.6060842024162412e+02
86	1.2181326299282169e+01	3.1728305842727423e+02
91	1.3243285877080924e+01	2.3064237702637907e+01
96	1.3176917194932320e+01	2.7777419834397733e+02
101	1.2458571787691305e+01	3.2428783737123013e+00
104	1.3184504186610583e+01	2.7525332537479699e+02
113	1.2830799869930438e+01	1.6715214271098372e+02
119	1.0532865718729022e+01	6.2020208509638906e+01
186	1.1122476771592062e+01	3.3516465425491333e+02
188	1.2452518552801822e+01	3.0227227608673275e+02
197	1.1378271770770906e+01	2.6228066280484200e+02
201	1.2531401525268715e+01	7.3263714378699675e+01
210	1.2073663231525311e+01	2.1931451576761901e+02
232	1.3012564306268219e+01	2.0774434785358608e+02
237	1.2616805790121537e+01	7.8621564600616693e+01
245	1.2657835969615688e+01	1.7329246345907453e+01
261	1.3108693758424344e+01	1.3129092771559955e+01
267	1.2250447176185551e+01	1.2953382985666394e+02
283	1.1567969810899216e+01	5.9265952091664076e+00
285	1.3103377381209917e+01	1.9465903401374814e+02
296	1.2015174225009460e+01	2.5404557143338025e+02
325	1.2325931146206678e+01	7.8299718797206879e+01
353	1.1501529966939627e+01	8.1526180962100639e+01
373	1.2921074511610724e+01	3.3029938694089651e+02
381	1.2589794295088714e+01	9.7157264873385429e+01
384	1.1452221940394525e+01	8.1140571339055896e+01
386	1.2929158746721688e+01	3.3160808843560517e+02
409	1.2182968322276302e+01	1.3005889641121030e+02
419	1.2688977214324892e+01	4.0609142370522022e+00
432	1.2328531169162760e+01	2.4153552453964951e+02
433	1.2317137641051415e+01	3.1052355961874127e+01
459	1.0976999666356990e+01	1.7629185936413705e+02
463	1.1538489673126817e+01	2.3318058771081272e+02
479	1.2445847310929055e+01	1.1008736640214919e+02
489	1.1757279191881560e+01	2.9505767673254019e+02
490	1.2433575588093072e+01	3.0198162646964192e+02
503	1.0987223849674232e+01	3.0833030280657113e+02
505	1.2135376688465676e+01	3.4312356149777776e+02
513	1.1346338782654058e+01	1.8590844562277198e+01
514	1.2766691372366182e+01	4.9937263252213597e+01
515	1.2380962167911484e+01	2.8030982606112957e+02
519	1.3308052006188973e+01	3.8758994489908225e+01
529	1.2006364813264241e+01	1.1514560792595148e+02
534	1.3054685441164885e+01	5.9770252732560039e+01
540	1.2367006845274444e+01	7.5359676992520690e+01
541	1.2892985129921518e+01	2.1070159535855052e+02
547	1.1793206496774069e+01	3.5781763798557222e+02
548	1.3291403009706078e+01	5.9678703323006630e+01
553	1.2288293165640910e+01	3.1327655741013587e+02
561	1.2438244274383935e+01	3.3561258265748620e+02
573	1.2736340539428006e+01	1.6491634262725708e+02
574	1.2785816686321773e+01	2.9262788831256330e+02
575	1.2582720406097176e+01	8.9374040979892015e+01
580	1.3104827568117457e+01	3.8778455089777704e+00
583	1.1660362179459129e+01	2.2167480907402935e+02
585	1.2180223948442572e+01	1.8873932512477040e+02
588	1.1255221427574357e+01	3.0369833637960255e+02
611	1.3206221758034866e+01	3.6259652534499764e+01
613	1.2328416295224605e+01	2.4468711158260703e+01
624	1.2936484497428099e+01	3.2516319975256920e+02
633	1.2173425301405901e+01	3.3315342086367309e+02
642	1.1987482415222432e+01	2.5954968770965934e+02
649	1.1524559174414698e+01	2.1831903845071793e+02
650	1.1939479562037349e+01	3.2409826311282814e+02
660	1.2460709549452453e+01	2.1027593691833314e+02
661	1.2911096859236252e+01	1.3918771231546998e+02
663	1.2518004559389771e+01	1.6175361477769911e+02
678	1.3221218631207206e+01	9.4067338462918983e+01
704	1.2269487899039056e+01	1.6712388471700251e+02
715	1.2240997144591423e+01	1.6204965773038569e+02
724	1.2400788252893335e+01	3.3798576414585114e+02
728	1.2570619606181554e+01	2.9260717730037868e+02
742	1.1802244021217556e+01	1.5808300411328673e+02
756	1.2151368921760559e+01	2.1916180277243257e+02
769	1.2407058090207725e+01	7.8339994847774506e+01
774	1.2733496131159383e+01	2.3455624711699784e+02
780	1.2113721613883577e+01	1.8909783722832799e+02
782	1.1794732489072421e+01	5.2676917053759098e+01
785	1.2005143527433328e+01	1.0153330489061774e+02
788	1.1475159062376227e+01	1.4256115727126598e+02
794	1.1560261617810253e+01	9.2740401551127434e+01
797	1.2501046539864255e+01	3.0997553134337068e+02
817	1.0734715007715446e+01	2.0335233922116458e+02
849	1.1693743439702574e+01	6.8594192918390021e+01
851	1.2781654520553998e+01	2.9294432753697038e+02
861	1.2302039798292574e+01	3.3195963031612331e+02
862	1.2181159008194813e+01	2.3432421399280429e+02
884	1.3007039849818106e+01	2.7537589754909277e+02
903	1.3245059756844357e+01	9.2130233533680428e-01
904	1.2530811612535567e+01	2.3342111203819513e+01
908	1.2432128392108204e+01	2.3441742436029014e+02
913	1.3286708978810077e+01	3.6234629033133380e+01
935	1.3266177435523472e+01	1.3932842745445669e+02
944	1.1110305628964847e+01	6.8114396100863814e+01
949	1.2086374609429091e+01	9.6983111388981342e+01
1	1.2875030509705072e+01	3.3572065003216261e+02
3	1.1717700955484233e+01	3.5965458554215735e+02
11	1.2808422503526410e+01	1.8883733857423067e+02
36	1.2810913296832103e+01	2.8199321011081338e+02
66	1.2766073111780992e+01	5.0387803288176656e+01
70	1.3176950246941587e+01	1.9468374897725880e+02
74	1.2083086220082118e+01	1.9383289008401334e+02
79	1.2885489779122054e+01	4.5473357085138559e+01
80	1.3146959009591020e+01	2.4847365226596594e+02
99	1.2668928489653027e+01	5.5054736081510775e+01
105	1.2682287195884662e+01	1.6826136672869325e+02
109	1.3308813427403463e+01	2.5229338109493252e+01
112	1.3219351293483603e+01	6.9104187386110425e+01
116	1.2935724731132778e+01	7.5084590977057815e+01
117	1.3205598395101440e+01	1.7749528465792537e+01
125	1.2488021757580507e+01	8.3433046834543347e+01
136	1.3026681778317288e+01	2.2066131250932813e+02
147	1.2861384506713465e+01	1.2959796851500871e+01
148	1.2538718790082163e+01	2.3555655777454373e+02
151	1.3268030156069367e+01	1.2989331174641848e+02
161	1.2371598769930332e+01	7.3568924702703953e+01
171	1.3297123316563431e+01	3.9360982943326242e+01
172	1.2585587834903803e+01	5.2571787703782320e+01
175	1.2920533084891593e+01	3.2991973299533129e+02
187	1.2716283642821688e+01	2.0757031842134893e+02
194	1.3183448276228885e+01	5.9546200605109327e+01
204	1.2057128070800617e+01	1.0602415678091347e+02
205	1.2350429669753849e+01	6.0102573316544294e+01
215	1.2403325655538701e+01	4.5765598677098751e+00
221	1.1842729621171117e+01	1.8110732752829790e+02
241	1.3161344385055221e+01	2.9343602062202990e+02
249	1.3199194883715185e+01	2.0768542701378465e+02
252	1.2010425738991723e+01	9.1692989040166140e+01
253	1.3276969078637189e+01	2.9611766980960962e+01
263	1.2833168392556738e+01	3.2419027696363628e+02
266	1.2780046489696057e+01	1.6825582972727713e+02
269	1.2126402219919568e+01	8.3407429140061140e+00
278	1.1887268052050892e+01	7.9151867330074296e+01
279	1.3010952738333202e+01	1.1504238881170750e+01
286	1.2460231353726462e+01	3.0955808498896658e+02
288	1.2568795785482308e+01	3.0076684830710288e+01
289	1.2898545314846594e+01	1.5938027026131751e+01
293	1.2293605260862860e+01	2.9223774491809309e+02
298	1.3289279935533720e+01	1.5990459099411963e+01
301	1.3134304695321568e+01	2.6324392100796107e+01
306	1.1894337631950570e+01	1.7105498548597097e+02
308	1.2614626142488886e+01	3.0196058713831007e+02
311	1.3186117924614557e+01	1.6815071345306930e+02
316	1.2890233145630750e+01	3.2085647899657483e+00
317	1.1220477890976115e+01	1.8196701508015394e+02
320	1.2142648504706946e+01	5.6728666182607419e+01
328	1.2500773916718304e+01	5.6238059811294079e+01
331	1.2931565338177096e+01	5.2089086389169097e+01
333	1.2438936228275473e+01	3.2366303991526365e+02
334	1.2990161672118234e+01	2.5751864972524345e+02
336	1.1811451967371633e+01	1.4145849628373983e+02
354	1.2701277499440799e+01	2.4204044141806659e+02
365	1.2710315147983790e+01	7.3100823741406202e+01
368	1.2456971851775544e+01	2.9126780658960342e+02
385	1.1527732925305903e+01	2.3283140910789368e+02
403	1.2854632852644110e+01	4.7674668235704303e+01
405	1.3240558642608185e+01	2.9827966187149286e+01
407	1.1552408926132221e+01	2.4998646684922278e+02
413	1.2830766068970698e+01	1.6506834416650236e+02
417	1.2183434581550026e+01	2.9439662000164390e+02
438	1.2970628995487857e+01	1.3474058378487825e+01
445	1.3179898667125499e+01	3.2045986946672201e+02
447	1.3194356855691943e+01	2.5765485615469515e+02
453	1.3298927845607032e+01	3.1002827086485922e+02
455	1.2896102537626099e+01	9.5237752469256506e+01
458	1.1463567462344910e+01	2.3006123067811131e+02
464	1.3046331484416759e+01	2.1080831718631089e+02
467	1.1550244636179592e+01	2.8787802949547768e+02
473	1.2420692293542309e+01	8.2297731377184377e+01
492	1.2176283410001908e+01	5.8297643791884184e+01
494	1.1991580012663468e+01	2.1401667259633541e+01
502	1.1769770802890745e+01	5.4416173696517944e+01
523	1.3174233086669595e+01	2.7508462012745440e+02
537	1.2325208317462652e+01	1.1827901688404383e+02
555	1.1761796077672335e+01	6.5055444929748774e+00
556	1.2400308923027561e+01	2.4829702092334625e+02
601	1.3014520976757902e+01	2.4842713077552617e+02
604	1.1216831903680367e+01	2.1664956961758435e+02
605	1.3197353002795358e+01	2.3578601195476952e+02
608	1.1727301399980258e+01	1.7058135724626484e+02
614	1.0553495393627932e+01	1.3531795701943338e+02
628	1.2713691458649912e+01	1.1035822416655719e+02
631	1.2895749172138880e+01	1.2964775668457150e+02
644	1.2372534064094031e+01	2.0752150909043849e+02
656	1.2568601542467109e+01	2.4716274482198057e+02
658	1.2993248314293909e+01	2.4982546968385581e+01
666	1.2879816732470063e+01	2.9368629251606762e+02
671	1.2536780596265958e+01	2.5364239200018346e+02
673	1.2944310546045863e+01	7.5164666734635830e+01
676	1.1606268889025335e+01	1.4961747745983303e+02
679	1.3108046301926118e+01	8.2387658385559916e+01
698	1.2498704834047848e+01	6.9273918997496367e+01
712	1.1771419402321746e+01	1.4579564418643713e+02
713	1.2689741862929900e+01	2.5429231957532465e+02
720	1.2196468112273957e+01	4.7237008083611727e+01
729	1.3233807137248592e+01	3.3049406502395868e+02
743	1.3238592236877862e+01	3.0958724345080554e+02
745	1.3052244327311918e+01	3.0657555414363738e+01
755	1.3106188561966794e+01	2.3563655591569841e+02
759	1.2403536151284298e+01	1.9309828634373844e+02
766	1.2866901607424678e+01	5.5156830009073012e+01
770	1.3001193248858188e+01	3.2574447870254517e+02
771	1.2828781933667088e+01	2.2777730841189623e+01
784	1.2709690370554753e+01	1.8895398097112775e+02
787	1.2674192824106703e+01	1.6451212693937123e+02
790	1.2196335724147019e+01	2.1627107262611389e+00
792	1.1835538401118422e+01	1.1230772417038679e+01
793	1.2831853082146132e+01	2.2575666625052691e+01
802	1.2598410590432822e+01	8.8917607292532935e+01
807	1.2650847387877917e+01	3.3691085832193494e+02
824	1.2170564604475913e+01	1.9350468912161887e+02
828	1.2699892228168215e+01	5.6451669763773680e+01
846	1.2646865680437527e+01	2.8720399271696802e+00
850	1.3110769037932014e+01	3.0999300166033214e+02
852	1.2703743490145158e+01	2.5964088222943246e+02
860	1.2552804028512826e+01	2.0207745049148798e+02
863	1.2629745075546991e+01	2.2872943226248026e+01
872	1.2164597992906499e+01	2.7067885838449001e+02
879	1.2775402481314361e+01	2.9321104288101200e+01
888	1.2726193555410683e+01	4.6852161549031734e+00
891	1.2199241858651304e+01	3.4995733587071300e+02
920	1.0790540743390762e+01	1.3225053333677349e+02
921	1.1984763440791589e+01	2.6603966482914984e+02
923	1.2887133685320309e+01	2.5667859083041549e+01
925	1.2244535339430113e+01	2.1962342980317771e+02
927	1.2459989125137943e+01	3.1313055127859116e+02
928	1.2120807631987317e+01	1.9838974904268980e+00
939	1.2976171333954085e+01	2.7583872461691499e+02
20	1.3016133647876655e+01	2.5774938390590250e+02
24	1.3136478019140862e+01	3.1140728831291199e+02
29	1.3139142622979980e+01	2.4139009483158591e+02
59	1.2836413243931679e+01	8.3165551722049713e+01
67	1.2427431637482464e+01	2.8526528852060437e+02
69	1.2601155730926122e+01	3.1792516979388893e+02
76	1.3212059379586327e+01	1.3005396843887866e+02
77	1.1904316904369283e+01	2.0556308235973120e+02
81	1.2682954471967250e+01	2.3318978249095377e+02
87	1.3264667971884846e+01	4.2009099572896957e+00
97	1.2571566237177398e+01	1.0848978018388151e+02
100	1.1820798722950464e+01	2.0830821549519897e+02
102	1.3150931666318469e+01	2.5525530804879966e+02
103	1.1940256423851165e+01	1.6943068983033299e+02
107	1.3214828751035258e+01	2.9940933220088482e+02
115	1.2938528015738234e+01	1.8296911351382735e+02
126	1.2522194542147107e+01	3.4836045322939748e+02
139	1.2923726012226673e+01	1.5401254867203534e+02
140	1.2530412190727121e+01	1.5421766742132604e+02
155	1.2917831988676623e+01	5.8182670651003725e+01
173	1.2022971146953338e+01	1.8316394590772688e+02
176	1.2776950650658174e+01	1.6637490534223616e+02
182	1.2933741503140368e+01	5.8393984045833356e+01
185	1.3022793336672750e+01	5.1574682453647249e+01
192	1.2902038358526028e+01	1.8818518493324518e+02
199	1.3242621645587008e+01	1.4314005970023572e+02
200	1.3244249965955840e+01	3.3307203887030477e+02
202	1.3194840417521277e+01	2.8809758741408582e+00
203	1.2720665592831267e+01	3.3348625601269299e+02
206	1.2640911724449040e+01	8.6765850707888603e+00
223	1.3030616348868902e+01	1.9237584122456613e+02
225	1.3230047166184429e+01	1.2765048712491989e+02
226	1.2590795105235680e+01	3.2266088951379061e+02
228	1.3087432729297118e+01	8.5982734523713589e+00
239	1.3027103472948175e+01	3.1096864781342447e+02
248	1.2796401831619784e+01	1.4378950489684939e+02
262	1.2937855724235362e+01	2.8418394288048148e+02
264	1.3118236341029196e+01	1.6787926107645037e+00
268	1.2029831958984474e+01	8.6478347741067424e+01
272	1.2679202403873973e+01	2.0212522516027093e+02
273	1.2188023355145432e+01	6.0419087558984764e+01
275	1.2793910259801153e+01	2.4648764689452949e+02
280	1.3141957094099366e+01	3.3655399116687477e+02
281	1.3177599475545186e+01	2.8155312708579009e+02
287	1.3018489960425676e+01	6.6641148962080479e+01
292	1.2560314691246257e+01	2.4131538290530443e+01
294	1.1884713644810459e+01	2.2906462088227272e+02
300	1.3034510610823025e+01	3.1143226906657219e+02
310	1.3195858116926734e+01	1.9450964218005538e+02
314	1.1119224001632618e+01	1.7290014588274059e+02
321	1.2667934773526333e+01	2.1783716501668098e+02
324	1.2429935276514124e+01	2.8453446786850697e+02
337	1.3131193798137689e+01	2.9082142682746056e+01
339	1.2487055349657545e+01	3.6478076130151749e-01
340	1.3121515377031045e+01	2.2486697282642123e+02
342	1.3058189382284723e+01	2.2504017228260636e+02
348	1.3014252114607244e+01	2.5356061002239588e+02
351	1.2895971701913204e+01	1.0939623397774994e+02
375	1.1974414354444471e+01	2.6140983729623258e+02
380	1.2223660067041784e+01	1.9998991336673498e+02
389	1.2410828763113054e+01	1.6769077319651842e+02
396	1.2026035734028438e+01	1.8107875169254837e+02
399	1.2493258323459367e+01	7.9028672045096755e+01
401	1.3021477871505654e+01	9.2809041542932391e+01
406	1.1302637822416948e+01	1.8206143948249519e+02
412	1.3019822460616259e+01	1.3961800402030349e+02
427	1.2937465993257776e+01	3.5529941294342279e+02
446	1.3008155435323944e+01	1.8381575044244531e+02
470	1.3187783770050856e+01	4.4740814538672566e+01
474	1.3228314481674245e+01	3.0329508637078106e+02
483	1.2818131292645669e+01	9.6151518216356635e+01
486	1.1662634404005944e+01	1.2003813511691988e+02
488	1.2578696205126844e+01	7.3613896714523449e+01
491	1.3196004041564313e+01	1.8820657202973962e+02
506	1.3041868088498438e+01	6.0052974661812179e+01
516	1.2438073919865824e+01	6.4099208079278469e+01
518	1.2564661466747850e+01	3.3412457574158901e+02
521	1.2618806224303967e+01	5.6157298665493734e+01
535	1.2701936213762764e+01	2.2493054863996804e+02
542	1.2301933149246510e+01	1.5832370395772159e+02
552	1.2937518941860118e+01	9.1178738661110401e+01
566	1.2245627527524691e+01	2.0799876778386530e+02
567	1.3193649291081243e+01	4.8458214914426215e+01
570	1.2346137557187985e+01	1.2078406440094113e+02
571	1.3110252281773022e+01	2.0317119489423931e+02
576	1.1587126167256372e+01	1.5219566294923425e+02
577	1.2540653771845816e+01	2.9002007606439292e+02
589	1.2959227906967245e+01	1.6198789886198938e+02
610	1.2203605407027267e+01	2.2244344065897167e+02
615	1.3280059672033138e+01	2.7822039563208818e+02
619	1.2104780983587354e+01	1.6070772760547698e+02
623	1.2725497276586486e+01	1.6149870584718883e+02
629	1.2624970445970447e+01	3.3417610290460283e+02
632	1.3237402518601465e+01	2.7366329217329618e+01
654	1.3293196826886799e+01	2.8380117405205965e+02
672	1.2101540345168400e+01	2.3368840497918424e+02
680	1.2890718323877408e+01	2.9931869273073971e+02
681	1.2432083034290697e+01	1.8965307385660711e+02
682	1.2850056385441261e+01	1.1771822590380905e+01
683	1.2982045092935438e+01	2.7390355180017650e+02
689	1.2831736747172448e+01	2.2262428617104888e+01
703	1.1810531427109447e+01	1.4434332791715860e+01
707	1.2175887520913838e+01	2.1548896637745202e+02
722	1.2643487009698818e+01	3.1322941716760397e+02
723	1.2958341601403193e+01	3.5535659261047840e+02
735	1.2491554678332504e+01	3.4099751740694046e+02
757	1.2805004400481566e+01	2.4504395518451929e+01
761	1.3264873665990434e+01	3.3815926275216043e+02
768	1.3005827644551266e+01	5.0412812456488618e+00
781	1.3278937492077185e+01	3.4838647451251745e+01
800	1.3154604918603155e+01	2.9180511457845574e+02
804	1.2236308706864106e+01	2.0177262280136350e+02
812	1.3227739851392341e+01	1.0589491655118763e+02
814	1.2980703160311533e+01	2.7382868221029639e+02
820	1.2814784575493240e+01	2.6971110144630075e+02
825	1.1993834006515740e+01	5.8743563303723931e+01
826	1.1932916502805760e+01	2.2970793991349638e+02
834	1.2425581579729032e+01	4.9084240235388279e+01
837	1.2285362443376476e+01	3.3931618122383946e+02
839	1.2381066978756742e+01	2.4951135015115142e+02
841	1.1883747591418564e+01	2.9807194230146706e+02
843	1.3087105199010395e+01	1.9981643764302132e+02
848	1.2413701637619114e+01	1.8305145506747067e+02
855	1.3294364840602917e+01	3.5380656992085284e+02
856	1.3241613798259296e+01	2.1899146405979988e+02
857	1.2727958813099550e+01	4.2554570361971855e-01
859	1.2715587075386326e+01	1.9403473243117332e+02
869	1.3300800292848926e+01	2.2577608963474631e+01
878	1.2843559350498161e+01	8.1001339964568615e+01
882	1.2923517556550232e+01	3.4467396698892117e+02
892	1.2031103690791065e+01	5.3582273740321398e+01
893	1.2305230805581290e+01	2.1588919362053275e+02
924	1.2325573510496547e+01	1.2065345875918865e+02
931	1.2149960899208532e+01	3.1079378186725086e+02
934	1.2397638439539049e+01	1.5776834528893235e+02
942	1.2088244305452642e+01	6.6864595497027040e+01
13	1.3139104565420437e+01	8.2647799216210842e+01
15	1.2779407806309749e+01	3.2902632806450129e+02
17	1.2536270109624603e+01	1.5505148523487151e+02
25	1.3163907050960978e+01	2.9849288784898818e+02
33	1.2473930031367184e+01	7.1118321670219302e+01
34	1.2821312951589762e+01	1.0426667176187037e+02
45	1.2241606002617409e+01	1.6892586892470717e+02
68	1.3236395601233573e+01	1.0728489635512233e+01
78	1.2930295089680127e+01	2.2962113231420520e+02
82	1.2930526496565475e+01	1.2741807304322720e+02
93	1.2582466952236979e+01	3.3906130121089512e+02
94	1.2117695259090560e+01	1.3672918444499376e+02
127	1.3083159052734885e+01	1.0019478335045279e+02
132	1.2541842955760094e+01	1.3242356657981873e+02
134	1.3015947340917579e+01	1.0431360061280428e+02
137	1.2049769263215248e+01	1.5368753652088344e+02
138	1.3116789629523135e+01	2.7067426895722747e+02
158	1.3271806415914256e+01	1.8006510408595204e+01
169	1.2560299321626978e+01	1.6390168919228014e+02
190	1.1533433489689026e+01	1.1682630012743175e+02
195	1.3218459811152757e+01	2.4734098758548501e+02
207	1.2514275806651980e+01	1.6272057836875322e+02
208	1.3210150365931737e+01	2.9100194787606597e+02
209	1.3199385949357103e+01	1.3261566739529374e+02
211	1.3262486394530237e+01	1.2545180730521677e+01
230	1.2276813010811685e+01	1.5478844275698066e+02
251	1.3281036763195830e+01	2.8301840529777110e+02
254	1.2641806216763634e+01	5.6792158680036664e+01
255	1.3062117960396783e+01	7.5417437106370926e+01
256	1.2573962295098376e+01	1.5025780566036701e+02
258	1.1641700194148589e+01	2.5195825089700520e+02
259	1.2601788098991662e+01	2.5110341847874227e+02
291	1.2965467322837547e+01	6.9547505490481853e+00
303	1.2561805295308787e+01	6.7456288626417518e+01
327	1.2678959854669161e+01	2.4495842406526208e+02
329	1.2746535183819288e+01	1.8372995747253296e+02
345	1.2740748905146559e+01	2.6041131064295769e+02
346	1.2843554901323444e+01	2.7333072029985487e+02
347	1.2653930466036336e+01	1.4626954835839570e+02
350	1.2964351066153156e+01	3.4904322244226933e+02
359	1.3299623394332110e+01	1.6059582198970020e+02
376	1.3114942507541789e+01	2.8988490211777389e+02
377	1.2822854724942930e+01	1.7282265359535810e+02
391	1.3012565400803920e+01	1.0903367551043630e+02
392	1.1695467342743518e+01	1.7604262833483514e+02
397	1.2928600426909506e+01	2.8352916260249913e+02
414	1.2957362011576622e+01	2.6486356236040587e+02
416	1.3089194513722624e+01	9.9865967659279704e+01
418	1.3054316644850553e+01	2.3627370938658717e+02
429	1.2923399166944771e+01	3.0102480204775929e+02
452	1.3180498520262967e+01	1.9982136687263846e+02
477	1.3158549679787285e+01	2.3401929150335491e+02
508	1.2840442619311112e+01	5.7749899914488196e+01
522	1.3279985250524236e+01	1.0951589721255004e+02
530	1.3279112035373906e+01	2.1761280208826065e+02
550	1.1869138381496825e+01	2.2878617824986577e+02
557	1.2786114633850593e+01	3.1358799926005304e+02
562	1.3031436304025904e+01	1.6227320417761803e+02
564	1.2783383293586573e+01	2.5125736378133297e+02
568	1.2726460589295465e+01	2.9077165198512375e+02
582	1.2924081370254752e+01	8.9953078860417008e+01
592	1.2918991640141625e+01	5.8712192522361875e+01
593	1.1302420907441153e+01	6.5733943898230791e+01
597	1.2012202516411294e+01	2.6421947688795632e+02
612	1.2848349727351232e+01	1.0177020924165845e+01
627	1.2926946059055853e+01	3.4568194264546037e+02
636	1.3072413889252601e+01	2.6968405212275684e+02
648	1.2409269239065516e+01	2.0467951836995783e+02
652	1.2993985804738459e+01	2.1613673997111621e+02
664	1.1273334040136561e+01	1.9713292180560529e+02
670	1.3111677593318269e+01	1.2084205987863241e+02
674	1.2868731353745531e+01	2.6800973016768700e+02
675	1.3295382555819879e+01	3.5197842763736850e+02
684	1.2004378959988953e+01	1.5241447999142110e+02
686	1.2929961613937763e+01	2.5244599702768028e+02
687	1.2660403855337973e+01	2.1513525249436495e+02
691	1.2972388984661464e+01	1.2894989853724837e+02
692	1.3166601606554549e+01	2.6036540279164910e+02
697	1.3146539982748500e+01	6.4319895794615149e+01
716	1.2988737223239275e+01	1.6667871722951531e+02
721	1.3185643653180996e+01	5.7753859106451266e+01
732	1.3092481305760929e+01	2.6476694843731821e+02
734	1.2838255559161171e+01	2.0416728811338544e+02
736	1.3242368699784729e+01	3.0849268139339983e+02
737	1.2684374118552631e+01	2.5325975384563210e+02
738	1.3076726564897271e+01	6.4841926172375679e+01
746	1.3113187237466491e+01	1.5434956203214824e+02
747	1.2217390513564860e+01	2.1148730297572911e+02
752	1.3212548594520589e+01	2.6786204975098372e+02
753	1.3165937183104520e+01	1.1803223798051475e+02
754	1.2365579303954993e+01	8.8089201254770160e+01
772	1.2977457830185424e+01	1.0522767473012208e+02
799	1.3104092164508087e+01	1.1836120286956429e+02
808	1.2803030525663514e+01	1.4042641703970733e+02
818	1.2868437161965543e+01	6.1717265155166388e+01
829	1.2850735761163063e+01	1.3990191374905407e+02
830	1.2661224247898160e+01	1.8095641111023721e+02
835	1.3134869984013866e+01	2.7912670684978366e+02
844	1.3015446983698014e+01	2.4236864623613658e+02
864	1.3095669987012810e+01	1.0980942467227578e+02
898	1.3155721950572049e+01	2.4270188237540424e+02
900	1.1440255607832723e+01	1.5702899688854814e+02
901	1.3188144405762243e+01	1.8397648382931948e+02
915	1.2253289323645239e+01	2.9711180660873652e+02
918	1.2374493521381352e+01	1.7117871696129441e+02
919	1.2462298309234811e+01	8.0475520715117455e+01
926	1.3151015743630857e+01	2.5287226902320981e+02
937	1.2784515230840841e+01	5.3164737783372402e+01
0	1.2146404243155503e+01	3.5898653092794120e+02
21	1.3269387433726388e+01	2.8899270116351545e+02
39	1.2929108809334286e+01	2.2465079398825767e+02
43	1.2996906930118165e+01	7.9964837422594428e+01
62	1.2826165684233331e+01	1.7750145365484056e+02
73	1.3027154274994304e+01	1.3593036426231265e+02
85	1.3165812552243581e+01	2.7100380607880652e+02
124	1.3111353577002767e+01	1.0393841975368558e+02
130	1.2599345873130607e+01	2.0522399682551622e+02
131	1.3271223202934776e+01	1.5045355377718806e+02
174	1.2517668373940841e+01	7.7634099125862122e+01
179	1.1987230405733330e+01	7.6584130134433508e+01
189	1.3208171860094046e+01	2.2438516125082970e+02
193	1.2967703500879075e+01	2.6525212643668050e+02
198	1.2668136420890802e+01	2.7228074049577117e+02
217	1.3241151230942727e+01	3.4607421261258423e+02
218	1.3059331826947746e+01	1.2030667939223349e+02
227	1.3140188986855419e+01	8.6936089089140296e+01
244	1.2994624517139783e+01	2.1198237698525190e+02
274	1.3276994459694594e+01	1.5158691239543259e+02
290	1.2438062722954847e+01	1.5977087398990989e+02
315	1.2387205008361308e+01	1.1998234994709490e+02
319	1.3098336905173030e+01	1.9965355731546879e+01
343	1.3102156535511709e+01	1.1572265954688191e+02
356	1.3009196387711754e+01	1.8455821288749576e+02
367	1.2505814128571636e+01	2.3731198746711016e+02
378	1.2819510167083173e+01	1.7552677416242659e+02
382	1.3298653799407932e+01	1.7522737652063370e+02
400	1.3257177386593140e+01	2.6572714850306511e+02
436	1.3178844123528799e+01	3.5797132646664983e+02
440	1.2671881729286364e+01	2.4772179638966921e+02
444	1.3245677101324899e+01	2.7943726541474462e+02
451	1.2680437670988040e+01	2.5056194183416662e+02
456	1.3185616104897457e+01	3.5991688253358006e+02
461	1.3035744743127054e+01	3.1482369571924210e+02
482	1.2535856574786147e+01	1.8547799776308236e+02
510	1.2572819571031618e+01	1.7224212407134470e+02
520	1.3042657623874405e+01	1.6295195485465226e+02
524	1.2621574028480040e+01	2.2569190154783428e+02
532	1.3275604822814058e+01	1.4968516149558127e+02
533	1.2959558624124888e+01	7.0520962458103895e+01
536	1.2775954005995855e+01	2.0265720896422867e+01
565	1.2811509924673288e+01	2.7129977384582162e+02
572	1.3064614817050492e+01	2.2413188704289496e+02
578	1.2781915340643506e+01	1.9732429725117979e+02
586	1.3027661299734325e+01	1.3689189445227385e+02
591	1.2898731763680281e+01	2.0681005893275142e+01
643	1.2467745198785684e+01	1.6116740098223090e+02
685	1.2964496102830898e+01	6.3723374353721738e+01
701	1.1662853117099552e+01	2.2668170976452529e+02
706	1.3060974726370235e+01	2.1378383296541870e+02
708	1.1896370364774080e+01	1.2616351755335927e+02
725	1.2383119995916118e+01	1.3753280075266957e+02
740	1.3298099186301529e+01	2.0090827558189631e+02
783	1.3288837402026305e+01	1.4943725262768567e+02
789	1.3002934117289755e+01	2.6278469899669290e+02
795	1.3028617647862193e+01	2.1308003774844110e+02
803	1.3169258820579687e+01	1.9964001811109486e+02
805	1.3203927301376718e+01	1.7180915283970535e+02
811	1.2145451203983088e+01	1.5571883769705892e+02
819	1.2835554238969982e+01	1.5323953092098236e+02
838	1.2183943003135044e+01	1.2212304124608636e+02
865	1.2930843539929095e+01	1.7701837884262204e+02
867	1.3208022237968677e+01	1.1443148888647556e+02
876	1.1637247527295941e+01	2.3158588914200661e+02
896	1.2971551690363379e+01	2.2915450388565660e+02
912	1.2698440572517475e+01	1.1889669885858895e+02
914	1.3134214641240034e+01	2.3224659291096029e+02
917	1.2976806842296391e+01	7.7914100456982851e+01
