2 264
2 215
2 202
2 101
2 87
2 277
2 269
2 291
2 68
2 206
2 228
2 261
2 211
2 147
2 279
2 298
2 289
2 65
2 247
2 245
2 158
2 117
2 292
2 109
2 91
2 180
2 89
2 260
2 288
2 253
2 46
2 171
2 79
2 66
2 185
2 172
2 99
2 254
2 182
2 155
2 194
2 273
2 205
2 287
2 112
2 33
2 201
2 161
2 116
2 255
2 179
2 174
2 237
2 43
2 125
2 59
2 13
2 268
2 227
2 238
2 252
2 58
2 152
2 127
2 124
2 204
2 134
2 34
2 41
2 97
2 235
2 10
2 218
2 257
2 231
2 92
2 82
2 267
2 157
2 132
2 94
2 248
2 256
2 140
2 137
2 17
2 230
2 290
2 207
2 169
2 16
2 103
2 45
2 173
2 74
2 270
2 63
2 54
2 210
2 31
2 296
2 67
2 293
2 167
2 188
2 9
2 286
2 86
2 69
2 226
2 263
2 15
2 175
2 51
2 203
2 280
2 8
2 1
2 93
2 61
2 234
2 126
2 217
2 229
2 162
2 0
2 283
2 28
2 153
2 213
2 129
2 22
2 184
2 181
2 220
2 123
2 48
2 233
2 177
2 271
2 154
2 35
2 243
2 278
2 240
2 4
2 265
2 299
2 276
2 224
2 284
2 160
2 53
2 190
2 84
2 212
2 141
2 6
2 71
2 42
2 12
2 110
2 221
2 49
2 170
2 77
2 100
2 146
2 294
2 75
2 7
2 258
2 214
2 135
2 197
2 111
2 164
2 83
2 95
2 19
2 222
2 47
2 72
2 52
2 186
2 156
2 18
2 57
2 3
2 246
2 166
2 44
2 142
2 119
2 128
2 297
2 114
2 150
2 183
2 5
2 60
2 55
2 30
2 191
2 295
2 178
2 64
2 90
2 145
2 26
2 144
2 143
2 38
2 50
2 121
2 27
2 106
2 120
2 216
2 122
2 14
2 165
2 133
2 236
2 149
2 196
2 219
2 98
2 250
250 264
250 215
250 202
250 101
250 277
250 269
250 291
250 206
250 228
250 147
250 279
250 289
250 65
250 247
250 245
250 292
250 89
250 288
250 210
250 148
250 31
250 275
250 259
250 296
250 20
250 193
250 159
250 85
250 138
250 198
250 168
250 104
250 96
250 281
250 251
250 36
250 262
250 67
250 21
250 293
250 208
250 241
250 167
250 25
250 107
250 188
250 9
250 239
250 286
250 24
250 86
250 69
250 163
250 226
250 263
250 15
250 175
250 51
250 203
250 200
250 280
250 8
250 1
250 93
250 61
250 234
250 126
250 217
250 229
250 162
250 0
250 283
250 28
250 153
250 213
250 129
250 22
250 184
250 181
250 220
250 123
250 48
250 233
250 177
250 271
250 154
250 35
250 243
250 278
250 240
250 4
250 265
250 299
250 276
250 284
250 160
250 53
250 190
250 84
250 212
250 141
250 6
250 71
250 42
250 12
250 110
250 221
250 49
250 170
250 77
250 100
250 146
250 294
250 75
250 7
250 258
250 214
250 135
250 197
250 111
250 164
250 83
250 95
250 19
250 222
250 47
250 72
250 52
250 186
250 156
250 18
250 57
250 3
250 246
250 166
250 44
250 142
250 119
250 128
250 297
250 114
250 150
250 183
250 5
250 60
250 55
250 30
250 191
250 295
250 178
250 64
250 90
250 145
250 26
250 144
250 143
250 38
250 50
250 121
250 27
250 106
250 120
250 216
250 122
250 14
250 165
250 133
250 236
250 149
250 196
250 219
250 98
98 31
98 259
98 296
98 20
98 193
98 159
98 85
98 138
98 198
98 168
98 104
98 96
98 281
98 251
98 36
98 262
98 67
98 21
98 293
98 208
98 241
98 167
98 25
98 107
98 188
98 9
98 286
98 49
98 146
98 75
98 7
98 258
98 214
98 135
98 197
98 111
98 164
98 83
98 95
98 19
98 222
98 47
98 72
98 52
98 186
98 156
98 18
98 57
98 246
98 166
98 44
98 142
98 114
98 150
98 183
98 60
98 55
98 30
98 191
98 295
98 178
98 64
98 90
98 145
98 26
98 144
98 143
98 38
98 50
98 121
98 27
98 106
98 120
98 216
98 122
98 14
98 165
98 133
98 236
98 149
98 196
98 219
149 171
149 79
149 66
149 185
149 172
149 99
149 254
149 273
149 205
149 28
149 153
149 213
149 129
149 22
149 184
149 181
149 220
149 123
149 48
149 233
149 177
149 271
149 154
149 35
149 243
149 246
149 166
149 44
149 142
149 119
149 297
149 114
149 38
149 50
149 121
149 27
149 106
149 120
149 216
149 165
149 133
149 236
149 196
149 219
196 248
196 37
196 32
196 274
196 256
196 131
196 139
196 140
196 137
196 17
196 230
196 290
196 207
196 169
196 16
196 141
196 6
196 71
196 42
196 12
196 110
196 183
196 5
196 38
196 50
196 27
196 106
196 120
196 216
196 122
196 14
196 165
196 133
196 236
196 219
38 215
38 101
38 277
38 269
38 291
38 68
38 206
38 228
38 261
38 211
38 147
38 279
38 298
38 289
38 65
38 247
38 245
38 158
38 117
38 283
38 28
38 153
38 213
38 3
38 246
38 166
38 44
38 142
38 144
38 50
38 121
38 106
106 268
106 238
106 252
106 58
106 152
106 127
106 124
106 204
106 134
106 34
106 240
106 4
106 265
106 299
106 276
106 224
106 284
106 160
106 53
106 142
106 128
106 297
106 114
106 150
106 183
106 121
106 50
106 27
106 120
106 216
106 219
219 290
219 207
219 169
219 16
219 176
219 266
219 113
219 105
219 103
219 45
219 88
219 62
219 173
219 71
219 42
219 12
219 110
219 221
219 49
219 183
219 5
219 120
219 216
219 122
219 14
219 165
219 133
219 236
50 292
50 109
50 180
50 89
50 260
50 288
50 253
50 46
50 28
50 153
50 213
50 129
50 22
50 184
50 181
50 220
50 123
50 48
50 246
50 166
50 44
50 142
50 121
236 203
236 280
236 8
236 1
236 93
236 61
236 234
236 126
236 217
236 229
236 222
236 72
236 52
236 186
236 156
236 18
236 57
236 246
236 166
236 144
236 143
236 165
236 133
14 173
14 192
14 282
14 118
14 23
14 11
14 223
14 74
14 270
14 285
14 242
14 63
14 70
14 108
14 49
14 170
14 60
14 55
14 30
14 120
14 216
14 122
14 165
216 290
216 207
216 169
216 16
216 176
216 266
216 113
216 105
216 103
216 45
216 71
216 42
216 12
216 110
216 5
216 60
216 55
216 120
216 122
216 165
133 67
133 21
133 293
133 208
133 241
133 167
133 25
133 107
133 188
133 164
133 19
133 191
133 295
133 178
133 64
133 90
133 145
133 26
133 144
133 165
120 94
120 73
120 199
120 248
120 37
120 32
120 256
120 137
120 84
120 212
120 141
120 6
120 71
120 12
120 183
120 5
120 27
165 78
165 81
165 148
165 40
165 29
165 31
165 146
165 294
165 75
165 7
165 214
165 55
165 30
165 191
165 64
165 122
121 46
121 171
121 153
121 213
121 129
121 22
121 184
121 181
121 220
121 123
121 48
121 233
121 177
121 271
121 246
121 166
121 44
121 142
122 88
122 62
122 173
122 115
122 192
122 282
122 118
122 23
122 11
122 270
122 110
122 221
122 49
122 170
122 60
122 55
27 252
27 58
27 152
27 127
27 4
27 265
27 299
27 276
27 224
27 284
27 160
27 53
27 128
27 297
27 114
27 150
166 261
166 211
166 147
166 279
166 298
166 289
166 65
166 247
166 245
166 28
166 246
166 44
246 215
246 202
246 101
246 87
246 277
246 269
246 291
246 206
246 228
246 283
246 3
64 198
64 168
64 104
64 96
64 111
64 164
64 83
64 95
64 19
64 191
64 295
64 178
64 90
64 145
144 15
144 175
144 51
144 203
144 200
144 222
144 47
144 72
144 52
144 186
144 156
144 18
144 143
183 257
183 231
183 225
183 92
183 82
183 151
183 76
183 267
183 132
183 84
183 212
183 141
142 172
142 99
142 254
142 182
142 155
142 273
142 205
142 154
142 35
142 119
178 198
178 168
178 104
178 96
178 111
178 164
178 83
178 95
178 19
178 191
178 295
178 90
178 145
150 124
150 204
150 134
150 34
150 41
150 97
150 299
150 276
150 224
150 284
150 160
150 53
44 292
44 109
44 180
44 89
44 260
44 28
44 153
44 213
114 43
114 125
114 59
114 13
114 268
114 278
114 240
114 4
114 128
114 297
295 168
295 96
295 164
295 83
295 95
295 19
295 90
295 145
295 191
55 272
55 130
55 187
55 77
55 100
55 60
55 30
90 281
90 251
90 36
90 262
90 67
90 19
90 145
297 125
297 59
297 268
297 227
297 238
297 240
297 4
297 128
60 223
60 74
60 270
60 63
60 49
60 170
213 180
213 89
213 260
213 288
213 253
213 153
49 192
49 118
49 11
49 270
49 170
128 125
128 59
128 13
128 268
128 240
128 4
141 92
141 151
141 76
141 267
141 132
141 212
141 84
143 280
143 8
143 1
143 93
143 186
143 156
143 18
145 281
145 251
145 36
145 19
164 198
164 168
164 83
164 95
164 111
186 203
186 280
186 8
186 1
186 156
186 18
191 193
191 135
191 197
191 111
4 125
4 59
4 268
4 240
18 280
18 8
18 93
18 156
153 180
153 89
153 260
156 280
156 8
156 93
181 46
181 184
181 123
181 220
181 129
181 22
184 46
184 123
184 220
184 129
184 22
19 281
53 204
53 41
53 97
53 284
53 160
71 290
71 207
71 42
71 12
83 168
83 104
83 95
84 225
84 92
84 82
84 267
84 212
95 168
95 104
110 266
110 105
110 103
110 45
160 204
160 41
160 97
160 284
212 225
212 92
212 82
212 267
284 204
284 41
284 97
5 199
5 248
5 6
8 280
8 1
12 290
12 42
220 171
220 123
240 125
240 268
22 129
30 54
30 244
42 290
72 163
72 226
72 222
89 180
89 260
111 159
170 223
170 270
222 86
222 69
268 227
276 152
276 299
276 224
277 215
277 202
277 101
277 87
299 127
299 224
26 25
26 107
26 188
35 66
35 185
35 172
45 266
45 105
45 103
52 15
52 47
57 61
57 234
57 217
59 125
59 13
63 74
63 285
63 242
63 70
92 225
92 82
103 266
103 105
180 260
214 80
214 259
214 258
215 87
215 283
233 79
233 177
233 271
247 245
247 158
247 117
267 151
267 76
270 223
7 29
7 31
31 29
47 263
65 298
65 289
74 70
74 285
75 81
75 148
82 225
100 249
100 232
100 187
101 202
105 266
119 273
119 205
137 139
137 140
137 230
140 139
140 17
140 230
146 136
146 56
147 261
147 211
167 293
167 241
177 271
203 200
205 273
205 194
206 269
206 228
228 269
230 17
230 139
245 117
273 194
281 36
283 291
289 298
3 0
16 169
34 124
34 134
61 234
117 158
118 282
118 23
124 134
135 20
154 99
173 115
258 259
265 58
278 237
278 43
288 253
11 192
23 282
51 175
69 86
70 285
76 151
77 130
126 229
132 209
187 249
187 232
243 112
256 131
294 78
32 37
85 138
94 73
155 182
231 257
232 249
10 235
24 239
56 136
116 255
161 201
174 179
