2 339
2 264
2 316
2 202
2 101
2 580
2 419
2 87
2 277
2 215
2 291
2 269
2 206
2 228
2 612
2 68
2 682
2 279
2 211
2 587
2 551
2 261
2 147
2 438
2 472
2 298
2 289
2 411
2 358
2 65
2 245
2 247
2 158
2 117
2 319
2 536
2 591
2 494
2 689
2 91
2 613
2 292
2 658
2 109
2 607
2 301
2 89
2 632
2 180
2 260
2 337
2 638
2 288
2 253
2 405
2 433
2 394
2 46
2 611
2 504
2 442
2 519
2 171
2 470
2 79
2 403
2 567
2 66
2 514
2 185
2 331
2 172
2 99
2 328
2 521
2 320
2 254
2 508
2 492
2 155
2 592
2 182
2 395
2 194
2 548
2 506
2 534
2 273
2 205
2 685
2 697
2 516
2 287
2 303
2 698
2 112
2 533
2 33
2 387
2 341
2 365
2 201
2 161
2 488
2 673
2 116
2 540
2 255
2 179
2 174
2 325
2 237
2 399
2 43
2 679
2 473
2 13
2 125
2 59
2 268
2 227
2 575
2 582
2 238
2 552
2 252
2 401
2 678
2 58
2 584
2 455
2 483
2 381
2 152
2 688
2 416
2 127
2 134
2 34
2 204
2 41
2 97
2 351
2 628
2 479
2 235
2 10
2 529
2 537
2 315
2 570
2 231
2 92
2 409
2 267
2 404
2 94
2 428
2 684
2 137
2 103
2 555
2 283
2 630
2 622
2 332
2 513
2 28
2 153
2 448
2 213
2 129
2 22
2 184
2 181
2 220
2 123
2 48
2 499
2 233
2 177
2 271
2 309
2 35
2 502
2 154
2 593
2 243
2 699
2 645
2 639
2 326
2 312
2 278
2 353
2 384
2 240
2 4
2 579
2 581
2 667
2 662
2 265
2 595
2 383
2 276
2 299
2 224
2 465
2 284
2 160
2 53
2 352
2 544
2 322
2 190
2 620
2 486
2 212
2 695
2 84
2 501
2 361
2 141
2 614
2 6
2 336
2 559
2 511
2 616
2 676
2 576
2 507
2 12
2 71
2 42
2 369
2 549
2 637
2 110
2 306
2 608
2 314
2 459
2 392
2 596
2 221
2 317
2 406
2 304
2 693
2 49
2 170
2 659
2 594
2 664
2 372
2 517
2 604
2 649
2 583
2 449
2 146
2 458
2 463
2 385
2 75
2 318
2 603
2 214
2 407
2 258
2 135
2 439
2 646
2 390
2 197
2 420
2 111
2 164
2 83
2 95
2 539
2 469
2 355
2 19
2 467
2 489
2 450
2 588
2 379
2 307
2 462
2 503
2 625
2 509
2 222
2 480
2 72
2 47
2 696
2 415
2 52
2 186
2 617
2 156
2 18
2 493
2 531
2 57
2 360
2 590
2 655
2 330
2 547
2 3
2 246
2 166
2 344
2 527
2 640
2 44
2 694
2 554
2 142
2 602
2 119
2 526
2 128
2 114
2 297
2 512
2 150
2 183
2 425
2 5
2 500
2 313
2 408
2 60
2 55
2 423
2 30
2 421
2 191
2 178
2 64
2 295
2 90
2 653
2 145
2 635
2 410
2 26
2 647
2 388
2 323
2 460
2 651
2 657
2 599
2 144
2 143
2 38
2 50
2 121
2 478
2 598
2 393
2 27
2 106
2 335
2 475
2 374
2 120
2 216
2 122
2 14
2 371
2 402
2 349
2 437
2 165
2 422
2 525
2 133
2 560
2 669
2 236
2 426
2 545
2 149
2 196
2 219
2 441
2 487
2 563
2 538
2 677
2 569
2 443
2 690
2 98
2 250
250 277
250 269
250 587
250 296
250 642
250 375
250 597
250 198
250 168
250 515
250 435
250 281
250 36
250 251
250 654
250 397
250 324
250 262
250 67
250 21
250 376
250 577
250 568
250 208
250 368
250 293
250 626
250 574
250 167
250 666
250 241
250 417
250 25
250 680
250 107
250 429
250 308
250 188
250 490
250 474
250 665
250 9
250 286
250 453
250 239
250 300
250 24
250 557
250 553
250 461
250 484
250 528
250 86
250 69
250 495
250 481
250 370
250 445
250 641
250 163
250 226
250 650
250 333
250 263
250 624
250 305
250 398
250 15
250 373
250 175
250 51
250 386
250 471
250 633
250 200
250 203
250 629
250 518
250 561
250 1
250 280
250 8
250 93
250 61
250 234
250 505
250 627
250 126
250 162
250 430
250 0
250 555
250 283
250 630
250 622
250 332
250 513
250 28
250 153
250 448
250 213
250 181
250 220
250 645
250 326
250 4
250 544
250 614
250 559
250 71
250 369
250 596
250 304
250 49
250 372
250 517
250 604
250 449
250 146
250 458
250 463
250 385
250 75
250 318
250 603
250 214
250 407
250 258
250 135
250 439
250 646
250 390
250 197
250 420
250 111
250 164
250 83
250 95
250 539
250 469
250 355
250 19
250 467
250 489
250 450
250 588
250 379
250 307
250 462
250 503
250 625
250 509
250 222
250 480
250 72
250 47
250 696
250 415
250 52
250 186
250 617
250 156
250 18
250 493
250 531
250 57
250 360
250 590
250 655
250 330
250 547
250 3
250 246
250 166
250 344
250 527
250 640
250 44
250 694
250 554
250 142
250 602
250 119
250 526
250 128
250 114
250 297
250 512
250 150
250 183
250 425
250 5
250 500
250 313
250 408
250 60
250 55
250 423
250 30
250 421
250 191
250 178
250 64
250 295
250 90
250 653
250 145
250 635
250 410
250 26
250 647
250 388
250 323
250 460
250 651
250 657
250 599
250 144
250 143
250 38
250 50
250 121
250 478
250 598
250 393
250 27
250 106
250 335
250 475
250 374
250 120
250 216
250 122
250 14
250 371
250 402
250 349
250 437
250 165
250 422
250 525
250 133
250 560
250 669
250 236
250 426
250 545
250 149
250 196
250 219
250 441
250 487
250 563
250 538
250 677
250 569
250 443
250 690
250 98
98 642
98 375
98 597
98 674
98 454
98 636
98 138
98 565
98 85
98 198
98 346
98 683
98 168
98 104
98 523
98 615
98 96
98 444
98 515
98 435
98 281
98 36
98 251
98 654
98 397
98 324
98 262
98 67
98 577
98 568
98 368
98 293
98 167
98 417
98 214
98 135
98 439
98 646
98 390
98 197
98 420
98 111
98 164
98 83
98 95
98 539
98 469
98 355
98 19
98 467
98 489
98 450
98 588
98 379
98 462
98 503
98 191
98 178
98 64
98 295
98 90
98 653
98 145
98 635
98 410
98 26
98 647
98 388
98 323
98 657
98 144
98 38
98 50
98 121
98 478
98 106
98 335
98 120
98 216
98 122
98 14
98 371
98 402
98 349
98 437
98 165
98 422
98 525
98 133
98 560
98 669
98 236
98 426
98 545
98 149
98 196
98 219
98 441
98 487
98 563
98 538
98 677
98 569
98 443
98 690
443 268
443 575
443 582
443 238
443 552
443 252
443 401
443 678
443 58
443 584
443 455
443 483
443 381
443 152
443 688
443 416
443 127
443 124
443 134
443 34
443 204
443 41
443 97
443 391
443 351
443 522
443 628
443 479
443 235
443 10
443 529
443 645
443 326
443 312
443 353
443 384
443 240
443 4
443 579
443 581
443 667
443 662
443 265
443 595
443 383
443 276
443 299
443 224
443 465
443 284
443 160
443 53
443 352
443 544
443 322
443 190
443 620
443 486
443 212
443 361
443 141
443 614
443 142
443 602
443 526
443 128
443 114
443 297
443 512
443 150
443 183
443 425
443 5
443 500
443 38
443 50
443 121
443 478
443 598
443 393
443 27
443 106
443 335
443 475
443 374
443 120
443 216
443 545
443 149
443 196
443 219
443 441
443 487
443 563
443 538
443 677
443 569
443 690
690 432
690 31
690 354
690 327
690 275
690 656
690 195
690 440
690 601
690 80
690 556
690 451
690 564
690 259
690 686
690 671
690 348
690 296
690 102
690 447
690 334
690 20
690 642
690 692
690 345
690 375
690 597
690 463
690 385
690 75
690 7
690 318
690 603
690 214
690 407
690 258
690 135
690 439
690 646
690 390
690 197
690 420
690 111
690 164
690 95
690 19
690 55
690 423
690 30
690 421
690 191
690 178
690 64
690 295
690 90
690 653
690 145
690 635
690 410
690 26
690 647
690 388
690 657
690 144
690 38
690 50
690 106
690 335
690 120
690 216
690 122
690 14
690 371
690 402
690 349
690 437
690 165
690 422
690 525
690 133
690 560
690 669
690 236
690 426
690 545
690 149
690 196
690 219
690 441
690 487
690 563
690 538
690 677
690 569
677 494
677 613
677 292
677 658
677 109
677 607
677 301
677 89
677 632
677 180
677 260
677 337
677 638
677 288
677 253
677 405
677 433
677 394
677 46
677 611
677 504
677 442
677 519
677 171
677 630
677 622
677 332
677 513
677 28
677 153
677 448
677 213
677 129
677 22
677 184
677 181
677 220
677 123
677 48
677 499
677 233
677 177
677 271
677 309
677 246
677 166
677 344
677 527
677 640
677 44
677 694
677 554
677 142
677 602
677 119
677 526
677 114
677 657
677 144
677 38
677 50
677 121
677 478
677 598
677 393
677 27
677 106
677 335
677 475
677 374
677 120
677 545
677 149
677 196
677 219
677 441
677 487
677 563
677 538
677 569
569 638
569 288
569 433
569 394
569 46
569 611
569 504
569 442
569 519
569 171
569 79
569 28
569 153
569 448
569 213
569 129
569 22
569 184
569 181
569 220
569 123
569 48
569 499
569 233
569 177
569 271
569 309
569 35
569 246
569 166
569 344
569 527
569 640
569 44
569 694
569 554
569 142
569 602
569 119
569 526
569 38
569 50
569 121
569 478
569 598
569 393
569 106
569 335
569 545
569 149
569 196
569 219
569 441
569 487
569 563
569 538
487 484
487 528
487 86
487 69
487 495
487 481
487 370
487 445
487 641
487 163
487 226
487 650
487 333
487 263
487 624
487 305
487 398
487 503
487 625
487 509
487 222
487 480
487 72
487 47
487 696
487 415
487 52
487 186
487 18
487 647
487 388
487 323
487 460
487 651
487 657
487 599
487 144
487 143
487 38
487 133
487 560
487 669
487 236
487 426
487 545
487 441
487 563
487 538
38 269
38 206
38 612
38 68
38 682
38 279
38 211
38 587
38 551
38 261
38 147
38 438
38 472
38 65
38 555
38 283
38 630
38 622
38 332
38 513
38 28
38 246
38 166
38 344
38 527
38 640
38 50
38 121
38 669
38 236
38 426
38 545
38 149
38 563
38 538
545 611
545 504
545 442
545 519
545 171
545 448
545 213
545 129
545 22
545 184
545 181
545 220
545 123
545 48
545 499
545 233
545 177
545 271
545 527
545 640
545 44
545 694
545 554
545 142
545 602
545 50
545 121
545 478
545 598
545 393
545 106
545 236
545 149
545 538
50 89
50 632
50 180
50 260
50 337
50 638
50 288
50 253
50 405
50 433
50 394
50 28
50 153
50 448
50 213
50 129
50 22
50 184
50 181
50 220
50 123
50 166
50 527
50 640
50 44
50 694
50 121
50 478
50 149
50 563
50 538
106 252
106 678
106 58
106 584
106 455
106 483
106 381
106 152
106 688
106 416
106 127
106 581
106 667
106 662
106 265
106 595
106 383
106 276
106 299
106 224
106 465
106 114
106 297
106 512
106 150
106 598
106 393
106 27
106 335
106 475
106 374
106 149
216 663
216 520
216 207
216 169
216 573
216 413
216 16
216 176
216 113
216 389
216 311
216 266
216 105
216 103
216 45
216 507
216 12
216 71
216 42
216 369
216 549
216 637
216 110
216 608
216 314
216 313
216 408
216 120
216 122
216 14
216 371
216 196
216 219
216 441
441 687
441 652
441 530
441 321
441 210
441 136
441 543
441 56
441 357
441 610
441 372
441 517
441 604
441 649
441 583
441 449
441 146
441 55
441 423
441 30
441 421
441 122
441 14
441 371
441 402
441 349
441 437
441 165
441 422
441 525
149 470
149 79
149 403
149 567
149 66
149 514
149 220
149 48
149 499
149 233
149 177
149 271
149 309
149 35
149 502
149 154
149 527
149 640
149 694
149 554
149 142
149 602
149 121
149 478
149 598
149 393
219 16
219 176
219 113
219 389
219 311
219 266
219 105
219 103
219 45
219 510
219 377
219 71
219 369
219 549
219 637
219 110
219 306
219 608
219 314
219 459
219 392
219 596
219 313
219 408
219 120
219 122
219 14
219 371
219 196
196 256
196 131
196 274
196 684
196 137
196 139
196 140
196 17
196 230
196 542
196 559
196 616
196 676
196 576
196 507
196 12
196 71
196 42
196 369
196 5
196 500
196 313
196 408
196 335
196 120
196 122
196 371
538 126
538 350
538 675
538 668
538 162
538 430
538 427
538 434
538 0
538 531
538 57
538 360
538 590
538 655
538 330
538 547
538 3
538 246
538 657
538 144
538 560
538 669
538 236
538 426
538 563
563 364
563 229
563 126
563 350
563 675
563 668
563 162
563 430
563 427
563 18
563 531
563 57
563 360
563 590
563 655
563 330
563 547
563 246
563 657
563 144
563 143
563 560
563 669
563 236
563 426
335 97
335 391
335 351
335 522
335 628
335 479
335 546
335 235
335 10
335 529
335 284
335 160
335 53
335 352
335 544
335 322
335 190
335 620
335 512
335 150
335 27
335 475
335 374
335 120
669 386
669 471
669 633
669 200
669 203
669 629
669 518
669 561
669 1
669 280
669 8
669 52
669 186
669 617
669 156
669 18
669 388
669 657
669 599
669 144
669 143
669 236
669 426
669 560
236 93
236 61
236 234
236 505
236 627
236 217
236 186
236 617
236 156
236 18
236 493
236 531
236 57
236 360
236 655
236 657
236 599
236 144
236 143
236 560
236 426
14 585
14 681
14 618
14 270
14 223
14 74
14 310
14 285
14 63
14 70
14 304
14 693
14 49
14 170
14 659
14 594
14 664
14 60
14 55
14 122
14 371
14 402
14 349
371 585
371 681
371 618
371 270
371 223
371 74
371 310
371 285
371 63
371 304
371 693
371 49
371 170
371 659
371 594
371 664
371 60
371 55
371 122
371 349
371 402
133 376
133 577
133 568
133 208
133 368
133 293
133 626
133 574
133 167
133 666
133 241
133 417
133 467
133 489
133 64
133 295
133 90
133 653
133 145
133 635
133 410
133 26
133 647
133 560
393 33
393 387
393 341
393 365
393 201
393 161
393 488
393 673
393 116
393 540
393 255
393 179
393 243
393 699
393 645
393 639
393 326
393 526
393 114
393 478
393 598
560 286
560 453
560 239
560 300
560 24
560 557
560 553
560 307
560 462
560 503
560 625
560 509
560 222
560 26
560 647
560 388
560 323
560 460
560 144
122 468
122 396
122 173
122 115
122 446
122 329
122 356
122 482
122 282
122 596
122 221
122 317
122 406
122 304
122 49
122 60
122 402
478 66
478 514
478 185
478 331
478 172
478 499
478 177
478 309
478 35
478 502
478 154
478 554
478 142
478 602
478 598
478 121
27 483
27 381
27 152
27 688
27 416
27 127
27 667
27 662
27 265
27 595
27 383
27 276
27 299
27 224
27 465
27 512
27 150
27 475
27 374
120 412
120 428
120 199
120 248
120 347
120 614
120 6
120 336
120 559
120 511
120 616
120 183
120 5
120 500
165 81
165 672
165 477
165 148
165 605
165 418
165 367
165 600
165 302
165 550
165 294
165 458
165 463
165 385
165 75
165 349
165 437
165 422
165 525
144 15
144 373
144 175
144 51
144 386
144 471
144 696
144 415
144 52
144 657
144 599
144 426
349 566
349 660
349 541
349 54
349 464
349 431
349 244
349 372
349 100
349 517
349 55
349 423
349 30
349 421
349 402
422 432
422 31
422 354
422 327
422 275
422 656
422 195
422 440
422 556
422 7
422 318
422 603
422 214
422 407
422 191
422 437
422 525
426 61
426 234
426 505
426 627
426 217
426 18
426 493
426 531
426 57
426 360
426 657
426 143
475 97
475 391
475 351
475 522
475 628
475 479
475 10
475 284
475 160
475 53
475 352
475 544
475 322
475 512
475 150
475 374
598 697
598 516
598 287
598 303
598 698
598 593
598 243
598 645
598 326
598 142
598 602
598 119
598 526
121 504
121 442
121 519
121 171
121 184
121 181
121 220
121 123
121 48
121 640
121 694
657 373
657 175
657 51
657 386
657 471
657 633
657 52
657 186
657 599
657 143
525 671
525 296
525 102
525 447
525 334
525 20
525 642
525 214
525 258
525 135
525 439
525 646
525 390
525 191
374 628
374 479
374 546
374 235
374 10
374 529
374 352
374 544
374 322
374 190
374 620
374 150
388 484
388 528
388 86
388 69
388 370
388 625
388 509
388 222
388 480
388 72
388 323
388 460
388 651
183 225
183 92
183 82
183 558
183 691
183 631
183 409
183 267
183 212
183 695
183 84
183 501
183 361
183 141
183 425
402 380
402 272
402 571
402 648
402 130
402 457
402 77
402 372
402 55
402 423
527 613
527 292
527 658
527 109
527 607
527 28
527 153
527 448
527 213
527 44
527 640
640 301
640 89
640 632
640 180
640 260
640 153
640 448
640 213
640 44
64 683
64 168
64 104
64 523
64 164
64 83
64 95
64 539
64 469
64 178
64 295
64 145
64 635
142 99
142 328
142 521
142 320
142 254
142 502
142 154
142 554
142 602
344 472
344 289
344 411
344 358
344 65
344 245
344 247
344 117
344 630
344 622
344 332
344 513
344 166
437 81
437 672
437 477
437 148
437 605
437 418
437 367
437 600
437 463
437 385
437 75
512 152
512 688
512 416
512 127
512 595
512 383
512 276
512 299
512 224
512 465
512 150
602 395
602 194
602 548
602 506
602 534
602 273
602 205
602 119
114 679
114 473
114 13
114 125
114 59
114 353
114 384
114 240
114 4
114 128
114 297
295 615
295 96
295 444
295 539
295 469
295 355
295 19
295 178
295 145
295 653
295 635
145 515
145 435
145 281
145 36
145 355
145 19
145 653
145 90
145 635
166 587
166 551
166 261
166 147
166 438
166 472
166 630
166 622
166 332
423 660
423 541
423 54
423 464
423 431
423 372
423 100
423 517
423 55
423 30
635 654
635 397
635 324
635 262
635 67
635 467
635 653
635 90
44 301
44 89
44 180
44 260
44 153
44 448
44 213
55 272
55 571
55 648
55 130
55 77
55 372
71 619
71 359
71 643
71 623
71 663
71 589
71 42
71 12
71 313
71 408
222 69
222 495
222 481
222 370
222 625
222 480
222 72
222 323
222 460
222 651
323 370
323 445
323 641
323 163
323 480
323 72
323 460
323 651
361 691
361 631
361 409
361 151
361 76
361 267
361 695
361 501
361 141
361 212
361 84
361 425
425 631
425 409
425 151
425 76
425 267
425 212
425 695
425 84
425 501
425 141
622 472
622 411
622 358
622 65
622 245
622 247
622 630
622 332
622 513
645 387
645 341
645 365
645 201
645 161
645 488
645 699
645 639
645 326
645 526
143 280
143 8
143 186
143 617
143 156
143 18
153 301
153 89
153 180
153 260
153 448
153 213
526 698
526 112
526 533
526 33
526 243
526 326
630 472
630 298
630 289
630 411
630 358
630 65
630 332
647 665
647 9
647 588
647 379
647 307
647 462
647 503
653 435
653 281
653 36
653 251
653 19
653 90
49 192
49 491
49 585
49 11
49 681
49 304
49 693
49 60
90 251
90 654
90 397
90 324
90 262
150 204
150 284
150 160
150 53
178 683
178 168
178 104
178 523
178 164
178 83
178 95
191 375
191 597
191 439
191 646
191 390
191 197
191 420
213 337
213 638
213 448
246 419
246 277
246 215
246 291
246 555
246 283
372 644
372 249
372 232
372 187
372 566
372 100
408 169
408 573
408 413
408 16
408 369
408 549
408 637
694 46
694 129
694 22
694 184
694 181
18 8
18 93
18 617
18 156
60 618
60 270
60 223
60 693
60 170
60 659
141 631
141 409
141 151
141 76
141 267
141 695
141 501
212 225
212 92
212 82
212 558
212 84
212 695
212 501
326 33
326 387
326 341
326 699
326 639
332 245
332 247
332 117
332 513
410 626
410 574
410 167
410 666
410 241
410 417
410 489
448 632
460 370
460 445
460 480
460 72
460 651
554 66
554 514
554 309
554 35
5 199
5 248
5 336
5 559
5 511
5 500
72 445
72 641
72 163
72 651
181 46
181 184
181 22
304 192
304 491
304 585
304 11
304 693
313 542
313 290
313 507
313 12
313 42
369 169
369 573
369 413
369 16
369 549
390 345
390 375
390 439
390 646
390 197
421 652
421 530
421 321
421 604
421 649
421 30
472 298
472 289
472 411
472 358
472 65
625 484
625 528
625 86
625 69
625 509
651 641
651 163
651 226
695 92
695 558
695 691
695 84
695 501
19 515
19 435
19 355
26 25
26 680
26 107
26 450
95 168
95 523
95 164
95 83
184 46
184 22
186 561
186 1
186 617
220 442
220 123
297 268
297 240
297 4
297 581
297 128
383 152
383 688
383 416
383 595
383 276
439 642
439 646
439 135
480 495
480 481
480 370
501 92
501 558
501 84
544 529
544 343
544 322
544 190
559 199
559 248
559 336
559 511
559 500
617 280
617 8
617 156
637 113
637 389
637 311
637 266
637 105
637 549
646 642
646 135
22 129
28 591
28 494
42 619
42 359
42 643
42 12
84 92
84 558
123 611
123 504
128 125
128 59
128 240
128 4
152 688
152 276
152 595
164 346
164 683
276 688
276 595
370 495
370 481
379 188
379 490
379 474
379 450
379 588
409 631
409 151
409 76
409 267
420 597
420 414
420 193
420 111
449 543
449 56
449 357
449 610
449 583
449 146
450 429
450 308
450 188
450 490
462 665
462 9
462 588
462 307
499 79
499 233
499 271
500 347
500 616
509 484
509 528
509 86
517 660
517 541
517 54
517 431
595 688
599 386
599 471
662 678
662 58
662 584
662 667
662 265
667 678
667 58
667 584
667 265
10 546
10 235
10 352
12 290
12 507
52 696
52 415
53 41
53 284
53 160
57 505
57 531
65 411
65 358
83 168
83 523
89 301
89 180
92 225
92 558
111 159
111 674
111 454
135 20
160 41
160 284
177 403
177 271
180 260
214 451
214 407
284 41
307 665
307 9
307 588
309 66
309 514
352 546
352 235
355 515
355 435
385 81
385 672
385 463
463 81
463 672
469 615
469 96
469 539
513 247
531 505
549 176
549 113
588 474
594 74
594 310
594 285
594 63
594 70
638 288
638 253
638 405
655 668
655 162
655 430
4 240
75 672
75 148
146 357
146 610
146 583
170 618
170 270
170 659
197 375
224 299
224 465
233 79
235 546
247 158
247 117
265 455
267 631
277 316
277 580
277 419
277 101
299 465
318 432
318 31
318 354
322 529
341 387
341 699
341 639
358 411
360 126
387 699
387 639
431 660
431 541
431 464
431 54
435 515
484 528
484 86
539 96
566 644
566 249
566 232
566 187
566 100
581 575
581 238
581 579
583 56
583 357
583 610
587 551
587 261
587 147
596 62
596 459
596 392
603 275
603 656
603 195
631 151
639 699
659 618
659 270
672 477
672 81
678 58
678 584
693 681
8 280
31 432
31 354
31 7
35 185
47 624
47 305
47 398
54 660
54 541
63 310
63 285
63 70
110 103
110 306
110 608
151 76
154 99
154 502
162 668
162 430
163 641
167 626
167 574
190 620
201 365
201 161
201 488
221 468
221 396
221 317
221 406
238 575
238 582
238 579
243 698
243 112
261 551
261 147
270 618
285 310
285 70
288 405
310 70
312 325
312 237
312 399
312 278
386 471
407 451
415 696
430 668
432 29
432 7
479 628
481 495
489 417
493 61
493 234
507 542
523 104
534 548
534 205
534 395
534 194
541 464
547 366
547 436
551 438
555 291
555 283
574 626
574 293
614 73
614 94
620 537
626 293
3 0
3 456
6 661
6 412
6 428
7 29
9 665
16 573
20 447
20 334
51 373
51 175
56 543
56 357
61 234
103 45
105 311
105 266
161 488
187 644
187 249
187 232
188 308
188 490
194 395
194 548
205 506
205 273
232 644
232 249
237 325
237 399
237 278
249 644
258 686
262 324
266 311
269 206
269 228
289 298
305 624
305 398
314 510
314 377
317 396
317 406
330 427
351 522
353 473
353 384
392 378
392 459
395 548
396 468
396 406
398 624
419 580
419 87
428 661
428 412
458 78
458 294
459 378
490 308
511 248
540 673
540 255
540 116
573 413
575 579
585 11
600 367
600 302
600 40
604 652
607 658
607 109
608 306
616 347
633 200
633 203
673 116
673 255
698 112
1 561
59 125
94 497
94 586
137 139
137 140
148 605
195 656
206 228
208 568
208 368
225 82
241 666
273 506
278 399
292 613
296 671
320 328
320 254
321 530
321 649
328 521
334 447
473 679
486 315
486 218
492 155
492 182
492 592
543 136
556 601
556 80
577 376
619 359
619 643
643 623
650 333
650 263
663 589
663 623
664 578
671 348
676 532
676 256
23 606
23 282
23 118
24 300
34 134
77 130
80 601
101 316
107 680
139 140
155 182
192 491
256 131
279 682
282 606
294 550
302 40
315 218
345 692
454 674
457 424
457 496
516 697
518 629
553 557
576 684
17 230
115 173
207 520
229 364
259 564
329 446
380 452
404 157
424 496
434 466
570 670
