2 339
2 264
2 316
2 202
2 101
2 87
2 277
2 215
2 291
2 269
2 206
2 228
2 68
2 211
2 279
2 261
2 147
2 298
2 289
2 65
2 247
2 245
2 158
2 117
2 319
2 91
2 292
2 109
2 301
2 89
2 180
2 260
2 337
2 288
2 253
2 46
2 171
2 79
2 66
2 185
2 331
2 172
2 328
2 99
2 320
2 254
2 182
2 155
2 194
2 273
2 205
2 303
2 287
2 112
2 33
2 341
2 201
2 161
2 116
2 255
2 179
2 325
2 174
2 237
2 43
2 13
2 125
2 59
2 268
2 227
2 238
2 252
2 58
2 152
2 127
2 124
2 134
2 34
2 204
2 41
2 97
2 235
2 10
2 343
2 315
2 218
2 231
2 257
2 92
2 82
2 267
2 132
2 157
2 94
2 248
2 347
2 256
2 140
2 137
2 17
2 230
2 290
2 207
2 169
2 16
2 103
2 45
2 283
2 332
2 28
2 153
2 213
2 129
2 22
2 184
2 181
2 220
2 123
2 48
2 233
2 177
2 271
2 309
2 35
2 154
2 243
2 326
2 312
2 278
2 240
2 4
2 265
2 299
2 276
2 224
2 284
2 160
2 53
2 322
2 190
2 84
2 212
2 141
2 6
2 336
2 12
2 71
2 42
2 306
2 110
2 314
2 221
2 317
2 304
2 49
2 170
2 77
2 100
2 146
2 294
2 75
2 7
2 318
2 214
2 258
2 135
2 197
2 111
2 164
2 83
2 95
2 19
2 307
2 222
2 72
2 47
2 52
2 186
2 156
2 18
2 57
2 330
2 3
2 246
2 166
2 344
2 44
2 142
2 119
2 128
2 114
2 297
2 150
2 183
2 5
2 313
2 60
2 55
2 30
2 191
2 178
2 64
2 295
2 90
2 145
2 26
2 323
2 144
2 143
2 38
2 50
2 121
2 27
2 106
2 335
2 120
2 216
2 122
2 14
2 349
2 165
2 133
2 236
2 149
2 196
2 219
2 98
2 250
250 339
250 264
250 316
250 101
250 277
250 215
250 291
250 269
250 206
250 65
250 247
250 245
250 292
250 210
250 31
250 327
250 259
250 296
250 334
250 20
250 345
250 193
250 159
250 85
250 138
250 198
250 346
250 168
250 104
250 96
250 281
250 36
250 251
250 324
250 262
250 67
250 21
250 208
250 293
250 241
250 167
250 25
250 107
250 308
250 188
250 9
250 286
250 239
250 300
250 24
250 86
250 69
250 163
250 226
250 333
250 263
250 305
250 15
250 175
250 51
250 200
250 203
250 1
250 280
250 8
250 93
250 61
250 234
250 217
250 126
250 229
250 162
250 0
250 283
250 332
250 28
250 153
250 213
250 129
250 22
250 184
250 181
250 220
250 123
250 48
250 233
250 177
250 271
250 309
250 35
250 154
250 243
250 326
250 312
250 4
250 299
250 276
250 284
250 160
250 53
250 322
250 190
250 84
250 212
250 141
250 6
250 12
250 71
250 42
250 110
250 314
250 317
250 304
250 49
250 170
250 77
250 100
250 146
250 294
250 75
250 7
250 318
250 214
250 258
250 135
250 197
250 111
250 164
250 83
250 95
250 19
250 307
250 222
250 72
250 47
250 52
250 186
250 156
250 18
250 57
250 330
250 3
250 246
250 166
250 344
250 44
250 142
250 119
250 128
250 114
250 297
250 150
250 183
250 5
250 313
250 60
250 55
250 30
250 191
250 178
250 64
250 295
250 90
250 145
250 26
250 323
250 144
250 143
250 38
250 50
250 121
250 27
250 106
250 335
250 120
250 216
250 122
250 14
250 349
250 165
250 133
250 236
250 149
250 196
250 219
250 98
98 296
98 334
98 20
98 345
98 193
98 159
98 85
98 138
98 198
98 346
98 168
98 104
98 96
98 281
98 36
98 251
98 324
98 262
98 67
98 21
98 208
98 293
98 241
98 167
98 308
98 188
98 9
98 75
98 7
98 318
98 214
98 258
98 135
98 197
98 111
98 164
98 83
98 95
98 19
98 307
98 222
98 72
98 52
98 18
98 57
98 246
98 166
98 142
98 60
98 55
98 30
98 191
98 178
98 64
98 295
98 90
98 145
98 26
98 323
98 144
98 143
98 38
98 50
98 121
98 27
98 106
98 335
98 120
98 216
98 122
98 14
98 349
98 165
98 133
98 236
98 149
98 196
98 219
149 79
149 66
149 185
149 331
149 172
149 328
149 99
149 320
149 254
149 153
149 213
149 129
149 22
149 184
149 181
149 220
149 123
149 48
149 233
149 177
149 271
149 309
149 35
149 154
149 243
149 326
149 246
149 166
149 344
149 44
149 142
149 119
149 114
149 297
149 38
149 50
149 121
149 27
149 106
149 335
149 120
149 196
149 219
38 277
38 215
38 291
38 269
38 206
38 228
38 68
38 211
38 279
38 261
38 147
38 298
38 289
38 65
38 247
38 245
38 158
38 117
38 283
38 332
38 28
38 153
38 213
38 330
38 246
38 166
38 344
38 44
38 144
38 50
38 121
38 106
38 133
38 236
106 268
106 238
106 252
106 58
106 152
106 127
106 34
106 204
106 240
106 4
106 265
106 299
106 276
106 224
106 284
106 160
106 53
106 128
106 114
106 297
106 150
106 183
106 121
106 27
106 335
106 120
106 216
106 50
106 196
106 219
196 347
196 37
196 32
196 256
196 131
196 274
196 139
196 140
196 137
196 17
196 230
196 290
196 207
196 16
196 141
196 6
196 336
196 12
196 71
196 42
196 110
196 314
196 183
196 5
196 313
196 27
196 335
196 120
196 216
196 219
219 207
219 169
219 16
219 176
219 113
219 311
219 266
219 105
219 103
219 45
219 62
219 12
219 71
219 42
219 306
219 110
219 314
219 221
219 317
219 304
219 49
219 5
219 313
219 60
219 55
219 335
219 120
219 216
50 292
50 109
50 301
50 89
50 180
50 260
50 337
50 288
50 253
50 46
50 332
50 28
50 153
50 213
50 129
50 22
50 184
50 181
50 220
50 123
50 246
50 166
50 344
50 44
50 142
50 121
50 236
216 290
216 207
216 169
216 16
216 176
216 113
216 311
216 266
216 105
216 103
216 45
216 12
216 71
216 42
216 306
216 110
216 314
216 5
216 313
216 335
216 120
216 122
216 14
216 165
216 349
236 1
236 280
236 8
236 93
236 61
236 234
236 217
236 126
236 229
236 222
236 72
236 52
236 186
236 156
236 18
236 57
236 330
236 246
236 166
236 323
236 144
236 143
236 133
236 121
335 204
335 41
335 97
335 235
335 10
335 343
335 299
335 276
335 284
335 160
335 53
335 322
335 190
335 212
335 141
335 114
335 297
335 150
335 183
335 27
335 120
120 94
120 199
120 248
120 347
120 37
120 256
120 212
120 141
120 6
120 336
120 71
120 183
120 5
120 313
120 27
120 14
120 122
122 88
122 329
122 173
122 115
122 282
122 118
122 23
122 192
122 11
122 110
122 314
122 221
122 317
122 304
122 49
122 170
122 60
122 55
122 14
122 349
122 165
121 46
121 171
121 153
121 213
121 129
121 22
121 184
121 181
121 220
121 123
121 48
121 233
121 177
121 271
121 166
121 44
121 142
133 324
133 67
133 21
133 208
133 293
133 241
133 167
133 25
133 164
133 19
133 307
133 191
133 178
133 64
133 295
133 90
133 145
133 26
133 144
133 165
14 192
14 11
14 223
14 270
14 74
14 310
14 285
14 63
14 70
14 242
14 317
14 304
14 49
14 170
14 60
14 55
14 349
14 165
165 78
165 81
165 148
165 302
165 40
165 31
165 146
165 294
165 75
165 7
165 318
165 214
165 55
165 30
165 191
165 64
165 349
246 316
246 202
246 101
246 87
246 277
246 215
246 291
246 269
246 206
246 228
246 283
246 330
246 3
246 166
246 344
144 305
144 15
144 175
144 51
144 200
144 203
144 222
144 72
144 47
144 52
144 186
144 156
144 18
144 323
144 143
64 198
64 346
64 168
64 104
64 96
64 111
64 164
64 83
64 95
64 19
64 191
64 178
64 295
64 90
64 145
166 211
166 261
166 147
166 298
166 289
166 65
166 247
166 245
166 332
166 28
166 344
27 252
27 58
27 152
27 127
27 265
27 299
27 276
27 224
27 114
27 297
27 150
178 198
178 346
178 168
178 104
178 111
178 164
178 83
178 95
178 19
178 191
178 90
178 145
178 295
142 331
142 172
142 328
142 99
142 320
142 254
142 155
142 309
142 35
142 154
142 119
183 257
183 338
183 225
183 92
183 82
183 151
183 76
183 267
183 84
183 212
183 141
114 13
114 125
114 59
114 268
114 312
114 278
114 240
114 4
114 128
114 297
150 124
150 134
150 34
150 204
150 41
150 97
150 299
150 224
150 284
150 160
150 53
344 298
344 289
344 65
344 247
344 245
344 158
344 117
344 332
344 28
349 249
349 232
349 187
349 54
349 244
349 77
349 100
349 55
349 30
44 292
44 109
44 301
44 89
44 180
44 260
44 28
44 153
44 213
90 281
90 36
90 251
90 324
90 262
90 67
90 19
90 295
90 145
55 272
55 130
55 77
55 100
55 60
55 30
60 223
60 270
60 74
60 63
60 304
60 49
60 170
213 89
213 180
213 260
213 337
213 288
213 253
213 153
297 125
297 59
297 268
297 227
297 240
297 4
297 128
141 92
141 151
141 76
141 267
141 132
141 212
141 84
295 96
295 164
295 83
295 95
295 19
295 145
143 1
143 280
143 8
143 93
143 186
143 156
143 18
145 281
145 36
145 251
145 19
153 301
153 89
153 180
153 260
164 198
164 346
164 168
164 83
164 95
212 338
212 225
212 92
212 82
212 267
212 84
304 282
304 118
304 23
304 192
304 11
304 49
18 280
18 8
18 93
18 186
18 156
49 192
49 11
49 270
49 170
71 290
71 207
71 12
71 42
71 313
128 13
128 125
128 59
128 268
128 240
128 4
181 46
181 184
181 123
181 220
181 129
181 22
191 345
191 135
191 197
191 111
332 65
332 247
332 245
332 158
332 117
5 199
5 248
5 6
5 336
53 204
53 41
53 97
53 284
53 160
83 168
83 104
83 95
95 168
95 104
110 103
110 45
110 306
110 314
160 204
160 41
160 97
160 284
184 46
184 123
184 129
184 22
284 204
284 41
284 97
313 290
313 12
313 42
4 125
4 268
4 240
12 290
12 42
42 290
72 163
72 226
72 222
72 323
84 225
84 92
84 82
84 267
156 8
156 93
156 186
186 1
186 8
222 86
222 69
222 323
247 245
247 158
247 117
277 316
277 202
277 101
277 87
277 215
299 127
299 276
299 224
323 163
323 226
22 129
28 319
35 66
35 185
35 331
35 309
65 298
65 289
89 301
89 180
89 260
123 220
170 223
170 270
180 301
180 260
245 117
314 306
317 173
317 115
317 221
326 33
326 341
326 201
326 161
326 243
7 29
7 31
7 318
8 280
30 244
45 266
45 105
45 103
92 225
92 82
100 249
100 232
100 187
111 159
117 158
125 59
125 240
214 80
214 259
214 258
215 87
215 283
233 79
233 177
233 271
267 151
267 76
268 227
276 152
312 325
312 174
312 237
312 278
318 29
318 31
6 336
26 25
26 107
52 15
59 13
63 74
63 310
63 285
63 70
75 81
75 148
82 225
101 316
101 202
119 273
119 205
135 334
135 20
140 139
140 137
140 17
140 230
154 328
154 99
177 271
206 269
206 228
230 17
230 139
230 137
243 303
243 112
269 228
278 325
278 237
278 43
283 291
289 298
309 66
316 202
324 262
324 67
328 320
328 254
331 172
331 185
3 339
3 0
16 169
31 29
34 124
34 134
36 281
47 263
47 305
57 61
77 130
105 311
105 266
137 139
146 136
146 56
147 211
147 261
167 293
167 241
254 320
258 259
266 311
307 9
310 285
310 70
310 74
322 343
322 190
325 174
325 237
20 334
23 282
23 118
58 265
61 234
70 285
76 151
118 282
124 134
173 329
173 115
174 179
187 249
187 232
205 273
205 194
232 249
253 288
256 131
294 78
10 235
24 239
24 300
37 32
51 175
69 86
85 138
94 73
132 209
155 182
161 201
188 308
200 203
239 300
257 231
263 333
296 348
40 302
56 136
116 255
218 315
