2 339
2 264
2 419
2 316
2 202
2 101
2 87
2 277
2 215
2 291
2 269
2 206
2 228
2 68
2 211
2 279
2 261
2 147
2 438
2 411
2 358
2 298
2 289
2 65
2 247
2 245
2 158
2 117
2 319
2 91
2 292
2 109
2 301
2 89
2 180
2 260
2 337
2 288
2 253
2 405
2 394
2 433
2 46
2 171
2 442
2 79
2 403
2 66
2 185
2 331
2 172
2 328
2 99
2 320
2 254
2 182
2 155
2 395
2 194
2 273
2 205
2 303
2 287
2 112
2 33
2 387
2 365
2 341
2 201
2 161
2 116
2 255
2 179
2 325
2 174
2 237
2 399
2 43
2 13
2 125
2 59
2 268
2 227
2 238
2 401
2 252
2 58
2 381
2 152
2 416
2 127
2 124
2 134
2 34
2 204
2 41
2 391
2 351
2 97
2 235
2 10
2 315
2 231
2 257
2 92
2 409
2 267
2 132
2 404
2 157
2 94
2 428
2 363
2 137
2 230
2 290
2 16
2 103
2 45
2 283
2 332
2 28
2 448
2 153
2 213
2 129
2 22
2 184
2 181
2 220
2 123
2 48
2 233
2 177
2 271
2 309
2 35
2 154
2 243
2 326
2 312
2 353
2 278
2 384
2 240
2 4
2 265
2 383
2 299
2 276
2 224
2 284
2 160
2 53
2 352
2 322
2 190
2 84
2 212
2 361
2 141
2 6
2 336
2 12
2 71
2 42
2 369
2 306
2 110
2 314
2 392
2 221
2 317
2 406
2 304
2 49
2 170
2 372
2 77
2 100
2 449
2 146
2 294
2 385
2 75
2 7
2 318
2 214
2 407
2 258
2 135
2 439
2 390
2 197
2 420
2 111
2 164
2 83
2 95
2 355
2 19
2 379
2 307
2 222
2 72
2 47
2 415
2 52
2 186
2 156
2 18
2 57
2 360
2 330
2 3
2 246
2 166
2 344
2 44
2 142
2 119
2 128
2 114
2 297
2 150
2 183
2 425
2 5
2 313
2 408
2 60
2 55
2 423
2 30
2 421
2 191
2 178
2 64
2 295
2 90
2 145
2 410
2 26
2 388
2 323
2 144
2 143
2 38
2 50
2 121
2 393
2 27
2 106
2 335
2 374
2 120
2 216
2 122
2 371
2 14
2 402
2 349
2 437
2 165
2 422
2 133
2 426
2 236
2 149
2 196
2 219
2 441
2 443
2 98
2 250
250 339
250 419
250 101
250 277
250 215
250 269
250 206
250 65
250 247
250 432
250 31
250 296
250 375
250 345
250 193
250 414
250 85
250 138
250 198
250 346
250 168
250 104
250 96
250 444
250 435
250 281
250 36
250 251
250 397
250 324
250 262
250 67
250 21
250 376
250 208
250 368
250 293
250 241
250 167
250 417
250 25
250 107
250 308
250 188
250 429
250 9
250 286
250 239
250 300
250 24
250 86
250 69
250 445
250 370
250 163
250 226
250 333
250 263
250 305
250 398
250 15
250 373
250 175
250 51
250 386
250 200
250 203
250 1
250 280
250 8
250 93
250 61
250 234
250 217
250 364
250 126
250 229
250 350
250 162
250 430
250 427
250 434
250 0
250 283
250 332
250 28
250 448
250 153
250 213
250 129
250 22
250 184
250 181
250 220
250 123
250 48
250 233
250 177
250 271
250 309
250 35
250 154
250 243
250 326
250 384
250 4
250 383
250 299
250 276
250 212
250 361
250 141
250 6
250 12
250 71
250 369
250 110
250 314
250 317
250 406
250 304
250 49
250 372
250 449
250 146
250 294
250 385
250 75
250 7
250 318
250 214
250 407
250 258
250 135
250 439
250 390
250 197
250 420
250 111
250 164
250 83
250 95
250 355
250 19
250 379
250 307
250 222
250 72
250 47
250 415
250 52
250 186
250 156
250 18
250 57
250 360
250 330
250 3
250 246
250 166
250 344
250 44
250 142
250 119
250 128
250 114
250 297
250 150
250 183
250 425
250 5
250 313
250 408
250 60
250 55
250 423
250 30
250 421
250 191
250 178
250 64
250 295
250 90
250 145
250 410
250 26
250 388
250 323
250 144
250 143
250 38
250 50
250 121
250 393
250 27
250 106
250 335
250 374
250 120
250 216
250 122
250 371
250 14
250 402
250 349
250 437
250 165
250 422
250 133
250 426
250 236
250 149
250 196
250 219
250 441
250 443
250 98
98 296
98 375
98 345
98 400
98 193
98 414
98 159
98 85
98 138
98 198
98 346
98 168
98 104
98 96
98 444
98 435
98 281
98 36
98 251
98 397
98 324
98 262
98 67
98 21
98 376
98 208
98 368
98 293
98 241
98 167
98 417
98 75
98 318
98 214
98 407
98 258
98 135
98 439
98 390
98 197
98 420
98 111
98 164
98 83
98 95
98 355
98 19
98 379
98 307
98 222
98 72
98 246
98 55
98 423
98 30
98 421
98 191
98 178
98 64
98 295
98 90
98 145
98 410
98 26
98 388
98 323
98 144
98 143
98 38
98 50
98 121
98 393
98 27
98 106
98 335
98 374
98 120
98 216
98 122
98 371
98 14
98 402
98 349
98 437
98 165
98 422
98 133
98 426
98 236
98 149
98 196
98 219
98 441
98 443
443 179
443 325
443 125
443 268
443 227
443 238
443 401
443 252
443 58
443 381
443 152
443 416
443 127
443 124
443 134
443 34
443 204
443 41
443 391
443 351
443 97
443 235
443 10
443 343
443 315
443 243
443 326
443 312
443 353
443 278
443 384
443 240
443 4
443 265
443 383
443 299
443 276
443 224
443 284
443 160
443 53
443 352
443 322
443 190
443 84
443 212
443 361
443 141
443 6
443 246
443 166
443 142
443 119
443 128
443 114
443 297
443 150
443 183
443 425
443 5
443 313
443 408
443 38
443 50
443 121
443 393
443 27
443 106
443 335
443 374
443 120
443 216
443 122
443 371
443 14
443 402
443 349
443 437
443 165
443 422
443 133
443 426
443 236
443 149
443 196
443 219
443 441
441 54
441 431
441 244
441 321
441 210
441 136
441 357
441 56
441 340
441 189
441 39
441 342
441 372
441 100
441 449
441 146
441 294
441 385
441 75
441 60
441 55
441 423
441 30
441 421
441 106
441 120
441 216
441 122
441 371
441 14
441 402
441 349
441 437
441 165
441 422
441 133
441 236
441 149
441 196
441 219
219 207
219 169
219 413
219 16
219 176
219 113
219 389
219 311
219 266
219 105
219 103
219 45
219 377
219 378
219 12
219 71
219 42
219 369
219 306
219 110
219 314
219 392
219 317
219 406
219 49
219 313
219 408
219 60
219 55
219 106
219 335
219 120
219 216
219 196
50 292
50 301
50 89
50 180
50 260
50 337
50 288
50 253
50 405
50 394
50 433
50 46
50 28
50 448
50 153
50 213
50 129
50 22
50 184
50 181
50 220
50 123
50 246
50 166
50 344
50 44
50 142
50 38
50 121
50 393
50 106
50 426
50 236
50 149
149 442
149 79
149 403
149 66
149 185
149 331
149 172
149 320
149 448
149 213
149 184
149 181
149 220
149 123
149 48
149 233
149 177
149 271
149 309
149 35
149 154
149 166
149 44
149 142
149 119
149 38
149 121
149 393
149 106
149 335
149 196
106 238
106 401
106 252
106 58
106 381
106 152
106 416
106 127
106 4
106 265
106 383
106 299
106 276
106 224
106 284
106 160
106 53
106 128
106 114
106 297
106 150
106 393
106 27
106 335
106 374
106 120
106 196
38 269
38 206
38 228
38 68
38 211
38 279
38 261
38 147
38 438
38 411
38 358
38 298
38 289
38 65
38 247
38 245
38 283
38 332
38 28
38 448
38 213
38 246
38 166
38 344
38 44
38 121
38 426
38 236
196 363
196 37
196 32
196 256
196 131
196 274
196 139
196 140
196 137
196 17
196 230
196 290
196 6
196 12
196 71
196 42
196 369
196 110
196 183
196 5
196 313
196 408
196 335
196 374
196 120
196 216
216 290
216 207
216 169
216 413
216 16
216 176
216 113
216 389
216 311
216 266
216 105
216 103
216 45
216 12
216 71
216 42
216 369
216 306
216 110
216 314
216 313
216 408
216 120
216 122
216 14
216 371
216 402
393 33
393 387
393 365
393 341
393 201
393 161
393 116
393 255
393 179
393 325
393 174
393 243
393 326
393 312
393 353
393 278
393 384
393 4
393 142
393 119
393 128
393 114
393 297
393 121
393 27
393 335
165 78
165 81
165 148
165 367
165 418
165 302
165 40
165 432
165 31
165 449
165 294
165 385
165 75
165 7
165 318
165 214
165 55
165 423
165 421
165 371
165 402
165 349
165 437
165 14
165 422
165 133
236 8
236 93
236 61
236 234
236 217
236 364
236 126
236 229
236 186
236 156
236 18
236 57
236 360
236 330
236 246
236 388
236 323
236 144
236 143
236 426
236 133
236 121
335 204
335 41
335 391
335 351
335 97
335 235
335 10
335 343
335 299
335 284
335 160
335 53
335 352
335 322
335 190
335 150
335 183
335 27
335 120
335 374
422 432
422 29
422 31
422 354
422 327
422 195
422 275
422 80
422 440
422 259
422 75
422 7
422 318
422 214
422 407
422 258
422 439
422 191
422 64
422 437
422 402
422 349
422 133
120 94
120 412
120 428
120 199
120 248
120 347
120 363
120 361
120 141
120 6
120 336
120 183
120 425
120 5
120 313
120 408
120 374
120 122
122 88
122 396
122 446
122 329
122 173
122 115
122 356
122 282
122 118
122 23
122 221
122 317
122 406
122 304
122 49
122 60
122 55
122 14
122 371
122 402
122 349
371 192
371 11
371 223
371 270
371 74
371 310
371 285
371 63
371 70
371 242
371 304
371 49
371 170
371 60
371 55
371 423
371 14
371 349
371 402
14 11
14 223
14 270
14 74
14 310
14 285
14 63
14 70
14 242
14 304
14 49
14 170
14 60
14 55
14 423
14 402
14 349
133 21
133 376
133 208
133 368
133 293
133 241
133 167
133 417
133 19
133 379
133 178
133 64
133 295
133 90
133 145
133 410
133 26
133 388
349 424
349 249
349 232
349 187
349 54
349 431
349 244
349 372
349 77
349 100
349 55
349 423
349 30
349 421
349 402
349 437
402 380
402 272
402 130
402 424
402 372
402 77
402 100
402 60
402 55
402 423
402 30
402 421
121 171
121 442
121 448
121 213
121 129
121 22
121 184
121 181
121 220
121 123
121 48
121 233
121 44
121 142
426 61
426 234
426 217
426 364
426 126
426 229
426 350
426 186
426 156
426 18
426 57
426 360
426 330
426 246
426 144
426 143
374 351
374 235
374 10
374 343
374 284
374 160
374 53
374 352
374 322
374 190
374 150
374 183
374 27
27 381
27 152
27 416
27 127
27 265
27 383
27 299
27 276
27 224
27 114
27 297
27 150
55 380
55 272
55 130
55 424
55 372
55 77
55 100
55 30
55 423
183 338
183 225
183 92
183 82
183 409
183 151
183 76
183 267
183 84
183 212
183 361
183 141
183 425
64 346
64 168
64 104
64 96
64 111
64 164
64 83
64 95
64 19
64 191
64 178
64 295
64 90
64 145
144 15
144 373
144 175
144 51
144 386
144 72
144 47
144 415
144 52
144 186
144 18
144 388
144 323
144 143
246 419
246 316
246 101
246 87
246 277
246 215
246 291
246 269
246 206
246 283
246 166
114 13
114 125
114 59
114 268
114 312
114 353
114 278
114 384
114 240
114 4
114 128
114 297
166 211
166 261
166 147
166 438
166 411
166 298
166 289
166 65
166 332
166 344
423 54
423 431
423 244
423 372
423 100
423 30
423 421
437 81
437 148
437 367
437 418
437 302
437 40
437 385
437 75
437 318
150 134
150 34
150 204
150 41
150 97
150 299
150 284
150 160
150 53
295 96
295 444
295 435
295 164
295 83
295 95
295 355
295 19
295 178
295 90
295 145
344 411
344 358
344 298
344 289
344 65
344 247
344 245
344 158
344 117
344 332
344 28
142 172
142 328
142 99
142 320
142 254
142 35
142 154
142 119
408 207
408 169
408 413
408 16
408 176
408 71
408 369
408 313
44 109
44 301
44 89
44 180
44 260
44 448
44 153
44 213
60 223
60 270
60 74
60 304
60 49
60 170
90 36
90 251
90 397
90 324
90 262
90 67
90 19
90 145
178 346
178 168
178 104
178 164
178 83
178 95
178 19
178 145
361 92
361 409
361 151
361 76
361 267
361 141
361 84
361 212
361 425
425 92
425 409
425 151
425 76
425 267
425 84
425 212
425 141
71 290
71 359
71 207
71 12
71 42
71 369
71 313
128 125
128 59
128 353
128 384
128 240
128 4
128 297
141 409
141 151
141 76
141 267
141 212
141 84
145 435
145 281
145 36
145 355
145 19
191 375
191 345
191 135
191 439
191 390
191 197
191 420
191 111
297 125
297 268
297 227
297 240
297 4
448 89
448 180
448 260
448 337
448 153
448 213
19 444
19 435
19 355
143 280
143 8
143 93
143 186
143 156
143 18
212 338
212 225
212 92
212 82
212 84
213 180
213 260
213 337
213 153
313 290
313 12
313 42
332 411
332 358
332 65
332 247
332 245
332 158
332 117
372 424
372 249
372 232
372 187
372 100
388 86
388 69
388 370
388 222
388 72
388 323
421 321
421 210
421 449
421 30
4 125
4 268
4 240
49 192
49 11
49 304
49 170
72 445
72 370
72 163
72 226
72 222
72 323
160 204
160 41
160 97
160 284
160 53
164 198
164 346
164 168
164 83
164 95
299 127
299 383
299 276
299 224
323 445
323 370
323 163
323 222
326 33
326 387
326 365
326 341
326 201
326 161
326 243
369 169
369 413
369 16
369 176
439 447
439 334
439 20
439 345
439 390
439 135
18 8
18 93
18 186
18 156
30 244
53 41
53 97
53 284
65 411
65 358
65 298
65 289
83 168
83 104
83 95
84 225
84 92
84 267
95 168
95 104
100 249
100 232
100 187
153 301
153 89
153 180
153 260
284 41
284 97
304 118
304 192
304 11
318 432
318 31
318 354
318 7
383 152
383 416
383 127
383 276
5 199
5 248
5 6
5 336
6 412
6 428
6 336
12 290
12 42
42 290
42 359
75 148
75 385
110 103
110 45
110 306
110 314
180 301
180 260
180 89
181 46
181 184
181 129
181 22
184 46
184 129
184 22
186 1
186 8
214 80
214 259
214 407
214 258
222 86
222 69
222 370
267 409
267 151
267 76
312 325
312 174
312 237
312 399
312 278
317 396
317 173
317 115
317 221
317 406
406 396
406 173
406 115
406 221
410 293
410 241
410 167
410 417
410 26
420 400
420 193
420 414
420 111
420 197
449 136
449 357
449 56
449 146
7 432
7 29
7 31
26 25
26 107
26 379
31 432
31 29
31 354
89 301
89 260
92 225
92 82
119 273
119 205
135 447
135 334
135 20
156 8
156 93
247 245
247 158
247 117
276 152
278 325
278 237
278 399
325 174
325 237
325 399
379 308
379 188
379 307
390 375
390 345
390 197
409 151
409 76
432 29
432 354
8 280
16 169
16 413
22 129
35 66
35 185
35 309
45 266
45 105
45 103
76 151
111 159
125 59
127 416
197 375
220 442
220 123
243 303
243 112
314 377
314 306
322 343
322 352
322 190
352 235
352 10
355 435
384 353
385 81
411 358
10 235
63 74
63 310
63 285
63 70
77 130
77 424
101 316
101 202
101 277
105 389
105 311
105 266
117 245
117 158
146 357
146 56
167 293
167 241
170 270
173 446
173 329
173 115
206 269
206 228
233 79
233 271
258 259
266 389
266 311
268 227
269 228
271 403
271 177
277 419
277 316
289 298
330 427
330 434
360 126
360 350
389 311
389 113
419 87
419 215
34 124
34 134
47 305
47 398
56 136
56 357
70 310
70 285
134 124
154 99
161 365
161 201
177 403
187 249
187 232
201 365
215 87
221 396
225 82
232 249
237 399
261 147
261 438
285 310
294 78
307 9
309 66
316 202
320 328
320 254
324 262
324 67
351 391
363 37
363 32
3 339
3 0
20 447
20 334
39 340
39 189
39 342
51 373
51 175
52 415
54 431
61 234
69 86
118 282
118 23
137 139
137 140
140 139
140 230
172 331
175 373
193 414
205 395
205 273
208 368
229 364
230 17
254 328
302 367
302 40
334 447
341 387
405 288
405 253
428 412
23 282
32 37
85 138
116 255
188 308
296 348
305 398
315 218
329 446
340 342
378 382
378 392
380 362
395 194
24 300
131 256
132 209
155 182
157 404
162 430
195 440
200 203
231 257
263 333
