2 339
2 767
2 264
2 790
2 846
2 316
2 202
2 101
2 580
2 419
2 87
2 277
2 215
2 768
2 291
2 269
2 206
2 228
2 612
2 68
2 682
2 279
2 211
2 587
2 551
2 261
2 147
2 438
2 472
2 298
2 289
2 411
2 358
2 65
2 245
2 247
2 158
2 117
2 319
2 536
2 591
2 494
2 689
2 793
2 771
2 91
2 757
2 613
2 292
2 705
2 658
2 109
2 607
2 301
2 89
2 798
2 632
2 180
2 260
2 337
2 638
2 288
2 253
2 405
2 745
2 730
2 433
2 394
2 781
2 46
2 611
2 717
2 504
2 442
2 519
2 171
2 470
2 79
2 720
2 403
2 567
2 834
2 66
2 514
2 185
2 773
2 331
2 172
2 766
2 99
2 328
2 521
2 320
2 254
2 828
2 721
2 508
2 492
2 155
2 825
2 592
2 182
2 395
2 194
2 548
2 831
2 506
2 534
2 273
2 205
2 818
2 685
2 697
2 516
2 738
2 287
2 303
2 698
2 112
2 533
2 33
2 387
2 341
2 365
2 201
2 161
2 488
2 673
2 116
2 540
2 255
2 179
2 174
2 769
2 325
2 237
2 399
2 43
2 679
2 473
2 13
2 125
2 59
2 268
2 227
2 754
2 802
2 575
2 582
2 238
2 552
2 252
2 401
2 58
2 786
2 709
2 584
2 455
2 483
2 381
2 152
2 688
2 785
2 34
2 204
2 97
2 628
2 479
2 235
2 10
2 529
2 537
2 315
2 570
2 838
2 92
2 409
2 267
2 94
2 758
2 428
2 555
2 283
2 792
2 821
2 703
2 630
2 622
2 332
2 809
2 513
2 28
2 153
2 448
2 213
2 796
2 129
2 22
2 184
2 181
2 220
2 123
2 48
2 700
2 731
2 719
2 233
2 499
2 177
2 271
2 764
2 309
2 775
2 35
2 782
2 502
2 154
2 593
2 849
2 243
2 699
2 645
2 639
2 326
2 762
2 312
2 278
2 353
2 384
2 240
2 4
2 579
2 581
2 794
2 667
2 662
2 265
2 595
2 383
2 276
2 299
2 224
2 465
2 53
2 284
2 160
2 776
2 710
2 352
2 322
2 544
2 190
2 620
2 486
2 708
2 212
2 695
2 84
2 501
2 361
2 141
2 614
2 6
2 336
2 559
2 788
2 511
2 712
2 616
2 676
2 576
2 742
2 507
2 12
2 42
2 71
2 806
2 369
2 549
2 637
2 110
2 608
2 314
2 459
2 392
2 596
2 317
2 406
2 304
2 823
2 693
2 49
2 659
2 594
2 664
2 832
2 817
2 372
2 517
2 604
2 449
2 146
2 458
2 75
2 840
2 318
2 603
2 214
2 407
2 847
2 135
2 439
2 646
2 390
2 197
2 420
2 111
2 164
2 95
2 19
2 467
2 833
2 489
2 841
2 450
2 751
2 588
2 379
2 307
2 842
2 779
2 462
2 503
2 748
2 625
2 509
2 222
2 480
2 760
2 72
2 47
2 696
2 815
2 415
2 52
2 186
2 801
2 617
2 156
2 18
2 493
2 531
2 777
2 57
2 733
2 360
2 590
2 655
2 836
2 330
2 547
2 3
2 246
2 166
2 344
2 741
2 527
2 640
2 44
2 694
2 554
2 142
2 602
2 119
2 526
2 114
2 128
2 827
2 297
2 512
2 150
2 183
2 425
2 5
2 500
2 313
2 408
2 60
2 763
2 55
2 423
2 30
2 421
2 727
2 191
2 178
2 64
2 295
2 90
2 653
2 145
2 635
2 410
2 26
2 647
2 388
2 323
2 460
2 651
2 657
2 599
2 144
2 143
2 38
2 50
2 121
2 478
2 598
2 393
2 27
2 106
2 335
2 475
2 374
2 120
2 216
2 122
2 14
2 371
2 402
2 349
2 437
2 165
2 422
2 525
2 133
2 560
2 669
2 236
2 426
2 744
2 545
2 149
2 810
2 196
2 219
2 739
2 441
2 765
2 487
2 563
2 538
2 677
2 569
2 443
2 690
2 98
2 250
250 375
250 597
250 515
250 435
250 36
250 397
250 324
250 262
250 67
250 21
250 376
250 577
250 568
250 208
250 368
250 800
250 293
250 728
250 626
250 574
250 167
250 666
250 241
250 417
250 25
250 680
250 107
250 429
250 308
250 188
250 490
250 474
250 665
250 9
250 736
250 743
250 286
250 453
250 797
250 239
250 300
250 24
250 722
250 557
250 553
250 461
250 484
250 528
250 86
250 69
250 495
250 481
250 370
250 445
250 641
250 163
250 226
250 650
250 333
250 263
250 624
250 305
250 398
250 770
250 711
250 15
250 778
250 373
250 175
250 51
250 729
250 386
250 471
250 633
250 200
250 203
250 629
250 518
250 561
250 1
250 280
250 8
250 807
250 761
250 724
250 93
250 837
250 735
250 718
250 702
250 61
250 234
250 505
250 126
250 430
250 0
250 555
250 283
250 821
250 622
250 332
250 809
250 513
250 28
250 153
250 448
250 213
250 220
250 700
250 719
250 764
250 645
250 49
250 817
250 449
250 75
250 840
250 603
250 214
250 407
250 258
250 847
250 135
250 439
250 646
250 390
250 197
250 420
250 111
250 164
250 83
250 95
250 539
250 816
250 469
250 355
250 19
250 467
250 833
250 489
250 841
250 450
250 751
250 588
250 379
250 307
250 842
250 779
250 462
250 503
250 748
250 625
250 509
250 222
250 480
250 760
250 72
250 47
250 696
250 815
250 415
250 52
250 186
250 801
250 617
250 156
250 18
250 493
250 531
250 777
250 57
250 733
250 360
250 590
250 655
250 836
250 330
250 547
250 3
250 246
250 166
250 344
250 741
250 527
250 640
250 44
250 694
250 554
250 142
250 602
250 119
250 526
250 114
250 827
250 297
250 512
250 150
250 183
250 5
250 500
250 313
250 408
250 60
250 763
250 55
250 423
250 30
250 421
250 727
250 191
250 178
250 64
250 295
250 90
250 653
250 145
250 635
250 410
250 26
250 647
250 388
250 323
250 460
250 651
250 657
250 599
250 144
250 143
250 38
250 50
250 121
250 478
250 598
250 393
250 27
250 106
250 335
250 475
250 374
250 120
250 216
250 122
250 14
250 371
250 402
250 349
250 437
250 165
250 422
250 525
250 133
250 560
250 669
250 236
250 426
250 744
250 545
250 149
250 810
250 196
250 219
250 739
250 441
250 765
250 487
250 563
250 538
250 677
250 569
250 443
250 690
250 98
98 597
98 454
98 636
98 820
98 138
98 565
98 85
98 198
98 346
98 683
98 814
98 168
98 104
98 523
98 615
98 96
98 835
98 444
98 515
98 435
98 281
98 36
98 251
98 654
98 397
98 324
98 262
98 67
98 214
98 847
98 135
98 439
98 646
98 390
98 197
98 420
98 111
98 164
98 83
98 95
98 539
98 816
98 469
98 355
98 19
98 467
98 833
98 489
98 450
98 751
98 462
98 727
98 191
98 178
98 64
98 295
98 90
98 653
98 145
98 635
98 410
98 26
98 647
98 388
98 657
98 144
98 38
98 50
98 106
98 120
98 216
98 122
98 14
98 371
98 402
98 349
98 437
98 165
98 422
98 525
98 133
98 560
98 669
98 236
98 426
98 744
98 545
98 149
98 810
98 196
98 219
98 739
98 441
98 765
98 487
98 563
98 538
98 677
98 569
98 443
98 690
443 268
443 238
443 252
443 401
443 678
443 58
443 786
443 709
443 584
443 455
443 483
443 381
443 152
443 688
443 416
443 127
443 785
443 124
443 134
443 34
443 772
443 204
443 812
443 41
443 97
443 391
443 351
443 628
443 479
443 10
443 529
443 645
443 240
443 4
443 579
443 581
443 794
443 667
443 662
443 265
443 595
443 383
443 276
443 299
443 224
443 465
443 53
443 284
443 160
443 776
443 710
443 352
443 322
443 544
443 190
443 620
443 361
443 141
443 142
443 602
443 526
443 114
443 128
443 827
443 297
443 512
443 150
443 183
443 425
443 38
443 50
443 121
443 478
443 598
443 393
443 27
443 106
443 335
443 475
443 374
443 120
443 216
443 744
443 545
443 149
443 810
443 196
443 219
443 739
443 441
443 765
443 487
443 563
443 538
443 677
443 569
443 690
690 432
690 31
690 327
690 275
690 656
690 195
690 440
690 601
690 80
690 556
690 839
690 451
690 564
690 259
690 686
690 737
690 671
690 348
690 713
690 296
690 102
690 447
690 334
690 20
690 642
690 692
690 345
690 375
690 597
690 75
690 840
690 7
690 318
690 603
690 214
690 407
690 258
690 847
690 135
690 439
690 646
690 390
690 197
690 420
690 111
690 164
690 55
690 423
690 421
690 727
690 191
690 178
690 64
690 295
690 90
690 653
690 145
690 635
690 38
690 106
690 120
690 216
690 122
690 14
690 371
690 402
690 349
690 437
690 165
690 422
690 525
690 133
690 560
690 669
690 236
690 426
690 744
690 545
690 149
690 810
690 196
690 219
690 739
690 441
690 765
690 487
690 563
690 538
690 677
690 569
677 494
677 757
677 613
677 292
677 705
677 607
677 301
677 89
677 798
677 632
677 180
677 260
677 337
677 638
677 288
677 253
677 405
677 745
677 730
677 433
677 394
677 781
677 46
677 611
677 717
677 504
677 442
677 519
677 171
677 622
677 332
677 809
677 513
677 28
677 153
677 448
677 213
677 796
677 129
677 22
677 184
677 181
677 220
677 123
677 48
677 700
677 731
677 719
677 233
677 499
677 177
677 271
677 764
677 775
677 246
677 166
677 344
677 741
677 527
677 640
677 44
677 694
677 554
677 142
677 602
677 38
677 50
677 121
677 478
677 598
677 393
677 106
677 335
677 744
677 545
677 149
677 810
677 196
677 219
677 739
677 441
677 765
677 487
677 563
677 538
677 569
569 638
569 288
569 730
569 433
569 394
569 781
569 46
569 611
569 717
569 504
569 442
569 519
569 171
569 28
569 153
569 448
569 213
569 796
569 129
569 22
569 184
569 181
569 220
569 123
569 48
569 700
569 731
569 719
569 233
569 499
569 177
569 271
569 764
569 775
569 246
569 166
569 344
569 741
569 527
569 640
569 44
569 694
569 554
569 142
569 602
569 38
569 50
569 121
569 478
569 598
569 393
569 106
569 744
569 545
569 149
569 810
569 739
569 487
569 563
569 538
487 484
487 528
487 86
487 69
487 495
487 481
487 370
487 445
487 641
487 163
487 226
487 650
487 333
487 263
487 624
487 305
487 398
487 770
487 711
487 625
487 509
487 222
487 480
487 760
487 72
487 47
487 696
487 815
487 415
487 52
487 647
487 388
487 323
487 460
487 651
487 657
487 599
487 144
487 38
487 133
487 560
487 669
487 236
487 426
487 744
487 545
487 739
487 563
487 538
739 321
739 756
739 210
739 136
739 791
739 749
739 543
739 56
739 357
739 610
739 572
739 340
739 189
739 535
739 39
739 342
739 524
739 826
739 517
739 604
739 649
739 583
739 449
739 146
739 701
739 550
739 294
739 458
739 385
739 75
739 55
739 423
739 30
739 421
739 727
739 122
739 14
739 371
739 402
739 349
739 437
739 165
739 422
739 525
739 441
739 765
744 339
744 767
744 264
744 790
744 846
744 316
744 202
744 101
744 580
744 419
744 87
744 277
744 215
744 768
744 291
744 269
744 206
744 0
744 456
744 555
744 283
744 792
744 821
744 655
744 836
744 330
744 547
744 3
744 246
744 166
744 344
744 741
744 527
744 38
744 50
744 121
744 669
744 236
744 426
744 545
744 149
744 563
744 538
545 717
545 504
545 442
545 519
545 171
545 213
545 129
545 22
545 184
545 181
545 220
545 123
545 48
545 700
545 731
545 719
545 233
545 499
545 177
545 271
545 764
545 741
545 527
545 640
545 44
545 694
545 554
545 142
545 38
545 50
545 121
545 478
545 598
545 393
545 149
545 810
545 538
810 754
810 802
810 575
810 582
810 238
810 552
810 252
810 401
810 678
810 58
810 786
810 709
810 584
810 455
810 4
810 579
810 581
810 794
810 667
810 662
810 265
810 595
810 383
810 276
810 114
810 128
810 827
810 297
810 512
810 150
810 598
810 393
810 27
810 106
810 335
810 475
810 374
810 149
149 470
149 79
149 720
149 403
149 567
149 834
149 66
149 514
149 773
149 220
149 48
149 700
149 731
149 719
149 233
149 499
149 177
149 271
149 764
149 309
149 775
149 35
149 782
149 554
149 142
149 602
149 38
149 50
149 121
149 478
149 598
149 393
441 687
441 707
441 652
441 530
441 321
441 756
441 210
441 136
441 791
441 749
441 543
441 56
441 357
441 610
441 372
441 517
441 604
441 649
441 583
441 449
441 146
441 701
441 55
441 423
441 30
441 421
441 122
441 14
441 371
441 402
441 349
441 437
441 165
441 422
441 765
38 269
38 612
38 68
38 682
38 279
38 211
38 587
38 551
38 261
38 147
38 438
38 472
38 792
38 821
38 703
38 630
38 622
38 332
38 809
38 513
38 246
38 166
38 344
38 741
38 527
38 50
38 121
38 236
38 563
38 538
106 58
106 786
106 709
106 584
106 455
106 483
106 381
106 152
106 688
106 785
106 794
106 667
106 662
106 265
106 595
106 383
106 276
106 299
106 224
106 465
106 114
106 827
106 297
106 512
106 150
106 393
106 27
106 335
106 475
106 374
765 686
765 737
765 671
765 348
765 713
765 296
765 102
765 447
765 334
765 20
765 642
765 214
765 407
765 258
765 847
765 135
765 439
765 646
765 390
765 197
765 420
765 727
765 191
765 64
765 437
765 165
765 422
765 525
765 133
50 337
50 638
50 288
50 253
50 405
50 745
50 730
50 433
50 394
50 153
50 448
50 213
50 796
50 129
50 22
50 184
50 181
50 741
50 527
50 640
50 44
50 694
50 121
50 478
50 563
50 538
219 704
219 113
219 389
219 311
219 266
219 105
219 103
219 45
219 510
219 805
219 377
219 71
219 369
219 549
219 637
219 110
219 306
219 608
219 314
219 459
219 596
219 313
219 408
219 120
219 216
219 122
219 14
219 371
219 196
538 675
538 668
538 162
538 430
538 723
538 427
538 531
538 777
538 57
538 733
538 360
538 590
538 655
538 836
538 330
538 547
538 246
538 657
538 144
538 669
538 236
538 426
538 563
196 256
196 274
196 684
196 819
196 137
196 746
196 139
196 140
196 17
196 230
196 811
196 542
196 559
196 616
196 676
196 576
196 742
196 507
196 12
196 71
196 5
196 500
196 313
196 408
196 120
196 216
196 122
216 715
216 207
216 787
216 169
216 573
216 413
216 16
216 176
216 716
216 704
216 113
216 389
216 105
216 103
216 45
216 12
216 42
216 71
216 806
216 369
216 549
216 637
216 110
216 313
216 408
216 120
216 122
236 837
236 735
236 718
236 702
236 61
236 234
236 505
236 627
236 186
236 801
236 617
236 156
236 18
236 493
236 531
236 777
236 57
236 733
236 360
236 657
236 144
236 143
236 560
236 669
236 426
236 563
563 126
563 350
563 675
563 668
563 162
563 430
563 531
563 777
563 57
563 733
563 360
563 590
563 655
563 836
563 330
563 246
563 657
563 144
563 669
563 426
669 778
669 386
669 471
669 633
669 200
669 203
669 629
669 518
669 561
669 1
669 8
669 807
669 186
669 801
669 617
669 156
669 18
669 657
669 599
669 144
669 143
669 426
669 560
14 780
14 681
14 750
14 618
14 270
14 223
14 759
14 824
14 74
14 63
14 304
14 823
14 693
14 49
14 170
14 659
14 594
14 813
14 664
14 60
14 55
14 122
14 371
14 402
371 780
371 681
371 750
371 618
371 270
371 223
371 759
371 824
371 74
371 63
371 304
371 823
371 693
371 49
371 170
371 659
371 594
371 813
371 664
371 60
371 55
371 122
371 402
133 577
133 568
133 208
133 368
133 800
133 293
133 728
133 626
133 574
133 167
133 666
133 241
133 417
133 467
133 833
133 489
133 751
133 64
133 90
133 635
133 410
133 26
133 647
133 560
393 33
393 387
393 341
393 365
393 201
393 161
393 488
393 673
393 116
393 540
393 179
393 243
393 699
393 645
393 639
393 326
393 526
393 114
393 827
393 598
478 834
478 66
478 514
478 185
478 773
478 331
478 172
478 719
478 177
478 764
478 309
478 775
478 35
478 782
478 502
478 154
478 554
478 142
478 602
478 598
478 121
335 351
335 628
335 479
335 546
335 235
335 10
335 529
335 53
335 284
335 160
335 776
335 710
335 352
335 322
335 544
335 620
335 512
335 150
335 27
335 475
335 374
122 396
122 173
122 115
122 848
122 446
122 329
122 356
122 482
122 596
122 221
122 317
122 406
122 304
122 823
122 49
422 432
422 31
422 844
422 354
422 327
422 275
422 656
422 440
422 556
422 840
422 7
422 318
422 603
422 214
422 407
422 727
422 437
422 165
422 525
165 81
165 672
165 477
165 774
165 755
165 148
165 605
165 418
165 367
165 458
165 385
165 463
165 75
165 840
165 727
165 437
165 525
120 758
120 829
120 428
120 808
120 199
120 248
120 614
120 6
120 336
120 559
120 788
120 511
120 712
120 616
120 5
120 500
475 97
475 391
475 351
475 522
475 628
475 479
475 10
475 53
475 284
475 160
475 776
475 710
475 352
475 544
475 512
475 150
475 27
475 374
598 516
598 738
598 287
598 303
598 698
598 593
598 849
598 243
598 645
598 326
598 142
598 602
598 119
598 526
121 717
121 504
121 442
121 519
121 171
121 184
121 181
121 220
121 123
121 700
121 719
121 694
560 743
560 286
560 453
560 797
560 239
560 300
560 24
560 722
560 553
560 779
560 462
560 503
560 748
560 647
560 388
402 804
402 272
402 571
402 734
402 648
402 130
402 832
402 817
402 77
402 372
402 763
402 55
402 423
402 349
437 672
437 477
437 774
437 755
437 148
437 605
437 418
437 367
437 385
437 463
437 75
437 840
437 727
527 757
527 613
527 292
527 705
527 658
527 109
527 607
527 798
527 153
527 448
527 213
527 741
527 44
527 640
144 15
144 778
144 373
144 175
144 51
144 729
144 471
144 696
144 815
144 415
144 52
144 657
144 599
349 660
349 541
349 54
349 464
349 431
349 747
349 244
349 372
349 100
349 517
349 55
349 423
349 30
349 421
426 61
426 505
426 627
426 217
426 493
426 531
426 777
426 57
426 733
426 360
426 657
27 381
27 152
27 688
27 416
27 667
27 662
27 595
27 383
27 276
27 299
27 465
27 512
27 150
525 671
525 713
525 296
525 102
525 447
525 334
525 20
525 847
525 135
525 439
525 646
525 191
657 778
657 373
657 175
657 51
657 729
657 386
657 471
657 633
657 52
657 599
55 804
55 571
55 734
55 648
55 130
55 832
55 817
55 77
55 763
55 423
344 472
344 411
344 358
344 65
344 245
344 247
344 117
344 630
344 622
344 332
344 809
344 513
344 166
374 546
374 235
374 10
374 529
374 776
374 710
374 352
374 322
374 544
374 190
374 620
374 150
114 679
114 473
114 13
114 125
114 59
114 353
114 384
114 240
114 4
114 128
114 827
114 297
142 766
142 99
142 328
142 521
142 320
142 828
142 502
142 154
142 602
423 660
423 541
423 54
423 464
423 431
423 747
423 372
423 100
423 517
423 30
512 152
512 688
512 416
512 127
512 595
512 383
512 276
512 299
512 224
512 465
44 301
44 89
44 798
44 180
44 260
44 153
44 448
44 213
44 741
44 640
64 168
64 104
64 523
64 164
64 83
64 95
64 539
64 816
64 469
64 178
64 295
183 225
183 92
183 82
183 558
183 691
183 409
183 267
183 212
183 695
183 84
183 501
183 361
183 141
183 425
602 395
602 548
602 831
602 506
602 534
602 273
602 205
602 119
295 615
295 96
295 835
295 539
295 816
295 469
295 19
295 178
295 145
295 653
295 635
640 89
640 798
640 632
640 180
640 260
640 153
640 448
640 213
727 432
727 29
727 31
727 354
727 840
727 7
727 318
741 494
741 689
741 793
741 771
741 91
741 28
71 619
71 643
71 623
71 715
71 663
71 589
71 42
71 806
71 12
71 313
71 408
150 772
150 204
150 812
150 53
150 284
150 160
153 301
153 89
153 798
153 180
153 260
153 448
153 213
361 691
361 631
361 409
361 151
361 76
361 267
361 695
361 501
361 141
361 212
361 84
361 425
388 484
388 528
388 86
388 69
388 625
388 509
388 222
388 323
388 460
388 651
49 192
49 784
49 780
49 585
49 11
49 681
49 304
49 823
49 693
166 587
166 551
166 438
166 703
166 630
166 622
166 809
635 654
635 397
635 324
635 262
635 67
635 653
635 90
635 145
647 665
647 9
647 588
647 379
647 307
647 842
647 779
647 462
719 470
719 79
719 731
719 233
719 499
719 700
809 472
809 411
809 358
809 65
809 245
809 622
809 332
809 630
145 435
145 281
145 36
145 355
145 19
145 653
145 90
191 375
191 789
191 439
191 646
191 390
191 197
191 420
222 495
222 481
222 370
222 625
222 480
222 72
222 323
222 460
222 651
246 215
246 768
246 291
246 555
246 283
323 370
323 445
323 641
323 480
323 760
323 72
323 460
323 651
408 787
408 169
408 573
408 413
408 16
408 369
408 549
425 631
425 409
425 151
425 76
425 267
425 695
425 84
425 501
425 141
554 66
554 514
554 764
554 309
554 775
554 35
645 387
645 341
645 365
645 201
645 699
645 639
645 326
645 526
662 678
662 58
662 786
662 709
662 584
662 794
662 667
662 265
694 781
694 46
694 129
694 22
694 184
694 181
827 125
827 268
827 240
827 4
827 128
827 297
178 168
178 104
178 523
178 164
178 83
178 95
449 791
449 749
449 543
449 56
449 357
449 610
449 583
449 146
460 370
460 445
460 480
460 760
460 72
460 651
526 698
526 112
526 533
526 849
526 243
526 326
617 280
617 8
617 807
617 801
617 186
617 156
617 18
617 143
622 411
622 245
622 247
622 630
622 332
630 472
630 298
630 289
630 411
630 358
630 65
667 678
667 58
667 786
667 709
667 584
667 265
764 403
764 567
764 834
764 177
5 199
5 248
5 336
5 559
5 788
5 511
5 500
60 750
60 618
60 270
60 223
60 759
60 170
60 659
90 251
90 654
90 397
90 653
143 8
143 807
143 724
143 801
143 156
143 18
213 448
297 268
297 240
297 4
297 128
313 542
313 290
313 742
313 507
313 12
372 644
372 249
372 232
372 187
372 566
372 100
421 530
421 321
421 604
421 649
421 30
462 665
462 9
462 588
462 842
462 779
462 307
651 641
651 163
651 760
651 72
653 281
653 36
653 19
775 185
775 773
775 331
775 35
775 782
72 641
72 163
72 760
141 631
141 409
141 151
141 76
141 267
164 346
164 683
164 814
164 95
177 720
177 403
177 271
181 46
181 184
181 22
212 225
212 92
212 82
212 558
212 84
212 695
212 501
220 717
220 442
220 123
276 152
276 688
276 595
276 383
332 245
332 247
332 117
383 152
383 688
383 595
410 167
410 666
410 241
410 417
410 833
410 489
420 597
420 732
420 414
420 193
439 642
439 646
439 135
472 298
472 289
472 411
472 358
472 65
499 79
499 731
499 233
499 271
625 484
625 528
625 86
625 69
625 509
637 704
637 113
637 389
637 311
637 266
637 105
637 549
646 642
646 135
710 546
710 235
710 10
710 776
710 352
751 429
751 308
751 490
751 450
751 379
751 26
801 561
801 1
801 8
801 186
10 546
10 235
10 352
18 761
18 724
18 156
19 515
19 435
19 355
26 25
26 680
26 107
26 841
30 795
30 706
84 92
84 558
84 695
84 501
95 168
95 523
95 83
128 125
128 240
128 4
152 688
152 595
156 761
156 724
184 46
233 79
233 731
271 720
271 731
304 192
304 491
304 585
304 823
307 665
307 9
307 588
307 842
307 779
326 387
326 341
326 699
326 639
352 546
352 235
450 429
450 308
450 188
450 490
450 379
480 495
480 481
480 370
501 92
501 558
501 695
531 505
531 57
531 777
549 176
549 716
549 704
549 113
599 778
599 386
599 471
655 668
655 162
655 430
655 836
695 92
695 558
700 48
760 641
760 163
777 505
777 57
791 749
791 543
791 56
791 136
791 357
791 583
833 368
833 800
833 293
833 728
836 668
836 162
836 430
840 302
840 40
842 665
842 9
842 779
842 588
4 240
12 290
12 507
12 42
22 129
52 696
52 815
52 415
53 41
53 284
53 160
75 774
75 148
92 225
92 558
123 717
123 504
160 41
160 284
186 561
186 1
214 839
214 407
284 41
299 785
299 224
299 465
369 787
369 573
369 413
369 16
370 495
370 481
379 188
379 474
379 588
390 345
390 375
411 358
411 65
465 785
465 224
469 615
469 96
469 539
469 816
493 718
493 702
493 61
493 234
500 347
500 712
500 616
509 484
509 528
509 86
517 660
517 54
517 431
544 529
544 343
544 322
584 786
584 709
588 474
594 310
594 285
594 63
594 70
594 813
659 750
659 618
659 270
659 170
709 786
763 804
763 272
763 832
763 817
778 373
778 51
778 729
806 623
806 715
806 663
806 562
806 589
815 711
815 696
815 415
823 192
823 491
6 758
6 661
6 412
6 829
6 428
8 280
8 807
28 591
28 494
42 619
42 359
42 643
47 624
47 305
47 398
47 711
58 678
61 718
61 702
61 234
63 310
63 285
63 70
63 813
65 358
83 168
83 523
89 301
89 180
111 159
111 752
111 674
146 357
146 610
146 583
170 750
170 618
170 270
180 260
197 789
224 785
235 546
243 698
243 112
243 849
247 158
247 117
247 513
265 455
270 750
270 618
312 769
312 325
312 237
312 399
312 762
312 278
318 31
318 844
318 354
330 723
330 427
341 387
341 699
341 639
357 749
357 583
360 126
387 699
387 639
407 839
409 151
409 76
415 696
430 668
430 162
484 528
484 86
539 96
539 816
559 199
559 788
559 511
579 802
579 575
579 238
579 581
581 802
581 575
581 238
583 749
618 750
620 753
620 799
620 537
638 288
638 253
638 405
639 699
748 743
748 286
748 797
748 503
749 56
762 769
762 325
762 237
762 399
762 278
773 331
773 172
773 782
780 784
780 585
780 11
780 693
798 301
816 96
821 682
821 279
821 792
9 665
31 432
31 354
51 373
51 175
54 660
54 541
54 431
56 543
110 103
110 306
110 608
154 766
154 99
154 502
162 668
201 365
201 161
201 488
234 718
234 702
238 575
267 631
305 624
305 398
305 711
309 66
309 514
322 529
355 515
355 435
373 729
394 730
394 796
395 194
395 548
395 831
395 534
428 758
428 661
428 412
431 541
431 464
432 29
432 7
435 515
471 386
481 495
507 542
507 742
523 104
543 136
548 194
548 831
548 534
551 587
551 261
551 438
587 261
587 147
603 275
603 656
607 705
607 658
607 109
616 347
616 712
693 681
702 718
705 658
705 109
711 770
715 663
715 562
715 589
728 626
728 574
728 293
730 796
782 172
794 401
813 285
813 70
817 571
831 194
831 534
832 380
832 740
1 561
7 29
16 787
16 573
70 310
70 285
76 151
105 311
105 266
113 704
119 818
125 59
148 755
148 605
188 308
188 490
221 468
221 396
221 830
221 317
232 644
232 249
232 187
232 566
237 769
237 325
261 147
269 206
269 228
283 555
285 310
296 671
296 713
308 490
317 396
317 406
321 530
321 649
325 769
385 81
385 463
398 624
447 334
447 20
458 826
458 78
463 81
463 672
479 628
503 736
511 248
540 673
540 255
540 116
541 464
547 436
573 413
585 784
585 11
596 62
596 459
604 652
613 757
613 292
626 574
626 167
633 200
633 203
663 589
663 623
671 348
698 112
712 347
724 761
742 542
758 661
792 279
828 320
828 328
828 521
3 456
11 784
99 766
100 566
101 316
101 277
103 45
116 673
161 488
182 492
182 825
182 155
187 644
187 249
192 491
204 812
205 506
205 273
206 228
208 568
208 368
249 644
266 311
277 580
278 399
286 743
289 298
314 510
314 377
320 254
328 521
340 39
340 535
340 342
351 522
396 830
419 580
419 87
459 392
492 155
492 825
537 753
537 799
553 722
553 557
556 601
556 80
605 755
608 306
623 643
650 333
650 263
656 195
664 578
676 783
676 532
759 824
797 453
804 272
824 74
825 592
826 78
826 294
24 300
34 134
40 600
40 302
77 130
80 601
107 680
115 173
115 848
139 140
139 137
140 746
173 848
202 846
210 756
294 550
302 600
342 535
345 692
353 384
367 600
380 452
380 843
427 723
452 803
452 843
473 679
486 315
486 218
516 697
518 629
576 684
577 376
614 73
619 359
683 814
771 793
803 362
803 843
837 93
17 230
94 586
207 520
256 131
259 564
329 446
414 732
508 721
570 670
636 820
674 752
687 707
