n	R	alpha	T
718	12.8396	0.75	0
2	1.6510182474429260e+00	4.6124801198020577e+01
250	2.7707183382814917e+00	3.1230628372170031e+02
443	5.1581587465459036e+00	1.0104652494192123e+02
98	5.0940854556674875e+00	2.7818609160371125e+02
690	5.1977739487942412e+00	2.5375835001468658e+02
677	5.4519376727789215e+00	3.2960972310975194e+01
569	5.8703328648905773e+00	3.7680699527263641e+01
739	6.4122825597449982e+00	2.2296030619181693e+02
487	6.6279547935715106e+00	3.2209077911451459e+02
744	6.5690775684505729e+00	3.8260584231466055e+00
545	6.8286920582136981e+00	4.0283913044258952e+01
38	7.5136446714887439e+00	1.2301671607419848e+01
441	6.7636713641523016e+00	2.1917271198704839e+02
106	7.3219132007548531e+00	9.6840377887710929e+01
149	7.0165471621862183e+00	4.6717060608789325e+01
50	7.5895268774649800e+00	3.0104281911626458e+01
216	7.7294781806393651e+00	1.6543630108237267e+02
219	7.2531128435182346e+00	1.6995003322139382e+02
196	7.1556972260127480e+00	1.5365190379321575e+02
538	7.0761879629523987e+00	3.5294826010242110e+02
563	7.0215594239958969e+00	3.5099687148816884e+02
236	7.2976241497283079e+00	3.4301920479163527e+02
669	7.6171486580811640e+00	3.3410074967890978e+02
133	7.5393825700377937e+00	2.9267818978987634e+02
335	7.7781789368192342e+00	1.1171802174299955e+02
393	8.0594682262863468e+00	7.3322758264839649e+01
560	7.8124429989938031e+00	3.1064821989275515e+02
14	8.0489272398396619e+00	1.9238900659605858e+02
371	7.9910474698691045e+00	1.9221636001020670e+02
122	8.0927220198312853e+00	1.8353170014917850e+02
478	8.0440551902086472e+00	5.1819424638524659e+01
121	7.9906638427980541e+00	3.8651510998606682e+01
165	7.5343252189439314e+00	2.3440340353175995e+02
349	8.3581805787945225e+00	2.1072931674309075e+02
426	8.0679652637985591e+00	3.4513196540996432e+02
422	7.5168518351733136e+00	2.4480689266696575e+02
475	8.2111962682320740e+00	1.1000578106380999e+02
598	8.0116004053490002e+00	6.6511951563879848e+01
27	8.5201931302653602e+00	9.8297991855069981e+01
120	7.6241653618201255e+00	1.4267278376966715e+02
144	8.6952269017784189e+00	3.2990755434148014e+02
525	8.2731127810114184e+00	2.5599431497044864e+02
657	8.7039548380887712e+00	3.3118100197054446e+02
527	9.2052253581640731e+00	2.4635181706398726e+01
183	9.2287261434245256e+00	1.2832692548632622e+02
402	8.2688773903205597e+00	2.0311514829285443e+02
374	8.1874202343809994e+00	1.1309274916537106e+02
437	8.4505680674199173e+00	2.3532831201329827e+02
344	9.7542342927484196e+00	1.7034562435001135e+01
423	9.2324909728482947e+00	2.1022552379406989e+02
512	9.0220690984356349e+00	9.9169267471879706e+01
602	9.4827674915192954e+00	6.0511079113930471e+01
640	9.4757090159025328e+00	2.7420919798314571e+01
44	9.8133523712518933e+00	2.6411102721467614e+01
55	8.9351861596926145e+00	2.0372833027504387e+02
64	8.8473864423372337e+00	2.7557463859207928e+02
142	9.0893116328782924e+00	5.5201854240149267e+01
388	9.0212522357581992e+00	3.1674711769446731e+02
114	9.2179567833065281e+00	8.2930609490722432e+01
145	9.8673054542867931e+00	2.8150504656136036e+02
166	9.2966768575656076e+00	1.4286060696467757e+01
295	9.2617699170609615e+00	2.7822615508921444e+02
71	1.0194955285025287e+01	1.6127286585979164e+02
222	1.0130662681574341e+01	3.1884834992699325e+02
361	1.0247500019840031e+01	1.2944170947186649e+02
425	9.9378520503624745e+00	1.2996628945693374e+02
622	1.0617219054757655e+01	1.7087023342028260e+01
635	9.0027014682009376e+00	2.8475285810418433e+02
727	9.2538956117008180e+00	2.4115968100726607e+02
741	9.4354046175299704e+00	2.2503288052976135e+01
153	1.0716155568337642e+01	2.6628839252516627e+01
246	8.9487442208584635e+00	5.7142727170139551e+00
323	9.7970144920554745e+00	3.2058616261929274e+02
372	1.0400374244817440e+01	2.0782060079276562e+02
645	1.0142449195297656e+01	7.2528000539168715e+01
719	1.0139218487358688e+01	4.5178590361028910e+01
49	1.0120780577413429e+01	1.8892777788452804e+02
143	1.0028704645609643e+01	3.3738851733505732e+02
150	9.3332722318073085e+00	1.0596940987743437e+02
178	9.2246871096372427e+00	2.7512698050588369e+02
421	9.4468707134750272e+00	2.1725807307288053e+02
630	1.1214499255822419e+01	1.6174013642594222e+01
647	9.4090121246322926e+00	3.0504385152831674e+02
653	9.8559807592311888e+00	2.8224893585778773e+02
694	1.0022364413328278e+01	3.4179144557565451e+01
90	9.9542486102497225e+00	2.8330253060907125e+02
191	9.2171685288376626e+00	2.6208419049158692e+02
212	1.0508502211047809e+01	1.2764780416153371e+02
213	1.0082339397664510e+01	2.8267189012840394e+01
326	1.0334627980318858e+01	7.2075238293036819e+01
408	9.4982884830310876e+00	1.6451204664073884e+02
448	1.0271066298884998e+01	2.8000394543632865e+01
526	9.6826802410759836e+00	6.9645805601030588e+01
5	9.6649406935737137e+00	1.4276906141079962e+02
60	9.8018008803015260e+00	1.9204145743511617e+02
72	1.0212298971762928e+01	3.2116891267709434e+02
181	1.0760509148238704e+01	3.4350927975028753e+01
220	1.0525553431065292e+01	3.7940850080922246e+01
313	9.9087412899089600e+00	1.5869819590821862e+02
410	9.8860611185665697e+00	2.9376270194537938e+02
449	1.0378051984989659e+01	2.2150952347554264e+02
460	1.0007836645417340e+01	3.2017490940168500e+02
472	1.1725638151688031e+01	1.6141172004863620e+01
554	1.0066355275319561e+01	5.0267251739278436e+01
651	9.8743631650348238e+00	3.2159388195723295e+02
731	1.0657003871414746e+01	4.6264830781146877e+01
18	1.0222878898195242e+01	3.3808600617572665e+02
95	1.0920732234275890e+01	2.7465122418478131e+02
141	1.0185040313984903e+01	1.3028560183010995e+02
184	1.1045624600286862e+01	3.4310812186449766e+01
233	1.1169718716141675e+01	4.5549416989088058e+01
332	1.0833748423175917e+01	1.7388004325330257e+01
383	1.0720167294485698e+01	9.9304523896425962e+01
480	1.1345453370110439e+01	3.1929136552847922e+02
499	1.0868407516624748e+01	4.6010521072894342e+01
517	1.0514344552798340e+01	2.1003787117078903e+02
549	1.0822812194394821e+01	1.6665123095735905e+02
617	1.0711617959867809e+01	3.3658366561867297e+02
625	1.0764044568405119e+01	3.1731425930745905e+02
637	1.0641734719368110e+01	1.6769896122626960e+02
662	1.0310500841475921e+01	9.4053732203319683e+01
667	1.0528218313869681e+01	9.4055114379152656e+01
700	1.0203454780991290e+01	4.3975466648116708e+01
10	1.1680625764185450e+01	1.1277846467681231e+02
19	1.0681684773775993e+01	2.8022012477740645e+02
22	1.1293063430377510e+01	3.3408291684463620e+01
30	9.7488758155557971e+00	2.1350358604453504e+02
84	1.1093950009807550e+01	1.2835141807794571e+02
128	1.0059409559392121e+01	8.4104109965264797e+01
152	1.2085800456940264e+01	9.8872255152091384e+01
164	1.0370100097374236e+01	2.7336556772701442e+02
177	1.1068990765804038e+01	4.7616218877956271e+01
186	1.0649917281542530e+01	3.3516465425491333e+02
271	1.1309796117902520e+01	4.6870098486542702e+01
276	1.0684831592959453e+01	9.8604116979986429e+01
297	9.4677491656477546e+00	8.5755929443985224e+01
352	1.1042463666593632e+01	1.1295193729922175e+02
369	1.0174973864054380e+01	1.6493431619368494e+02
390	1.0771785492274915e+01	2.6099284356459975e+02
420	1.0251380759344068e+01	2.6472733019851148e+02
439	1.0075064184107733e+01	2.5887216967530549e+02
462	1.0282313390421720e+01	3.0520439296960831e+02
493	1.0977789889934501e+01	3.4163172572851175e+02
500	9.5930102457919890e+00	1.4641303455457091e+02
501	1.0864949964777390e+01	1.2830763177014887e+02
509	1.0939316148750953e+01	3.1653783640824253e+02
544	1.0196776015341216e+01	1.1518971752375366e+02
599	9.9090903068257692e+00	3.3145104400813580e+02
646	1.0736713622321384e+01	2.5938645022921264e+02
695	1.0823113225030513e+01	1.2832338991574943e+02
710	1.0830340923430748e+01	1.1279650186188519e+02
12	1.0723730647283686e+01	1.5964304175227880e+02
26	9.5553818705183549e+00	2.9865721128880978e+02
28	1.0476526605468917e+01	2.1327550951391462e+01
42	1.1144884562540041e+01	1.6060842024162412e+02
52	1.0769696386484538e+01	3.2776141673326498e+02
53	1.1072141648929936e+01	1.0761483991518617e+02
65	1.2008009133019675e+01	1.6324461009353399e+01
92	1.1774886879489138e+01	1.2791173076257110e+02
123	1.0971391619803990e+01	3.6768683670088649e+01
135	1.0897750526301804e+01	2.5826097671873868e+02
156	1.0663590407454670e+01	3.3793621125631029e+02
160	1.0936497468941388e+01	1.0752488742582501e+02
180	1.2223067659840398e+01	2.6733036283403635e+01
235	1.2156647768246366e+01	1.1289989892393351e+02
284	1.1004299629922299e+01	1.0756808063015342e+02
304	1.0405152034671207e+01	1.8802316450513902e+02
307	1.0851576939919026e+01	3.0492802175693214e+02
370	1.1461723263023307e+01	3.1943089907057583e+02
379	1.0616454489156810e+01	3.0290762233547866e+02
409	1.1710260515960998e+01	1.3005889641121030e+02
450	1.0609335975036286e+01	3.0160939235240221e+02
463	1.1065857727248764e+01	2.3318058771081272e+02
469	1.1297490461316443e+01	2.7803351984359324e+02
513	1.0873737512331504e+01	1.8590844562277198e+01
531	1.0461956721926251e+01	3.4387566187418997e+02
559	1.0123923905959847e+01	1.4284767963923514e+02
595	1.0687365906443965e+01	9.8171592336148024e+01
638	1.1601712483761704e+01	2.9637394901365042e+01
655	1.0532829804610763e+01	3.5307315775193280e+02
678	1.2748444779011065e+01	9.4067338462918983e+01
688	1.1624355070185835e+01	9.9210199490189552e+01
47	1.1206046447743899e+01	3.2521326167508960e+02
48	1.1179276755575971e+01	4.3016570555046208e+01
57	1.0281734305006237e+01	3.4435283716768026e+02
61	1.1664185804394238e+01	3.4197772809304291e+02
75	1.0440940359233636e+01	2.3482759614475071e+02
83	1.1435970702927181e+01	2.7476390060037374e+02
89	1.2205977194282879e+01	2.6565123964101076e+01
129	1.1138881896376967e+01	3.2960318522527821e+01
146	1.0855534766412836e+01	2.2187841941602525e+02
197	1.0905665091640754e+01	2.6228066280484200e+02
214	1.0171539237058459e+01	2.4954667132347822e+02
224	1.1419977059430110e+01	1.0133163562975824e+02
234	1.1889348617171114e+01	3.4201559057459235e+02
247	1.1683799024718899e+01	1.7895965427160263e+01
265	1.1331856358552335e+01	9.5113189509138465e+01
267	1.1777733345621398e+01	1.2953382985666394e+02
277	1.1704283080151649e+01	3.5999018512666225e+00
299	1.0565895473692445e+01	1.0123808093369009e+02
309	1.1288145741399672e+01	5.0140817770734429e+01
318	1.0981219565249999e+01	2.4233302046544850e+02
322	1.0901702035912130e+01	1.1492056514136493e+02
330	1.0261765895154019e+01	3.5570328396745032e+02
341	1.2770955742689651e+01	7.2097706068307161e+01
355	1.1422143498320969e+01	2.8041200707666576e+02
358	1.2513068296291015e+01	1.6438020123168823e+01
360	1.1235824535903653e+01	3.4848455526866019e+02
387	1.1795650335221568e+01	7.2170914029702544e+01
411	1.2231654199054915e+01	1.6492146765813231e+01
431	1.1775404098014734e+01	2.1072707475163040e+02
465	1.1280945036074021e+01	1.0136980421841145e+02
484	1.1783572841000407e+01	3.1692364920862019e+02
507	1.0591454701092189e+01	1.5818559718318284e+02
547	1.1320540135255534e+01	3.5781763798557222e+02
555	1.1289133613537381e+01	6.5055444929748774e+00
566	1.1772914117206247e+01	2.0799876778386530e+02
583	1.1187712946595042e+01	2.2167480907402935e+02
584	1.2497737427923036e+01	9.4296061741188169e+01
588	1.0782636321805180e+01	3.0369833637960255e+02
594	1.0785245923140122e+01	1.9486532815732062e+02
603	1.0890455141863420e+01	2.4687129112891853e+02
626	1.2160744299292141e+01	2.9266406938433647e+02
639	1.1235081745749826e+01	7.1987401144579053e+01
659	1.0623282407789551e+01	1.9132499598897994e+02
699	1.1174341529011413e+01	7.2470596153289080e+01
705	1.1757606601428236e+01	2.5093030091375113e+01
709	1.2315581401545998e+01	9.4317113729193807e+01
717	1.1795622246933229e+01	3.7187865916639574e+01
728	1.2097881001284215e+01	2.9260717730037868e+02
3	1.1245044119822600e+01	3.5965458554215735e+02
4	1.0281982321734443e+01	8.4992031455039978e+01
31	1.1686695030069570e+01	2.4179547300562263e+02
46	1.2711820463976011e+01	3.4622013224288821e+01
54	1.1892931830466116e+01	2.1038008457981053e+02
58	1.2134651373320471e+01	9.3952433299273238e+01
63	1.1664582602993377e+01	1.9461618304252625e+02
86	1.1708618643392311e+01	3.1728305842727423e+02
110	1.0496073995220218e+01	1.7009101490490139e+02
111	1.0191666954292019e+01	2.6739533775486052e+02
119	1.0060456522616585e+01	6.2020208509638906e+01
154	1.1004083338661568e+01	5.4769376618787646e+01
163	1.2589568469023336e+01	3.2148763622157276e+02
167	1.1878679247443619e+01	2.9299549025483429e+02
168	1.2172614638679768e+01	2.7452632955275476e+02
170	1.1309705638675938e+01	1.9145752066746354e+02
190	1.1060802295686239e+01	1.1682630012743175e+02
201	1.2058665645171082e+01	7.3263714378699675e+01
240	1.1300782873328423e+01	8.4696597615256906e+01
243	1.0583368191052498e+01	6.8853697227314115e+01
260	1.2456130882169516e+01	2.6900601424276829e+01
261	1.2635924841123080e+01	1.3129092771559955e+01
270	1.1623073050191563e+01	1.9140051836147904e+02
283	1.1095333537495469e+01	5.9265952091664076e+00
288	1.2096057305532115e+01	3.0076684830710288e+01
293	1.1820887734079706e+01	2.9223774491809309e+02
301	1.2661534617947842e+01	2.6324392100796107e+01
305	1.1824232732824052e+01	3.2539653458632529e+02
357	1.1763682786629067e+01	2.2149537591263655e+02
375	1.1501727215633563e+01	2.6140983729623258e+02
385	1.1055102582424977e+01	2.3283140910789368e+02
386	1.2456398618311676e+01	3.3160808843560517e+02
398	1.1944965686225068e+01	3.2529667208902538e+02
407	1.1079774925063928e+01	2.4998646684922278e+02
415	1.1411122946843209e+01	3.2746930137276649e+02
416	1.2616426494718482e+01	9.9865967659279704e+01
430	1.1782251524602337e+01	3.5357125016860664e+02
432	1.1855810737527378e+01	2.4153552453964951e+02
435	1.1626100504219268e+01	2.8062006770633161e+02
442	1.2014784758112697e+01	3.8236062722280629e+01
471	1.1501776470464607e+01	3.3156643020920455e+02
481	1.2637749344467990e+01	3.1926309278234839e+02
489	1.1284617295784139e+01	2.9505767673254019e+02
495	1.2745527350683560e+01	3.1913981418125331e+02
503	1.0514693216882501e+01	3.0833030280657113e+02
504	1.2174294826683116e+01	3.6722752097994089e+01
515	1.1908237515838200e+01	2.8030982606112957e+02
523	1.2701461244562545e+01	2.7508462012745440e+02
528	1.1780271071540055e+01	3.1667615809477871e+02
529	1.1533674294853164e+01	1.1514560792595148e+02
534	1.2581919044486243e+01	5.9770252732560039e+01
539	1.1451571131985224e+01	2.7777505648322403e+02
541	1.2420226920117672e+01	2.1070159535855052e+02
546	1.2470725931420381e+01	1.1268527015112340e+02
551	1.1977820058274213e+01	1.3351668510586023e+01
558	1.2491435465659237e+01	1.2798298037610948e+02
574	1.2313064475867797e+01	2.9262788831256330e+02
581	1.0660915146656722e+01	8.8891374785453081e+01
587	1.1453566158829146e+01	1.2992288628593087e+01
596	1.0242951205810664e+01	1.7757657621055841e+02
607	1.2052019195195257e+01	2.5014427620917559e+01
616	1.0395701966320873e+01	1.4656703090295196e+02
618	1.1718207004197451e+01	1.9176381980068984e+02
620	1.0281942268909424e+01	1.1837493368424474e+02
641	1.2705990805890421e+01	3.2128698670305312e+02
696	1.1244004093136276e+01	3.2759406466037035e+02
702	1.2189093010413949e+01	3.4198381301946938e+02
718	1.2278041732998467e+01	3.4201141747646034e+02
733	1.1000452146045932e+01	3.4663361353799701e+02
748	1.1022021673308236e+01	3.0943863742053509e+02
749	1.2546603233734706e+01	2.2125338743440804e+02
6	1.0599561307669267e+01	1.3964786647818985e+02
7	1.1423159289414983e+01	2.4110857453197244e+02
8	1.1607336502797635e+01	3.3679406614042819e+02
9	1.2015253524511612e+01	3.0467193055897951e+02
16	1.1674603447144163e+01	1.6459373130463064e+02
20	1.2543369113923420e+01	2.5774938390590250e+02
35	1.1301927374732921e+01	5.1163247851654887e+01
51	1.2323190925355446e+01	3.3007008036598569e+02
56	1.2099845211347317e+01	2.2101779459975660e+02
66	1.2293322060143270e+01	5.0387803288176656e+01
69	1.2128415059227097e+01	3.1792516979388893e+02
76	1.2739285913694916e+01	1.3005396843887866e+02
79	1.2412731973413335e+01	4.5473357085138559e+01
105	1.2209541257346238e+01	1.6826136672869325e+02
113	1.2358045082463955e+01	1.6715214271098372e+02
147	1.2388628016091623e+01	1.2959796851500871e+01
151	1.2795254370434980e+01	1.2989331174641848e+02
161	1.1898874859447192e+01	7.3568924702703953e+01
162	1.2202241007635626e+01	3.5343238860368723e+02
171	1.2824346363058227e+01	3.9360982943326242e+01
187	1.2243535590823910e+01	2.0757031842134893e+02
188	1.1979788402087534e+01	3.0227227608673275e+02
194	1.2710676034283900e+01	5.9546200605109327e+01
205	1.1877707455199227e+01	6.0102573316544294e+01
206	1.2168168431857401e+01	8.6765850707888603e+00
221	1.1370057298260493e+01	1.8110732752829790e+02
232	1.2539799947515732e+01	2.0774434785358608e+02
238	1.1725896427624377e+01	8.9532071957364693e+01
249	1.2726421964902530e+01	2.0768542701378465e+02
258	1.1169053507083346e+01	2.5195825089700520e+02
266	1.2307294616141748e+01	1.6825582972727713e+02
269	1.1653699703810510e+01	8.3407429140061140e+00
285	1.2630608707524203e+01	1.9465903401374814e+02
310	1.2723085340878333e+01	1.9450964218005538e+02
312	1.1029157573180635e+01	7.8725845199078321e+01
317	1.0747899245437006e+01	1.8196701508015394e+02
321	1.2195189743536444e+01	2.1783716501668098e+02
373	1.2448314807474766e+01	3.3029938694089651e+02
392	1.1222813416407377e+01	1.7604262833483514e+02
394	1.2143954119748640e+01	3.1901853298768401e+01
395	1.2613253148976776e+01	5.9648270476609476e+01
405	1.2767783983383190e+01	2.9827966187149286e+01
419	1.2216230855618972e+01	4.0609142370522022e+00
428	1.1600881006533962e+01	1.3936875388026237e+02
445	1.2707126578867454e+01	3.2045986946672201e+02
459	1.0504471336198842e+01	1.7629185936413705e+02
479	1.1973117660477222e+01	1.1008736640214919e+02
511	1.1436311630357212e+01	1.4369522323831916e+02
514	1.2293940284179884e+01	4.9937263252213597e+01
519	1.2835274620520730e+01	3.8758994489908225e+01
540	1.1894283300383250e+01	7.5359676992520690e+01
543	1.1796902802128017e+01	2.2087950241751972e+02
548	1.2818626283820143e+01	5.9678703323006630e+01
573	1.2263591265587308e+01	1.6491634262725708e+02
575	1.2109980976506337e+01	8.9374040979892015e+01
579	1.1449392844393032e+01	8.9109557652845979e+01
597	1.1539511389208839e+01	2.6421947688795632e+02
604	1.0744253945881779e+01	2.1664956961758435e+02
608	1.1254643322987581e+01	1.7058135724626484e+02
624	1.2463723986765551e+01	3.2516319975256920e+02
628	1.2240943565910127e+01	1.1035822416655719e+02
631	1.2422990813890122e+01	1.2964775668457150e+02
633	1.1700718371920090e+01	3.3315342086367309e+02
644	1.1899810079300424e+01	2.0752150909043849e+02
649	1.1051929306968544e+01	2.1831903845071793e+02
658	1.2520484911843136e+01	2.4982546968385581e+01
660	1.1987978787924947e+01	2.1027593691833314e+02
665	1.2472338478519410e+01	3.0453232409432530e+02
668	1.2641586191417048e+01	3.5354001148603862e+02
673	1.2471549629338719e+01	7.5164666734635830e+01
693	1.0933538073917495e+01	1.8971085182391107e+02
698	1.2025971287710133e+01	6.9273918997496367e+01
704	1.1796772423004128e+01	1.6712388471700251e+02
711	1.1825276690458274e+01	3.2576763320714235e+02
712	1.1298755734365491e+01	1.4579564418643713e+02
715	1.1768284139448602e+01	1.6204965773038569e+02
720	1.1723759076239963e+01	4.7237008083611727e+01
724	1.1928062047653002e+01	3.3798576414585114e+02
730	1.1962372735694883e+01	3.1557457158342004e+01
742	1.1329576555225115e+01	1.5808300411328673e+02
1	1.2402273271693907e+01	3.3572065003216261e+02
36	1.2338159637922315e+01	2.8199321011081338e+02
41	1.2452827715249422e+01	1.0745830745436251e+02
59	1.2363658140941721e+01	8.3165551722049713e+01
70	1.2704178286652278e+01	1.9468374897725880e+02
81	1.2210208491425769e+01	2.3318978249095377e+02
96	1.2704145236079155e+01	2.7777419834397733e+02
97	1.2098827567495155e+01	1.0848978018388151e+02
100	1.1348129012709004e+01	2.0830821549519897e+02
101	1.1985841185217874e+01	3.2428783737123013e+00
103	1.1467572988803873e+01	1.6943068983033299e+02
104	1.2711731899026878e+01	2.7525332537479699e+02
109	1.2836036011757422e+01	2.5229338109493252e+01
112	1.2746577519829961e+01	6.9104187386110425e+01
116	1.2462964260016776e+01	7.5084590977057815e+01
117	1.2732825203311782e+01	1.7749528465792537e+01
125	1.2015288986243123e+01	8.3433046834543347e+01
126	1.2049459313430658e+01	3.4836045322939748e+02
148	1.2065982395495753e+01	2.3555655777454373e+02
175	1.2447773409262604e+01	3.2991973299533129e+02
195	1.2745686075034753e+01	2.4734098758548501e+02
208	1.2737376980890422e+01	2.9100194787606597e+02
225	1.2757272944134904e+01	1.2765048712491989e+02
228	1.2614664792104241e+01	8.5982734523713589e+00
237	1.2144064077366927e+01	7.8621564600616693e+01
245	1.2185091584794021e+01	1.7329246345907453e+01
253	1.2804192931457186e+01	2.9611766980960962e+01
255	1.2589351210747900e+01	7.5417437106370926e+01
262	1.2465095142256168e+01	2.8418394288048148e+02
273	1.1715315086900324e+01	6.0419087558984764e+01
278	1.1414590553574074e+01	7.9151867330074296e+01
280	1.2669186674403626e+01	3.3655399116687477e+02
286	1.1987500627755614e+01	3.0955808498896658e+02
289	1.2425786806741662e+01	1.5938027026131751e+01
291	1.2492705320291483e+01	6.9547505490481853e+00
292	1.2087576794572746e+01	2.4131538290530443e+01
296	1.1542482788920941e+01	2.5404557143338025e+02
298	1.2816503294376723e+01	1.5990459099411963e+01
308	1.2141884573995148e+01	3.0196058713831007e+02
311	1.2713345567351398e+01	1.6815071345306930e+02
314	1.0646665171813842e+01	1.7290014588274059e+02
316	1.2417475083930213e+01	3.2085647899657483e+00
320	1.1669944446170668e+01	5.6728666182607419e+01
328	1.2028040220995919e+01	5.6238059811294079e+01
334	1.2517398423769473e+01	2.5751864972524345e+02
336	1.1338783383747506e+01	1.4145849628373983e+02
340	1.2648745876177173e+01	2.2486697282642123e+02
351	1.2423213331726698e+01	1.0939623397774994e+02
353	1.1028903583406752e+01	8.1526180962100639e+01
354	1.2228530373692474e+01	2.4204044141806659e+02
365	1.2237567463141682e+01	7.3100823741406202e+01
368	1.1984241368507698e+01	2.9126780658960342e+02
381	1.2117054386852608e+01	9.7157264873385429e+01
384	1.0979603221632878e+01	8.1140571339055896e+01
396	1.1553343174806392e+01	1.8107875169254837e+02
397	1.2455840327718439e+01	2.8352916260249913e+02
406	1.0830044167124505e+01	1.8206143948249519e+02
413	1.2358011283408167e+01	1.6506834416650236e+02
417	1.1710726732554539e+01	2.9439662000164390e+02
433	1.1844418148689828e+01	3.1052355961874127e+01
438	1.2497866730630683e+01	1.3474058378487825e+01
447	1.2721584143991917e+01	2.5765485615469515e+02
455	1.2423344160421761e+01	9.5237752469256506e+01
458	1.0990946954784336e+01	2.3006123067811131e+02
464	1.2573565486822694e+01	2.1080831718631089e+02
467	1.1077610953264495e+01	2.8787802949547768e+02
486	1.1189984863598445e+01	1.2003813511691988e+02
488	1.2105957048963267e+01	7.3613896714523449e+01
490	1.1960846864432655e+01	3.0198162646964192e+02
494	1.1518891048073682e+01	2.1401667259633541e+01
502	1.1297107340548628e+01	5.4416173696517944e+01
505	1.1662673317995745e+01	3.4312356149777776e+02
506	1.2569102305156271e+01	6.0052974661812179e+01
522	1.2807208981897292e+01	1.0951589721255004e+02
535	1.2229189047136428e+01	2.2493054863996804e+02
542	1.1829214922895410e+01	1.5832370395772159e+02
553	1.1815576087377055e+01	3.1327655741013587e+02
556	1.1927582755066021e+01	2.4829702092334625e+02
561	1.1965515197127212e+01	3.3561258265748620e+02
577	1.2067917241678954e+01	2.9002007606439292e+02
580	1.2632058827882600e+01	3.8778455089777704e+00
585	1.1707516393642829e+01	1.8873932512477040e+02
590	1.1272571236771549e+01	3.5153315386734903e+02
600	1.2314776185467990e+01	2.3762266941368583e+02
610	1.1730895725857287e+01	2.2244344065897167e+02
613	1.1855695873019355e+01	2.4468711158260703e+01
614	1.0081079742249925e+01	1.3531795701943338e+02
619	1.1632080549561421e+01	1.6070772760547698e+02
632	1.2764627990278806e+01	2.7366329217329618e+01
642	1.1514793884330009e+01	2.5954968770965934e+02
643	1.1995013915587320e+01	1.6116740098223090e+02
650	1.1466796212333614e+01	3.2409826311282814e+02
656	1.2095863075834279e+01	2.4716274482198057e+02
663	1.2045269628600865e+01	1.6175361477769911e+02
664	1.0800745632618375e+01	1.9713292180560529e+02
671	1.2064044337682406e+01	2.5364239200018346e+02
672	1.1628840226128268e+01	2.3368840497918424e+02
681	1.1959354423934466e+01	1.8965307385660711e+02
703	1.1337862954870857e+01	1.4434332791715860e+01
707	1.1703180364594131e+01	2.1548896637745202e+02
729	1.2761032758424733e+01	3.3049406502395868e+02
743	1.2765817659174465e+01	3.0958724345080554e+02
0	1.1673699830713923e+01	3.5898653092794120e+02
24	1.2663707844345977e+01	3.1140728831291199e+02
29	1.2666372328958330e+01	2.4139009483158591e+02
33	1.2001198291850670e+01	7.1118321670219302e+01
34	1.2348558700403972e+01	1.0426667176187037e+02
39	1.2456348683537186e+01	2.2465079398825767e+02
45	1.1768892944116908e+01	1.6892586892470717e+02
67	1.1954703381041959e+01	2.8526528852060437e+02
77	1.1431637470026885e+01	2.0556308235973120e+02
80	1.2674188367199131e+01	2.4847365226596594e+02
82	1.2457766296627725e+01	1.2741807304322720e+02
87	1.2791892322866524e+01	4.2009099572896957e+00
93	1.2109727539842913e+01	3.3906130121089512e+02
94	1.1644993577388050e+01	1.3672918444499376e+02
99	1.2196183396442587e+01	5.5054736081510775e+01
107	1.2742055168061624e+01	2.9940933220088482e+02
127	1.2610391314446650e+01	1.0019478335045279e+02
130	1.2126605322614871e+01	2.0522399682551622e+02
136	1.2553916729342275e+01	2.2066131250932813e+02
137	1.1577074281424295e+01	1.5368753652088344e+02
139	1.2450966168652032e+01	1.5401254867203534e+02
140	1.2057676380408083e+01	1.5421766742132604e+02
155	1.2445072455437625e+01	5.8182670651003725e+01
176	1.2304198958459772e+01	1.6637490534223616e+02
182	1.2460981135359475e+01	5.8393984045833356e+01
185	1.2550028477080444e+01	5.1574682453647249e+01
192	1.2429279663656173e+01	1.8818518493324518e+02
199	1.2769846900964881e+01	1.4314005970023572e+02
200	1.2771475154023312e+01	3.3307203887030477e+02
203	1.2247917272319205e+01	3.3348625601269299e+02
204	1.1584432346581645e+01	1.0602415678091347e+02
215	1.1930599253180668e+01	4.5765598677098751e+00
223	1.2557851108825764e+01	1.9237584122456613e+02
226	1.2118055129485855e+01	3.2266088951379061e+02
241	1.2688573106831122e+01	2.9343602062202990e+02
248	1.2323649006916673e+01	1.4378950489684939e+02
251	1.2808260452293988e+01	2.8301840529777110e+02
252	1.1537734796800502e+01	9.1692989040166140e+01
254	1.2169062866097093e+01	5.6792158680036664e+01
263	1.2360413471795423e+01	3.2419027696363628e+02
268	1.1557139009365949e+01	8.6478347741067424e+01
275	1.2321157579243923e+01	2.4648764689452949e+02
279	1.2538188458838141e+01	1.1504238881170750e+01
281	1.2704827487053452e+01	2.8155312708579009e+02
294	1.1412036438519030e+01	2.2906462088227272e+02
300	1.2561745182223476e+01	3.1143226906657219e+02
302	1.2341867910709666e+01	2.3771948274224999e+02
306	1.1421659327732264e+01	1.7105498548597097e+02
315	1.1914479864733899e+01	1.1998234994709490e+02
324	1.1957206829423226e+01	2.8453446786850697e+02
325	1.1853210928209167e+01	7.8299718797206879e+01
333	1.1966207098716884e+01	3.2366303991526365e+02
337	1.2658423860489249e+01	2.9082142682746056e+01
342	1.2585422818958849e+01	2.2504017228260636e+02
345	1.2267999365207700e+01	2.6041131064295769e+02
347	1.2181186332033059e+01	1.4626954835839570e+02
359	1.2826846341651413e+01	1.6059582198970020e+02
367	1.2033080069921906e+01	2.3731198746711016e+02
376	1.2642173305139194e+01	2.8988490211777389e+02
389	1.1938101780066548e+01	1.6769077319651842e+02
391	1.2539801041997634e+01	1.0903367551043630e+02
399	1.2020525171461308e+01	7.9028672045096755e+01
403	1.2381876734646804e+01	4.7674668235704303e+01
427	1.2464705431540786e+01	3.5529941294342279e+02
468	1.2002417964114857e+01	1.8058904260396957e+02
470	1.2715011340946695e+01	4.4740814538672566e+01
473	1.1947964552080061e+01	8.2297731377184377e+01
474	1.2755540332018995e+01	3.0329508637078106e+02
477	1.2685778524552667e+01	2.3401929150335491e+02
483	1.2345377222170038e+01	9.6151518216356635e+01
491	1.2723231259265022e+01	1.8820657202973962e+02
492	1.1703576217249671e+01	5.8297643791884184e+01
516	1.1965344855489640e+01	6.4099208079278469e+01
518	1.2091923270666937e+01	3.3412457574158901e+02
521	1.2146064379357133e+01	5.6157298665493734e+01
530	1.2806335801878950e+01	2.1761280208826065e+02
557	1.2313362406040147e+01	3.1358799926005304e+02
568	1.2253711915033556e+01	2.9077165198512375e+02
576	1.1114487132629973e+01	1.5219566294923425e+02
589	1.2486466222860516e+01	1.6198789886198938e+02
601	1.2541756521904388e+01	2.4842713077552617e+02
605	1.2724580162743786e+01	2.3578601195476952e+02
611	1.2733448539741644e+01	3.6259652534499764e+01
615	1.2807283400413063e+01	2.7822039563208818e+02
623	1.2252748661022581e+01	1.6149870584718883e+02
627	1.2454186046515838e+01	3.4568194264546037e+02
629	1.2152228194925584e+01	3.3417610290460283e+02
652	1.2521222365520904e+01	2.1613673997111621e+02
654	1.2820420029517178e+01	2.8380117405205965e+02
666	1.2407059234124580e+01	2.9368629251606762e+02
676	1.1133627134465762e+01	1.4961747745983303e+02
679	1.2635277414241733e+01	8.2387658385559916e+01
680	1.2417960236043877e+01	2.9931869273073971e+02
682	1.2377300521094547e+01	1.1771822590380905e+01
683	1.2509282251516799e+01	2.7390355180017650e+02
684	1.1531688649282884e+01	1.5241447999142110e+02
697	1.2673769358980557e+01	6.4319895794615149e+01
713	1.2216995456334203e+01	2.5429231957532465e+02
716	1.2515974046127139e+01	1.6667871722951531e+02
722	1.2170743550012126e+01	3.1322941716760397e+02
723	1.2485579962651563e+01	3.5535659261047840e+02
735	1.2018821650013201e+01	3.4099751740694046e+02
736	1.2769593965626081e+01	3.0849268139339983e+02
745	1.2579478046991563e+01	3.0657555414363738e+01
11	1.2335668987157931e+01	1.8883733857423067e+02
13	1.2666334273099983e+01	8.2647799216210842e+01
15	1.2306655970135395e+01	3.2902632806450129e+02
17	1.2063533886894740e+01	1.5505148523487151e+02
25	1.2691135660185301e+01	2.9849288784898818e+02
40	1.2824676614114521e+01	2.3782886087894437e+02
68	1.2763621114738710e+01	1.0728489635512233e+01
74	1.1610387909419543e+01	1.9383289008401334e+02
91	1.2770511104991321e+01	2.3064237702637907e+01
102	1.2678160847649458e+01	2.5525530804879966e+02
115	1.2465767398820359e+01	1.8296911351382735e+02
131	1.2798447287875398e+01	1.5045355377718806e+02
134	1.2543182816097607e+01	1.0431360061280428e+02
158	1.2799030477248735e+01	1.8006510408595204e+01
169	1.2087561426013865e+01	1.6390168919228014e+02
172	1.2112848210986193e+01	5.2571787703782320e+01
173	1.1550278903699059e+01	1.8316394590772688e+02
179	1.1514541901557577e+01	7.6584130134433508e+01
202	1.2722067685086492e+01	2.8809758741408582e+00
207	1.2041541141783235e+01	1.6272057836875322e+02
210	1.1600965853945377e+01	2.1931451576761901e+02
211	1.2789710834340662e+01	1.2545180730521677e+01
217	1.2768376547174263e+01	3.4607421261258423e+02
218	1.2586565209381858e+01	1.2030667939223349e+02
229	1.2707112264071670e+01	3.4766164977103472e+02
230	1.1804096907982037e+01	1.5478844275698066e+02
239	1.2554338403468114e+01	3.1096864781342447e+02
256	1.2101223461641654e+01	1.5025780566036701e+02
259	1.2129047384989702e+01	2.5110341847874227e+02
264	1.2645466988881138e+01	1.6787926107645037e+00
272	1.2206456659787456e+01	2.0212522516027093e+02
287	1.2545725311069786e+01	6.6641148962080479e+01
290	1.1965333659425321e+01	1.5977087398990989e+02
303	1.2089067295851992e+01	6.7456288626417518e+01
327	1.2206214125890975e+01	2.4495842406526208e+02
329	1.2273785295940860e+01	1.8372995747253296e+02
331	1.2458805083961160e+01	5.2089086389169097e+01
339	1.2014322648734577e+01	3.6478076130151749e-01
346	1.2370799398821267e+01	2.7333072029985487e+02
348	1.2541487672950423e+01	2.5356061002239588e+02
350	1.2491589120467800e+01	3.4904322244226933e+02
364	1.2805502220853528e+01	3.4777676288969820e+02
377	1.2350100386343279e+01	1.7282265359535810e+02
378	1.2346756018238034e+01	1.7552677416242659e+02
380	1.1750948591511921e+01	1.9998991336673498e+02
401	1.2548713076106880e+01	9.2809041542932391e+01
404	1.1818858623643392e+01	1.3395156254991889e+02
412	1.2547057746090106e+01	1.3961800402030349e+02
414	1.2484600422988828e+01	2.6486356236040587e+02
418	1.2581550265737327e+01	2.3627370938658717e+02
429	1.2450639340543487e+01	3.0102480204775929e+02
440	1.2199136448467632e+01	2.4772179638966921e+02
446	1.2535391293628756e+01	1.8381575044244531e+02
451	1.2207691848981645e+01	2.5056194183416662e+02
453	1.2826150820499366e+01	3.1002827086485922e+02
456	1.2712843769293299e+01	3.5991688253358006e+02
508	1.2367687290650450e+01	5.7749899914488196e+01
510	1.2100080815645255e+01	1.7224212407134470e+02
520	1.2569891802580743e+01	1.6295195485465226e+02
533	1.2486796923102020e+01	7.0520962458103895e+01
537	1.1852488158932331e+01	1.1827901688404383e+02
550	1.1396462968936975e+01	2.2878617824986577e+02
552	1.2464758377389970e+01	9.1178738661110401e+01
564	1.2310631225031351e+01	2.5125736378133297e+02
567	1.2720876609734598e+01	4.8458214914426215e+01
570	1.1873415689783402e+01	1.2078406440094113e+02
571	1.2637483293238498e+01	2.0317119489423931e+02
591	1.2425973245594003e+01	2.0681005893275142e+01
593	1.0829827290572345e+01	6.5733943898230791e+01
612	1.2375593957819051e+01	1.0177020924165845e+01
648	1.1936542376446566e+01	2.0467951836995783e+02
661	1.2438337682302505e+01	1.3918771231546998e+02
674	1.2395974459787913e+01	2.6800973016768700e+02
675	1.2822605671478735e+01	3.5197842763736850e+02
686	1.2457201443532178e+01	2.5244599702768028e+02
687	1.2187659306001898e+01	2.1513525249436495e+02
689	1.2358981906952435e+01	2.2262428617104888e+01
691	1.2499626630595232e+01	1.2894989853724837e+02
692	1.2693830097667778e+01	2.6036540279164910e+02
701	1.1190203547117070e+01	2.2668170976452529e+02
708	1.1423691829668394e+01	1.2616351755335927e+02
721	1.2712871316387613e+01	5.7753859106451266e+01
732	1.2619713134417969e+01	2.6476694843731821e+02
734	1.2365500352905208e+01	2.0416728811338544e+02
738	1.2603959127192972e+01	6.4841926172375679e+01
746	1.2640418115013818e+01	1.5434956203214824e+02
747	1.1744679596097564e+01	2.1148730297572911e+02
21	1.2796611593039076e+01	2.8899270116351545e+02
43	1.2524143345470675e+01	7.9964837422594428e+01
62	1.2353411158253538e+01	1.7750145365484056e+02
73	1.2554389203044414e+01	1.3593036426231265e+02
78	1.2457534901838855e+01	2.2962113231420520e+02
85	1.2693041077918906e+01	2.7100380607880652e+02
124	1.2638584538183048e+01	1.0393841975368558e+02
138	1.2644020343100456e+01	2.7067426895722747e+02
157	1.2116553515106935e+01	1.3360820232890546e+02
159	1.2617965927509443e+01	2.6674400059506297e+02
174	1.2044933467096891e+01	7.7634099125862122e+01
189	1.2735398558968170e+01	2.2438516125082970e+02
193	1.2494941384567992e+01	2.6525212643668050e+02
198	1.2195391378068228e+01	2.7228074049577117e+02
227	1.2667418646079687e+01	8.6936089089140296e+01
231	1.2033753668377750e+01	1.2466386406682432e+02
244	1.2521861046096339e+01	2.1198237698525190e+02
274	1.2804218311491470e+01	1.5158691239543259e+02
319	1.2625568463358709e+01	1.9965355731546879e+01
343	1.2629387917906795e+01	1.1572265954688191e+02
356	1.2536432194703721e+01	1.8455821288749576e+02
366	1.2831470156233907e+01	3.5741756429895759e+02
436	1.2706072081008061e+01	3.5797132646664983e+02
444	1.2772902230465961e+01	2.7943726541474462e+02
452	1.2707726406004433e+01	1.9982136687263846e+02
454	1.2385133556798230e+01	2.6831574423238635e+02
461	1.2562979254886814e+01	3.1482369571924210e+02
482	1.2063120381110691e+01	1.8547799776308236e+02
497	1.2614026283323385e+01	1.3638488151133060e+02
524	1.2148832000958466e+01	2.2569190154783428e+02
532	1.2802828730656453e+01	1.4968516149558127e+02
536	1.2303202372271066e+01	2.0265720896422867e+01
562	1.2558671024235553e+01	1.6227320417761803e+02
565	1.2338756231659618e+01	2.7129977384582162e+02
572	1.2591847949266672e+01	2.2413188704289496e+02
578	1.2309163357814510e+01	1.9732429725117979e+02
582	1.2451321508013391e+01	8.9953078860417008e+01
586	1.2554896203139698e+01	1.3689189445227385e+02
592	1.2446232045735536e+01	5.8712192522361875e+01
636	1.2599646653888888e+01	2.6968405212275684e+02
670	1.2638908539711855e+01	1.2084205987863241e+02
685	1.2491734149754864e+01	6.3723374353721738e+01
706	1.2588208030885582e+01	2.1378383296541870e+02
737	1.2211628048718488e+01	2.5325975384563210e+02
