2 339
2 264
2 419
2 316
2 202
2 101
2 87
2 277
2 215
2 291
2 269
2 206
2 228
2 68
2 211
2 279
2 261
2 147
2 438
2 472
2 411
2 358
2 298
2 289
2 65
2 247
2 245
2 158
2 117
2 319
2 536
2 494
2 91
2 292
2 109
2 301
2 89
2 180
2 260
2 337
2 288
2 253
2 405
2 394
2 433
2 46
2 504
2 519
2 171
2 442
2 470
2 79
2 403
2 66
2 514
2 185
2 331
2 172
2 328
2 521
2 99
2 320
2 254
2 508
2 492
2 182
2 155
2 395
2 194
2 506
2 548
2 534
2 273
2 205
2 516
2 303
2 287
2 112
2 533
2 33
2 387
2 365
2 341
2 201
2 161
2 488
2 540
2 116
2 255
2 179
2 325
2 174
2 237
2 399
2 43
2 473
2 13
2 125
2 59
2 268
2 227
2 238
2 401
2 252
2 58
2 455
2 483
2 381
2 152
2 416
2 127
2 124
2 134
2 34
2 204
2 41
2 391
2 351
2 97
2 479
2 546
2 235
2 10
2 529
2 537
2 315
2 231
2 257
2 92
2 409
2 267
2 132
2 404
2 157
2 94
2 428
2 137
2 230
2 542
2 16
2 103
2 283
2 513
2 332
2 28
2 448
2 153
2 213
2 129
2 22
2 184
2 181
2 220
2 123
2 48
2 499
2 233
2 177
2 271
2 309
2 35
2 502
2 154
2 243
2 326
2 312
2 353
2 278
2 384
2 240
2 4
2 265
2 383
2 299
2 276
2 224
2 465
2 284
2 160
2 53
2 544
2 352
2 322
2 190
2 486
2 84
2 501
2 212
2 361
2 141
2 6
2 336
2 511
2 507
2 12
2 71
2 42
2 369
2 549
2 110
2 306
2 314
2 459
2 392
2 221
2 317
2 406
2 304
2 49
2 170
2 372
2 77
2 100
2 517
2 449
2 146
2 458
2 294
2 463
2 385
2 75
2 7
2 318
2 214
2 407
2 258
2 135
2 439
2 390
2 197
2 420
2 111
2 164
2 83
2 95
2 539
2 469
2 355
2 19
2 467
2 489
2 379
2 450
2 307
2 462
2 503
2 509
2 480
2 222
2 72
2 47
2 415
2 52
2 186
2 156
2 18
2 493
2 531
2 57
2 360
2 330
2 3
2 547
2 246
2 166
2 344
2 527
2 44
2 142
2 119
2 526
2 128
2 114
2 297
2 512
2 150
2 183
2 425
2 5
2 500
2 313
2 408
2 60
2 55
2 423
2 30
2 421
2 191
2 178
2 64
2 295
2 90
2 145
2 410
2 26
2 388
2 323
2 460
2 144
2 143
2 38
2 50
2 121
2 478
2 393
2 27
2 106
2 335
2 475
2 374
2 120
2 216
2 122
2 14
2 371
2 402
2 349
2 437
2 165
2 422
2 525
2 133
2 426
2 236
2 545
2 149
2 196
2 219
2 441
2 487
2 538
2 443
2 98
2 250
250 339
250 101
250 277
250 215
250 269
250 472
250 247
250 494
250 296
250 375
250 454
250 198
250 346
250 168
250 104
250 523
250 96
250 444
250 435
250 515
250 281
250 36
250 251
250 397
250 324
250 262
250 67
250 21
250 376
250 208
250 368
250 293
250 241
250 167
250 417
250 25
250 107
250 308
250 188
250 490
250 429
250 474
250 9
250 286
250 453
250 239
250 300
250 24
250 461
250 484
250 86
250 528
250 495
250 69
250 481
250 445
250 370
250 163
250 226
250 333
250 263
250 305
250 398
250 15
250 373
250 175
250 51
250 386
250 471
250 200
250 518
250 203
250 1
250 280
250 8
250 93
250 61
250 234
250 505
250 217
250 364
250 126
250 229
250 350
250 162
250 430
250 427
250 0
250 283
250 513
250 332
250 28
250 448
250 153
250 213
250 129
250 22
250 184
250 181
250 220
250 123
250 48
250 499
250 177
250 154
250 243
250 326
250 4
250 299
250 544
250 212
250 361
250 141
250 71
250 369
250 110
250 314
250 459
250 304
250 49
250 372
250 517
250 449
250 146
250 458
250 463
250 385
250 75
250 7
250 318
250 214
250 407
250 258
250 135
250 439
250 390
250 197
250 420
250 111
250 164
250 83
250 95
250 539
250 469
250 355
250 19
250 467
250 489
250 379
250 450
250 307
250 462
250 503
250 509
250 480
250 222
250 72
250 47
250 415
250 52
250 186
250 156
250 18
250 493
250 531
250 57
250 360
250 330
250 3
250 547
250 246
250 166
250 344
250 527
250 44
250 142
250 119
250 526
250 128
250 114
250 297
250 512
250 150
250 183
250 425
250 5
250 500
250 313
250 408
250 60
250 55
250 423
250 30
250 421
250 191
250 178
250 64
250 295
250 90
250 145
250 410
250 26
250 388
250 323
250 460
250 144
250 143
250 38
250 50
250 121
250 478
250 393
250 27
250 106
250 335
250 475
250 374
250 120
250 216
250 122
250 14
250 371
250 402
250 349
250 437
250 165
250 422
250 525
250 133
250 426
250 236
250 545
250 149
250 196
250 219
250 441
250 487
250 538
250 443
250 98
98 375
98 193
98 414
98 159
98 454
98 85
98 138
98 198
98 346
98 168
98 104
98 523
98 96
98 444
98 435
98 515
98 281
98 36
98 251
98 397
98 324
98 262
98 67
98 21
98 376
98 368
98 293
98 167
98 417
98 214
98 407
98 258
98 135
98 439
98 390
98 197
98 420
98 111
98 164
98 83
98 95
98 539
98 469
98 355
98 19
98 467
98 489
98 379
98 450
98 307
98 462
98 503
98 222
98 72
98 246
98 55
98 423
98 421
98 191
98 178
98 64
98 295
98 90
98 145
98 410
98 26
98 388
98 323
98 460
98 144
98 38
98 50
98 121
98 478
98 393
98 106
98 335
98 475
98 374
98 120
98 216
98 122
98 14
98 371
98 402
98 349
98 437
98 165
98 422
98 525
98 133
98 426
98 236
98 545
98 149
98 196
98 219
98 441
98 487
98 538
98 443
443 125
443 268
443 238
443 401
443 252
443 58
443 455
443 483
443 381
443 152
443 416
443 127
443 124
443 134
443 34
443 204
443 41
443 391
443 351
443 522
443 97
443 479
443 546
443 235
443 10
443 529
443 537
443 243
443 326
443 312
443 353
443 278
443 384
443 240
443 4
443 265
443 383
443 299
443 276
443 224
443 465
443 284
443 160
443 53
443 544
443 352
443 322
443 190
443 486
443 84
443 501
443 212
443 361
443 141
443 527
443 142
443 119
443 526
443 128
443 114
443 297
443 512
443 150
443 183
443 425
443 5
443 500
443 408
443 38
443 50
443 121
443 478
443 393
443 27
443 106
443 335
443 475
443 374
443 120
443 216
443 122
443 14
443 371
443 402
443 349
443 165
443 422
443 525
443 133
443 426
443 236
443 545
443 149
443 196
443 219
443 441
443 487
443 538
487 484
487 86
487 528
487 495
487 69
487 481
487 445
487 370
487 163
487 226
487 333
487 263
487 305
487 398
487 15
487 471
487 462
487 503
487 509
487 480
487 222
487 72
487 47
487 415
487 52
487 186
487 156
487 18
487 26
487 388
487 323
487 460
487 144
487 143
487 38
487 50
487 165
487 422
487 133
487 426
487 236
487 545
487 149
487 441
487 538
441 431
441 530
441 321
441 210
441 136
441 543
441 357
441 56
441 340
441 189
441 535
441 39
441 342
441 524
441 372
441 100
441 517
441 449
441 146
441 458
441 294
441 75
441 55
441 423
441 30
441 421
441 120
441 216
441 122
441 14
441 371
441 402
441 349
441 437
441 165
441 422
441 525
441 133
441 196
441 219
545 504
545 519
545 171
545 442
545 470
545 79
545 448
545 153
545 213
545 129
545 22
545 184
545 181
545 220
545 123
545 48
545 499
545 233
545 177
545 271
545 309
545 35
545 246
545 166
545 344
545 527
545 44
545 142
545 38
545 50
545 121
545 478
545 393
545 106
545 149
545 538
38 269
38 206
38 228
38 68
38 211
38 279
38 261
38 147
38 438
38 472
38 411
38 358
38 289
38 65
38 247
38 245
38 283
38 513
38 332
38 28
38 246
38 166
38 344
38 527
38 44
38 50
38 121
38 478
38 426
38 236
38 149
38 538
149 470
149 79
149 403
149 66
149 514
149 185
149 331
149 172
149 213
149 181
149 220
149 123
149 48
149 499
149 233
149 177
149 271
149 309
149 35
149 502
149 154
149 527
149 44
149 142
149 119
149 50
149 121
149 478
149 393
149 106
149 538
50 301
50 89
50 180
50 260
50 337
50 288
50 253
50 405
50 394
50 433
50 28
50 448
50 153
50 213
50 129
50 22
50 184
50 181
50 220
50 123
50 246
50 166
50 344
50 527
50 44
50 121
50 478
50 236
50 538
106 401
106 252
106 58
106 455
106 483
106 381
106 152
106 416
106 127
106 4
106 265
106 383
106 299
106 276
106 224
106 465
106 128
106 114
106 297
106 512
106 150
106 478
106 393
106 27
106 335
106 475
106 374
106 120
106 196
216 520
216 207
216 169
216 413
216 16
216 176
216 113
216 389
216 311
216 266
216 105
216 103
216 45
216 507
216 12
216 71
216 42
216 369
216 549
216 110
216 306
216 314
216 313
216 408
216 120
216 122
216 14
216 371
216 196
216 219
196 363
196 532
196 256
196 131
196 274
196 139
196 140
196 137
196 17
196 230
196 542
196 290
196 507
196 12
196 71
196 42
196 369
196 183
196 5
196 500
196 313
196 408
196 335
196 475
196 374
196 120
196 219
219 413
219 16
219 176
219 113
219 389
219 311
219 266
219 105
219 103
219 45
219 377
219 510
219 476
219 507
219 12
219 71
219 42
219 369
219 549
219 110
219 306
219 314
219 459
219 392
219 313
219 408
219 120
538 126
538 350
538 162
538 430
538 427
538 466
538 434
538 366
538 0
538 18
538 493
538 531
538 57
538 360
538 330
538 3
538 547
538 246
538 166
538 144
538 143
538 121
538 133
538 426
538 236
335 204
335 391
335 351
335 522
335 97
335 479
335 546
335 235
335 10
335 529
335 284
335 160
335 53
335 544
335 352
335 322
335 190
335 512
335 150
335 183
335 27
335 120
335 475
335 374
133 376
133 208
133 368
133 293
133 241
133 167
133 417
133 467
133 489
133 379
133 450
133 462
133 178
133 64
133 295
133 90
133 145
133 410
133 26
133 388
133 422
133 236
236 8
236 93
236 61
236 234
236 505
236 217
236 126
236 186
236 156
236 18
236 493
236 531
236 57
236 360
236 330
236 246
236 388
236 144
236 143
236 426
393 533
393 33
393 387
393 365
393 341
393 201
393 161
393 488
393 540
393 116
393 255
393 179
393 243
393 326
393 312
393 142
393 526
393 128
393 114
393 297
393 478
422 432
422 29
422 31
422 354
422 327
422 195
422 275
422 80
422 440
422 75
422 7
422 318
422 214
422 407
422 258
422 439
422 191
422 437
422 349
422 165
422 525
475 204
475 41
475 391
475 351
475 522
475 97
475 479
475 546
475 235
475 10
475 284
475 160
475 53
475 544
475 352
475 322
475 512
475 150
475 27
475 374
475 120
478 66
478 514
478 185
478 331
478 172
478 99
478 320
478 499
478 233
478 177
478 271
478 309
478 35
478 502
478 154
478 142
478 119
478 121
122 468
122 396
122 446
122 329
122 173
122 115
122 356
122 482
122 282
122 118
122 23
122 459
122 221
122 317
122 406
122 304
122 49
122 60
122 14
122 371
122 402
165 498
165 81
165 477
165 148
165 367
165 418
165 302
165 40
165 458
165 294
165 463
165 385
165 75
165 7
165 318
165 421
165 402
165 349
165 437
165 525
120 94
120 412
120 428
120 199
120 248
120 347
120 141
120 6
120 336
120 511
120 183
120 425
120 5
120 500
120 374
121 504
121 519
121 171
121 442
121 213
121 129
121 22
121 184
121 181
121 220
121 123
121 48
121 499
121 527
121 44
121 142
374 479
374 546
374 235
374 10
374 529
374 343
374 284
374 160
374 53
374 544
374 352
374 322
374 190
374 512
374 150
374 183
374 27
14 11
14 223
14 270
14 74
14 310
14 285
14 63
14 70
14 242
14 304
14 49
14 170
14 60
14 55
14 371
14 402
14 349
349 457
349 187
349 541
349 54
349 464
349 431
349 244
349 372
349 100
349 517
349 55
349 423
349 30
349 421
349 371
349 402
371 11
371 223
371 270
371 74
371 310
371 285
371 63
371 70
371 242
371 304
371 49
371 170
371 60
371 55
371 402
402 380
402 272
402 130
402 457
402 424
402 372
402 77
402 100
402 517
402 60
402 55
402 423
402 30
426 61
426 234
426 505
426 217
426 364
426 126
426 229
426 156
426 18
426 493
426 531
426 57
426 360
426 144
426 143
525 348
525 296
525 102
525 447
525 334
525 20
525 214
525 407
525 258
525 135
525 439
525 390
525 197
525 420
525 191
525 437
27 483
27 381
27 152
27 416
27 127
27 265
27 383
27 299
27 276
27 224
27 465
27 512
27 150
183 338
183 225
183 92
183 82
183 409
183 151
183 267
183 84
183 501
183 212
183 361
183 141
183 425
388 461
388 484
388 86
388 528
388 69
388 370
388 509
388 480
388 222
388 72
388 323
388 144
388 460
527 91
527 292
527 109
527 301
527 89
527 180
527 28
527 448
527 153
527 213
527 44
64 346
64 168
64 104
64 523
64 164
64 83
64 95
64 539
64 469
64 19
64 178
64 295
64 90
64 145
144 15
144 373
144 175
144 51
144 386
144 471
144 415
144 52
144 186
144 143
295 96
295 444
295 435
295 515
295 164
295 95
295 539
295 469
295 355
295 19
295 178
295 90
295 145
344 472
344 411
344 358
344 298
344 289
344 65
344 247
344 245
344 158
344 117
344 513
344 332
344 166
512 381
512 152
512 416
512 127
512 383
512 299
512 276
512 224
512 465
512 150
246 419
246 101
246 87
246 277
246 215
246 291
246 269
246 283
246 166
423 541
423 54
423 464
423 431
423 244
423 372
423 100
423 517
423 55
423 30
423 421
437 81
437 477
437 148
437 367
437 418
437 302
437 458
437 463
437 385
437 75
150 134
150 34
150 204
150 41
150 284
150 160
150 53
178 346
178 168
178 104
178 523
178 164
178 83
178 95
178 539
178 469
178 145
44 301
44 89
44 180
44 260
44 448
44 153
44 213
55 272
55 130
55 457
55 424
55 372
55 77
114 473
114 13
114 125
114 59
114 353
114 384
114 240
114 4
114 128
114 297
142 328
142 521
142 99
142 320
142 254
142 502
142 154
166 261
166 147
166 438
166 472
166 289
166 65
166 332
222 86
222 495
222 69
222 481
222 370
222 509
222 480
222 72
222 323
222 460
141 409
141 151
141 76
141 267
141 501
141 212
141 361
141 84
141 425
145 435
145 515
145 281
145 36
145 355
145 19
145 90
361 92
361 409
361 151
361 76
361 267
361 501
361 84
361 212
361 425
372 457
372 424
372 249
372 232
372 187
372 100
372 517
408 207
408 169
408 413
408 16
408 71
408 369
408 549
408 313
425 409
425 151
425 76
425 267
425 84
425 501
425 212
90 36
90 251
90 397
90 324
90 262
90 19
191 375
191 345
191 135
191 439
191 390
191 197
191 420
191 111
212 338
212 225
212 92
212 82
212 501
212 84
460 495
460 481
460 445
460 370
460 480
460 72
460 323
72 445
72 370
72 163
72 480
72 323
143 280
143 8
143 186
143 156
143 18
153 301
153 89
153 180
153 260
153 448
153 213
313 542
313 290
313 507
313 12
313 71
313 42
323 445
323 370
323 163
323 480
421 530
421 321
421 210
421 449
421 30
517 541
517 54
517 464
517 431
517 30
5 199
5 248
5 6
5 336
5 511
5 500
60 223
60 270
60 74
60 49
60 170
95 168
95 104
95 523
95 164
95 83
128 125
128 59
128 240
128 4
128 297
164 198
164 346
164 168
164 83
213 337
213 448
297 268
297 227
297 240
297 4
332 411
332 247
332 245
332 158
332 117
332 513
379 308
379 188
379 490
379 474
379 450
379 307
379 462
480 495
480 481
480 370
544 529
544 343
544 352
544 322
544 190
18 8
18 93
18 156
19 435
19 515
19 355
49 192
49 491
49 11
49 304
53 41
53 97
53 284
53 160
71 359
71 12
71 42
75 477
75 148
75 463
75 385
83 168
83 104
83 523
181 46
181 184
181 129
181 22
284 41
284 97
284 160
326 33
326 387
326 365
326 341
326 201
326 526
369 169
369 413
369 16
369 549
370 495
370 481
410 293
410 241
410 167
410 417
410 489
410 26
450 308
450 188
450 490
450 429
450 26
472 411
472 358
472 298
472 289
472 65
499 79
499 233
499 177
499 271
501 225
501 92
501 84
4 268
4 240
12 290
12 507
12 42
26 25
26 107
42 290
42 359
65 411
65 358
65 298
65 289
84 92
135 447
135 334
135 20
135 439
160 41
184 46
184 129
184 22
247 245
247 158
247 117
247 513
299 383
299 224
299 465
304 192
304 491
304 11
352 546
352 235
352 10
383 152
383 416
383 276
390 375
390 345
390 439
390 197
439 20
448 260
449 136
449 543
449 357
449 56
449 146
526 112
526 533
526 33
526 243
7 432
7 29
7 31
7 318
10 546
10 235
22 129
89 301
89 180
89 260
92 225
92 82
123 504
123 220
156 8
177 403
177 271
186 518
186 1
220 442
235 546
318 432
318 31
318 354
355 435
355 515
409 151
409 76
409 267
420 193
420 414
420 111
458 78
458 498
458 294
462 9
462 307
469 96
469 539
500 347
500 363
509 484
509 86
509 528
539 96
549 176
549 113
549 389
28 536
28 494
57 505
57 531
86 484
86 528
100 232
104 523
110 103
110 45
110 306
111 159
111 454
146 543
146 357
146 56
151 76
151 267
152 276
154 99
154 502
180 260
197 375
214 451
214 407
224 465
289 298
309 66
309 514
309 35
312 325
312 237
312 399
312 278
322 529
360 126
360 350
385 81
385 463
407 451
411 358
431 541
431 464
431 54
435 515
463 81
481 495
493 61
493 234
507 542
513 158
531 505
3 339
3 456
3 0
8 280
16 413
31 432
31 29
31 354
35 185
54 541
54 464
56 136
56 543
56 357
63 74
63 310
63 285
63 70
101 316
101 202
101 277
119 273
158 117
201 365
201 161
201 488
221 468
221 396
221 317
221 406
233 79
243 112
269 206
269 228
277 419
277 316
307 9
314 377
314 510
317 396
317 173
317 406
320 328
320 521
320 254
351 391
351 522
406 396
406 173
432 29
432 354
457 424
457 496
459 378
459 392
464 541
484 528
489 417
502 99
534 548
534 395
534 194
534 506
534 205
543 357
543 136
6 412
6 428
20 447
20 334
34 124
34 134
47 305
47 398
52 415
61 234
70 310
70 285
103 45
125 59
161 365
161 488
167 241
170 270
173 329
173 115
188 308
188 490
205 395
205 506
205 273
215 419
215 87
225 82
237 325
237 399
237 278
265 455
268 227
278 399
285 310
294 78
308 490
330 427
353 473
353 384
395 194
395 548
396 468
419 87
424 496
503 286
547 366
547 436
39 340
39 189
39 535
51 373
51 175
77 130
105 311
105 266
116 540
116 255
137 139
137 140
140 139
140 230
147 261
187 249
187 232
194 548
206 228
230 17
232 249
255 540
262 324
266 311
273 506
302 367
302 40
305 398
316 202
328 521
334 447
340 535
340 342
341 387
363 37
363 32
368 208
392 378
405 288
405 253
428 412
471 386
473 13
486 315
486 218
492 508
492 182
492 155
511 248
535 342
23 282
23 118
94 497
155 182
162 430
192 491
207 520
229 364
296 348
315 218
321 530
329 446
378 382
536 319
24 300
32 37
131 256
132 209
157 404
231 257
380 452
434 466
