n	R	alpha	T
855	13.2043	0.75	0
2	1.8613736888989498e+00	4.6124801198020577e+01
250	3.0616366480763211e+00	3.1230628372170031e+02
98	5.4449805551815773e+00	2.7818609160371125e+02
677	5.8060439306124145e+00	3.2960972310975194e+01
690	5.5496874165281502e+00	2.5375835001468658e+02
443	5.5096922043855372e+00	1.0104652494192123e+02
569	6.2272659725830097e+00	3.7680699527263641e+01
744	6.9291578979408470e+00	3.8260584231466055e+00
487	6.9882331505827802e+00	3.2209077911451459e+02
739	6.7717912653562351e+00	2.2296030619181693e+02
545	7.1895839760852729e+00	4.0283913044258952e+01
810	7.4998313179487033e+00	9.2054961277171969e+01
149	7.3779359058587533e+00	4.6717060608789325e+01
50	7.9520645973957116e+00	3.0104281911626458e+01
441	7.1243744835740115e+00	2.1917271198704839e+02
38	7.8760569255732138e+00	1.2301671607419848e+01
106	7.6839748892029656e+00	9.6840377887710929e+01
538	7.4377204461060051e+00	3.5294826010242110e+02
765	7.5306984824294991e+00	2.5517422797158360e+02
219	7.6150359979635880e+00	1.6995003322139382e+02
236	7.6596377404405098e+00	3.4301920479163527e+02
563	7.3829604950111500e+00	3.5099687148816884e+02
669	7.9797303123387175e+00	3.3410074967890978e+02
887	8.4645593471524254e+00	3.1517323432490230e+01
196	7.5174116623092067e+00	1.5365190379321575e+02
216	8.0922294513433961e+00	1.6543630108237267e+02
371	8.3541426628103963e+00	1.9221636001020670e+02
14	8.4120898689313641e+00	1.9238900659605858e+02
165	7.8967723745049367e+00	2.3440340353175995e+02
335	8.1409994359855506e+00	1.1171802174299955e+02
393	8.4226428257045018e+00	7.3322758264839649e+01
422	7.8792695371869490e+00	2.4480689266696575e+02
478	8.4072122546478241e+00	5.1819424638524659e+01
133	7.9018381789343586e+00	2.9267818978987634e+02
527	9.5692702554726079e+00	2.4635181706398726e+01
121	8.3537585789665858e+00	3.8651510998606682e+01
122	8.4559337697892705e+00	1.8353170014917850e+02
437	8.8141262228331971e+00	2.3532831201329827e+02
475	8.5745331132116540e+00	1.1000578106380999e+02
402	8.6322712427652082e+00	2.0311514829285443e+02
598	8.3747198794934565e+00	6.6511951563879848e+01
120	7.9867580330189201e+00	1.4267278376966715e+02
144	9.0589737979840290e+00	3.2990755434148014e+02
349	8.7216579792045170e+00	2.1072931674309075e+02
560	8.1753107169634607e+00	3.1064821989275515e+02
657	9.0677078497192962e+00	3.3118100197054446e+02
374	8.5507328556913844e+00	1.1309274916537106e+02
426	8.4311494439946362e+00	3.4513196540996432e+02
741	9.7995509617894729e+00	2.2503288052976135e+01
114	9.5820077603451832e+00	8.2930609490722432e+01
142	9.4532984269392095e+00	5.5201854240149267e+01
344	1.0118495164328094e+01	1.7034562435001135e+01
423	9.5965488199981834e+00	2.1022552379406989e+02
875	9.1579488899807355e+00	3.2671204294078052e+02
27	8.8838085599122589e+00	9.8297991855069981e+01
55	9.2990874547750035e+00	2.0372833027504387e+02
525	8.6365107232442053e+00	2.5599431497044864e+02
44	1.0177631632646518e+01	2.6411102721467614e+01
640	9.8398713927215979e+00	2.7420919798314571e+01
727	9.6179634413138935e+00	2.4115968100726607e+02
64	9.2112344339236767e+00	2.7557463859207928e+02
183	9.5927822181628635e+00	1.2832692548632622e+02
512	9.3860198008551396e+00	9.9169267471879706e+01
602	9.8469326266287140e+00	6.0511079113930471e+01
873	1.0231783668571744e+01	3.6506349379196763e+01
150	9.6973757138015468e+00	1.0596940987743437e+02
153	1.1080634409081133e+01	2.6628839252516627e+01
246	9.3126534391872635e+00	5.7142727170139551e+00
295	9.6258413789229227e+00	2.7822615508921444e+02
388	9.3852024884663923e+00	3.1674711769446731e+02
694	1.0386702532425820e+01	3.4179144557565451e+01
870	9.2898779711760042e+00	4.0786782894283533e+01
49	1.0485143375139733e+01	1.8892777788452804e+02
145	1.0231600802405362e+01	2.8150504656136036e+02
178	9.5887412773078875e+00	2.7512698050588369e+02
191	9.5812191311367929e+00	2.6208419049158692e+02
323	1.0161288752430941e+01	3.2058616261929274e+02
361	1.0611892026825538e+01	1.2944170947186649e+02
554	1.0430704650727080e+01	5.0267251739278436e+01
635	9.3666414336503383e+00	2.8475285810418433e+02
647	9.7731477049344750e+00	3.0504385152831674e+02
662	1.0674906369847013e+01	9.4053732203319683e+01
719	1.0503585709470475e+01	4.5178590361028910e+01
877	9.4779285687773100e+00	2.3923538999632001e+02
71	1.0559335515987760e+01	1.6127286585979164e+02
166	9.6607641657337293e+00	1.4286060696467757e+01
213	1.0446692772007342e+01	2.8267189012840394e+01
220	1.0890000587871050e+01	3.7940850080922246e+01
408	9.8624596323284859e+00	1.6451204664073884e+02
421	9.8110216681750462e+00	2.1725807307288053e+02
425	1.0302167474988005e+01	1.2996628945693374e+02
460	1.0372170964907603e+01	3.2017490940168500e+02
526	1.0046917736617933e+01	6.9645805601030588e+01
599	1.0273397674231479e+01	3.3145104400813580e+02
630	1.1579042400187356e+01	1.6174013642594222e+01
764	1.0624037950957081e+01	4.8295268956571817e+01
809	1.1234693626160196e+01	1.6875290013849735e+01
60	1.0166076612135489e+01	1.9204145743511617e+02
143	1.0393044410014598e+01	3.3738851733505732e+02
181	1.1124994734917147e+01	3.4350927975028753e+01
222	1.0495027858225585e+01	3.1884834992699325e+02
297	9.8319084143899502e+00	8.5755929443985224e+01
410	1.0250361908274522e+01	2.9376270194537938e+02
420	1.0615773617804807e+01	2.6472733019851148e+02
439	1.0439415744264252e+01	2.5887216967530549e+02
448	1.0635463438618208e+01	2.8000394543632865e+01
449	1.0742471319235110e+01	2.2150952347554264e+02
622	1.0981682014565402e+01	1.7087023342028260e+01
645	1.0506817186378600e+01	7.2528000539168715e+01
646	1.1101195617731946e+01	2.5938645022921264e+02
653	1.0220272784485262e+01	2.8224893585778773e+02
667	1.0892665945588123e+01	9.4055114379152656e+01
775	1.0916938688439849e+01	5.1734402552247047e+01
827	9.4020546552834201e+00	8.5031779194250689e+01
868	9.5563424439550619e+00	1.7578163523226974e+02
5	1.0029172197280404e+01	1.4276906141079962e+02
90	1.0318568551022032e+01	2.8330253060907125e+02
164	1.0734517842507293e+01	2.7336556772701442e+02
212	1.0872946306570936e+01	1.2764780416153371e+02
276	1.1049305532529145e+01	9.8604116979986429e+01
332	1.1198244669639591e+01	1.7388004325330257e+01
372	1.0764797989677662e+01	2.0782060079276562e+02
383	1.1084646754659291e+01	9.9304523896425962e+01
462	1.0646712947999296e+01	3.0520439296960831e+02
617	1.1076096097733439e+01	3.3658366561867297e+02
625	1.1128530683210796e+01	3.1731425930745905e+02
637	1.1006201724792163e+01	1.6769896122626960e+02
651	1.0238660569790911e+01	3.2159388195723295e+02
700	1.0567836948394353e+01	4.3975466648116708e+01
710	1.1194836686816290e+01	1.1279650186188519e+02
801	1.0950532897736707e+01	3.3593349689617753e+02
836	1.0947414254405691e+01	3.5360962486825889e+02
853	1.0429944033226199e+01	2.1719333846122026e+01
871	1.1055503447168105e+01	3.4158127798698843e+02
10	1.2045210775082175e+01	1.1277846467681231e+02
18	1.0587265444956882e+01	3.3808600617572665e+02
19	1.1046158214579842e+01	2.8022012477740645e+02
26	9.9195745506123192e+00	2.9865721128880978e+02
30	1.0113134979657703e+01	2.1350358604453504e+02
52	1.1134183342666482e+01	3.2776141673326498e+02
57	1.0646133738591985e+01	3.4435283716768026e+02
72	1.0576683141084004e+01	3.2116891267709434e+02
75	1.0805371932969116e+01	2.3482759614475071e+02
95	1.1285240403618127e+01	2.7465122418478131e+02
123	1.1335906383058557e+01	3.6768683670088649e+01
128	1.0423757182120797e+01	8.4104109965264797e+01
129	1.1503416760551714e+01	3.2960318522527821e+01
141	1.0549418270374426e+01	1.3028560183010995e+02
177	1.1433517547904762e+01	4.7616218877956271e+01
184	1.1410148584519595e+01	3.4310812186449766e+01
233	1.1534257013766430e+01	4.5549416989088058e+01
304	1.0769576714015669e+01	1.8802316450513902e+02
326	1.0699038520155240e+01	7.2075238293036819e+01
352	1.1406987268557851e+01	1.1295193729922175e+02
472	1.2090226483684662e+01	1.6141172004863620e+01
480	1.1710009789073469e+01	3.1929136552847922e+02
493	1.1342305468326650e+01	3.4163172572851175e+02
499	1.1232908607194439e+01	4.6010521072894342e+01
501	1.1229450577737047e+01	1.2830763177014887e+02
531	1.0826392258962777e+01	3.4387566187418997e+02
549	1.1187306886053603e+01	1.6665123095735905e+02
655	1.0897278255911692e+01	3.5307315775193280e+02
695	1.1187607959657695e+01	1.2832338991574943e+02
731	1.1021473359261146e+01	4.6264830781146877e+01
751	1.0528589602776025e+01	3.0112152359448373e+02
760	1.0987365027073679e+01	3.2144432147964841e+02
763	1.0180641956092254e+01	2.0225948573090136e+02
840	1.0774033774698758e+01	2.3837831298820677e+02
842	1.1418138988042026e+01	3.0473869183100760e+02
890	1.1240516911176435e+01	3.3548621926456690e+00
4	1.0646381808431290e+01	8.4992031455039978e+01
22	1.1657614694537493e+01	3.3408291684463620e+01
47	1.1570588689650604e+01	3.2521326167508960e+02
53	1.1436668804581236e+01	1.0761483991518617e+02
84	1.1458479726881782e+01	1.2835141807794571e+02
92	1.2139478719008919e+01	1.2791173076257110e+02
135	1.1262255620724147e+01	2.5826097671873868e+02
152	1.2450411685568616e+01	9.8872255152091384e+01
156	1.1028060957382984e+01	3.3793621125631029e+02
160	1.1301007717219070e+01	1.0752488742582501e+02
214	1.0535914068887923e+01	2.4954667132347822e+02
271	1.1674349050501858e+01	4.6870098486542702e+01
284	1.1368818544290685e+01	1.0756808063015342e+02
299	1.0930349719364720e+01	1.0123808093369009e+02
307	1.1216075693892719e+01	3.0492802175693214e+02
318	1.1345735578974574e+01	2.4233302046544850e+02
369	1.0539349493762264e+01	1.6493431619368494e+02
370	1.1826290423859801e+01	3.1943089907057583e+02
379	1.0980917321595193e+01	3.0290762233547866e+02
390	1.1136272758557061e+01	2.6099284356459975e+02
411	1.2596273078207821e+01	1.6492146765813231e+01
430	1.2146843877591907e+01	3.5357125016860664e+02
469	1.1662042168940253e+01	2.7803351984359324e+02
471	1.1866347120101770e+01	3.3156643020920455e+02
500	9.9572166208199899e+00	1.4641303455457091e+02
517	1.0878789701633197e+01	2.1003787117078903e+02
544	1.0561156662159688e+01	1.1518971752375366e+02
584	1.2862368280417618e+01	9.4296061741188169e+01
594	1.1149735175841792e+01	1.9486532815732062e+02
595	1.1051840246843797e+01	9.8171592336148024e+01
638	1.1966291394779338e+01	2.9637394901365042e+01
659	1.0987746375113311e+01	1.9132499598897994e+02
688	1.1988935768519640e+01	9.9210199490189552e+01
709	1.2680204318216616e+01	9.4317113729193807e+01
717	1.2160215524925214e+01	3.7187865916639574e+01
777	1.0862556399626591e+01	3.4372139068320394e+02
778	1.2011209273613765e+01	3.3030174988321966e+02
786	1.2999272233868600e+01	9.4398631090298295e+01
806	1.1502496051370718e+01	1.6193934668786824e+02
823	1.1229379084657046e+01	1.8782128569670022e+02
833	1.0670591899634177e+01	2.9176090070977813e+02
874	1.2574822460825489e+01	2.1057759247720242e+02
6	1.0964021307156811e+01	1.3964786647818985e+02
8	1.1971915860589691e+01	3.3679406614042819e+02
28	1.0840964853699314e+01	2.1327550951391462e+01
48	1.1543816101401427e+01	4.3016570555046208e+01
58	1.2499265258082147e+01	9.3952433299273238e+01
61	1.2028769574099057e+01	3.4197772809304291e+02
63	1.2029166402836429e+01	1.9461618304252625e+02
65	1.2372615925893156e+01	1.6324461009353399e+01
83	1.1800535564629499e+01	2.7476390060037374e+02
110	1.0860515834665499e+01	1.7009101490490139e+02
111	1.0556046432758022e+01	2.6739533775486052e+02
146	1.1220034072507625e+01	2.2187841941602525e+02
170	1.1674258562309639e+01	1.9145752066746354e+02
180	1.2587686111406997e+01	2.6733036283403635e+01
234	1.2253948125314928e+01	3.4201559057459235e+02
243	1.0947825441102802e+01	6.8853697227314115e+01
247	1.2048384273435252e+01	1.7895965427160263e+01
270	1.1987653648136190e+01	1.9140051836147904e+02
305	1.2188827959242039e+01	3.2539653458632529e+02
312	1.1393679555997542e+01	7.8725845199078321e+01
313	1.0273048558471766e+01	1.5869819590821862e+02
330	1.0626161020077936e+01	3.5570328396745032e+02
358	1.2877699768541788e+01	1.6438020123168823e+01
360	1.1600369931791930e+01	3.4848455526866019e+02
387	1.2160243615146987e+01	7.2170914029702544e+01
415	1.1775685547707672e+01	3.2746930137276649e+02
431	1.2139995973688118e+01	2.1072707475163040e+02
450	1.0973797618087188e+01	3.0160939235240221e+02
465	1.1645495078755337e+01	1.0136980421841145e+02
484	1.2148165285813725e+01	3.1692364920862019e+02
504	1.2538910796560588e+01	3.6722752097994089e+01
509	1.1303826766140789e+01	3.1653783640824253e+02
539	1.1816137391758339e+01	2.7777505648322403e+02
579	1.1813958909934497e+01	8.9109557652845979e+01
581	1.1025385265830378e+01	8.8891374785453081e+01
588	1.1147125190960431e+01	3.0369833637960255e+02
596	1.0607342211580130e+01	1.7757657621055841e+02
618	1.2082794795606048e+01	1.9176381980068984e+02
620	1.0646341747029899e+01	1.1837493368424474e+02
639	1.1599627063817946e+01	7.1987401144579053e+01
696	1.1608550343114757e+01	3.2759406466037035e+02
702	1.2553709742876320e+01	3.4198381301946938e+02
711	1.2189871987184235e+01	3.2576763320714235e+02
718	1.2642662875107520e+01	3.4201141747646034e+02
748	1.1386542781118472e+01	3.0943863742053509e+02
750	1.2219820966470907e+01	1.9167071647010741e+02
762	1.1573316649230959e+01	7.8516067285090685e+01
791	1.1833041031601704e+01	2.2093908257782456e+02
796	1.1578169284352995e+01	3.1754412101581696e+01
798	1.2247591927369404e+01	2.6087359925732017e+01
815	1.0878912989605183e+01	3.2644507840275764e+02
816	1.1773732969604545e+01	2.7780159308575094e+02
821	1.1374243631201152e+01	1.1865886906161904e+01
858	1.0690749709846775e+01	1.6956162597052753e+02
881	1.0977787369305767e+01	1.3837740104645491e+00
897	1.2413937354832797e+01	3.3154099666513503e+02
7	1.1787722990698080e+01	2.4110857453197244e+02
9	1.2379860741481680e+01	3.0467193055897951e+02
12	1.1088210656096239e+01	1.5964304175227880e+02
31	1.2051280495333366e+01	2.4179547300562263e+02
46	1.3076459357927988e+01	3.4622013224288821e+01
51	1.2687814195691217e+01	3.3007008036598569e+02
54	1.2257531568211656e+01	2.1038008457981053e+02
56	1.2464457213611807e+01	2.2101779459975660e+02
89	1.2570594786553157e+01	2.6565123964101076e+01
154	1.1368602226079346e+01	5.4769376618787646e+01
162	1.2566858410581688e+01	3.5343238860368723e+02
186	1.1014385620801244e+01	3.3516465425491333e+02
224	1.1784540470743950e+01	1.0133163562975824e+02
235	1.2521262817597195e+01	1.1289989892393351e+02
238	1.2090484778355497e+01	8.9532071957364693e+01
240	1.1665334909806043e+01	8.4696597615256906e+01
260	1.2820760016348864e+01	2.6900601424276829e+01
265	1.1696411459060004e+01	9.5113189509138465e+01
277	1.2068869850501294e+01	3.5999018512666225e+00
309	1.1652696511216844e+01	5.0140817770734429e+01
322	1.1266207662819605e+01	1.1492056514136493e+02
341	1.3135596639620063e+01	7.2097706068307161e+01
355	1.1786707107118927e+01	2.8041200707666576e+02
357	1.2128273839530557e+01	2.2149537591263655e+02
373	1.2812943612832031e+01	3.3029938694089651e+02
386	1.2821027763720574e+01	3.3160808843560517e+02
394	1.2508568499385154e+01	3.1901853298768401e+01
395	1.2977888500452574e+01	5.9648270476609476e+01
398	1.2309568689545365e+01	3.2529667208902538e+02
407	1.1444302982022405e+01	2.4998646684922278e+02
409	1.2074847725949832e+01	1.3005889641121030e+02
435	1.1990681339075062e+01	2.8062006770633161e+02
442	1.2379391947710202e+01	3.8236062722280629e+01
481	1.3002385600930026e+01	3.1926309278234839e+02
495	1.3110167397199788e+01	3.1913981418125331e+02
523	1.3066099778401330e+01	2.7508462012745440e+02
528	1.2144863286729247e+01	3.1667615809477871e+02
543	1.2161496168224646e+01	2.2087950241751972e+02
546	1.2835355674477208e+01	1.1268527015112340e+02
548	1.3183268731973977e+01	5.9678703323006630e+01
551	1.2342425058822228e+01	1.3351668510586023e+01
558	1.2856066061320902e+01	1.2798298037610948e+02
559	1.0488287462293364e+01	1.4284767963923514e+02
587	1.1818132596214960e+01	1.2992288628593087e+01
603	1.1254959249042857e+01	2.4687129112891853e+02
607	1.2416628529318094e+01	2.5014427620917559e+01
616	1.0760124794091256e+01	1.4656703090295196e+02
626	1.2525359563418021e+01	2.9266406938433647e+02
641	1.3070629497532691e+01	3.2128698670305312e+02
668	1.3006222588127507e+01	3.5354001148603862e+02
693	1.1298047933815733e+01	1.8971085182391107e+02
699	1.1538880334543807e+01	7.2470596153289080e+01
705	1.2122197224960232e+01	2.5093030091375113e+01
715	1.2132875516202356e+01	1.6204965773038569e+02
730	1.2326976803322440e+01	3.1557457158342004e+01
733	1.1364970580351857e+01	3.4663361353799701e+02
749	1.2911236037062601e+01	2.2125338743440804e+02
773	1.2004163041474440e+01	5.2209436688572175e+01
776	1.1692849969647403e+01	1.1194836046546698e+02
779	1.1309708847398255e+01	3.0547703021205962e+02
780	1.2005602309368316e+01	1.8909783722832799e+02
782	1.1686620083343369e+01	5.2676917053759098e+01
785	1.1897026388458999e+01	1.0153330489061774e+02
794	1.1452155445382601e+01	9.2740401551127434e+01
813	1.1777917848194717e+01	1.9496578870341182e+02
831	1.2626482592500887e+01	5.9627730706706643e+01
832	1.0841829976042961e+01	2.0049755285494027e+02
847	1.0634615324367152e+01	2.5634358937852085e+02
854	1.2199372923830675e+01	3.8441599812358622e+00
880	1.1909370123402384e+01	3.2755670417100198e+01
883	1.1767585104984342e+01	2.3325266595929861e+01
889	1.1807235711995638e+01	2.3353914683684707e+01
1	1.2766900100476162e+01	3.3572065003216261e+02
16	1.2039188005140034e+01	1.6459373130463064e+02
35	1.1666479525335999e+01	5.1163247851654887e+01
42	1.1509420101303888e+01	1.6060842024162412e+02
66	1.2657943930612229e+01	5.0387803288176656e+01
70	1.3068816915213276e+01	1.9468374897725880e+02
86	1.2073205732817980e+01	3.1728305842727423e+02
91	1.3135151987190376e+01	2.3064237702637907e+01
96	1.3068783863489095e+01	2.7777419834397733e+02
101	1.2350446665945315e+01	3.2428783737123013e+00
104	1.3076370789911950e+01	2.7525332537479699e+02
113	1.2722669947159583e+01	1.6715214271098372e+02
119	1.0424804410119849e+01	6.2020208509638906e+01
148	1.2430592518519468e+01	2.3555655777454373e+02
151	1.3159896064983363e+01	1.2989331174641848e+02
163	1.2954202929542774e+01	3.2148763622157276e+02
167	1.2243278068260976e+01	2.9299549025483429e+02
168	1.2537230521437058e+01	2.7452632955275476e+02
188	1.2344393520736689e+01	3.0227227608673275e+02
197	1.1270171251007165e+01	2.6228066280484200e+02
201	1.2423275355839110e+01	7.3263714378699675e+01
232	1.2904432483505795e+01	2.0774434785358608e+02
237	1.2508678462832199e+01	7.8621564600616693e+01
245	1.2549708111887648e+01	1.7329246345907453e+01
261	1.3000561030752271e+01	1.3129092771559955e+01
267	1.2142325383935658e+01	1.2953382985666394e+02
269	1.2018282673801011e+01	8.3407429140061140e+00
283	1.1459863415658539e+01	5.9265952091664076e+00
285	1.2995244701897450e+01	1.9465903401374814e+02
296	1.1907056878504791e+01	2.5404557143338025e+02
301	1.3026171737366104e+01	2.6324392100796107e+01
308	1.2506498843837170e+01	3.0196058713831007e+02
314	1.1011132981927581e+01	1.7290014588274059e+02
325	1.2217808085941700e+01	7.8299718797206879e+01
405	1.3132424775122033e+01	2.9827966187149286e+01
419	1.2580848964756983e+01	4.0609142370522022e+00
428	1.1965459851338686e+01	1.3936875388026237e+02
432	1.2220408066487126e+01	2.4153552453964951e+02
433	1.2209014724837248e+01	3.1052355961874127e+01
455	1.2787971902256118e+01	9.5237752469256506e+01
459	1.0868914702304309e+01	1.7629185936413705e+02
463	1.1430384137038429e+01	2.3318058771081272e+02
464	1.2938199336330293e+01	2.1080831718631089e+02
479	1.2337722378173451e+01	1.1008736640214919e+02
490	1.2325450839319442e+01	3.0198162646964192e+02
494	1.1883463156805554e+01	2.1401667259633541e+01
503	1.0879138428432016e+01	3.0833030280657113e+02
505	1.2027256972739680e+01	3.4312356149777776e+02
507	1.0955913328327037e+01	1.5818559718318284e+02
511	1.1800876522787696e+01	1.4369522323831916e+02
513	1.1238239336740818e+01	1.8590844562277198e+01
514	1.2658562183942122e+01	4.9937263252213597e+01
515	1.2272838227410702e+01	2.8030982606112957e+02
519	1.3199917597485857e+01	3.8758994489908225e+01
529	1.1898247648938563e+01	1.1514560792595148e+02
534	1.2946553213856797e+01	5.9770252732560039e+01
540	1.2258883124566895e+01	7.5359676992520690e+01
541	1.2784854527782167e+01	2.1070159535855052e+02
547	1.1685094128172722e+01	3.5781763798557222e+02
555	1.1653684482805174e+01	6.5055444929748774e+00
561	1.2330119455416126e+01	3.3561258265748620e+02
573	1.2628211711171906e+01	1.6491634262725708e+02
575	1.2474593532045388e+01	8.9374040979892015e+01
580	1.2996694875594459e+01	3.8778455089777704e+00
583	1.1552253211371040e+01	2.2167480907402935e+02
585	1.2072103402046677e+01	1.8873932512477040e+02
604	1.1108737086234513e+01	2.1664956961758435e+02
613	1.2220293194421009e+01	2.4468711158260703e+01
624	1.2828353438546264e+01	3.2516319975256920e+02
633	1.2065304879146643e+01	3.3315342086367309e+02
642	1.1879365645463080e+01	2.5954968770965934e+02
660	1.2352584396131888e+01	2.1027593691833314e+02
663	1.2409878578411108e+01	1.6175361477769911e+02
665	1.2836968288440696e+01	3.0453232409432530e+02
678	1.3113084923921859e+01	9.4067338462918983e+01
704	1.2161365780134295e+01	1.6712388471700251e+02
724	1.2292664004064585e+01	3.3798576414585114e+02
728	1.2462492895842326e+01	2.9260717730037868e+02
729	1.3125673325423989e+01	3.3049406502395868e+02
742	1.1694131433349291e+01	1.5808300411328673e+02
769	1.2298933744822923e+01	7.8339994847774506e+01
792	1.1727425018166137e+01	1.1230772417038679e+01
797	1.2392920800159741e+01	3.0997553134337068e+02
807	1.2542719619349109e+01	3.3691085832193494e+02
817	1.0626641969438815e+01	2.0335233922116458e+02
828	1.2591763843411686e+01	5.6451669763773680e+01
851	1.2673525157559119e+01	2.9294432753697038e+02
861	1.2193917131629924e+01	3.3195963031612331e+02
895	1.1858401189708841e+01	2.6562528608366847e+02
899	1.1823468227131775e+01	8.2230386640876532e+01
3	1.1609590478023362e+01	3.5965458554215735e+02
11	1.2700292833081866e+01	1.8883733857423067e+02
20	1.2908001790335364e+01	2.5774938390590250e+02
36	1.2702783598091598e+01	2.8199321011081338e+02
41	1.2817456710699728e+01	1.0745830745436251e+02
69	1.2493028610299669e+01	3.1792516979388893e+02
74	1.1974967508829328e+01	1.9383289008401334e+02
76	1.3103925748985178e+01	1.3005396843887866e+02
79	1.2777359257199556e+01	4.5473357085138559e+01
99	1.2560800491301178e+01	5.5054736081510775e+01
100	1.1712685689540820e+01	2.0830821549519897e+02
103	1.1832140665732787e+01	1.6943068983033299e+02
105	1.2574159029725019e+01	1.6826136672869325e+02
109	1.3200679012749561e+01	2.5229338109493252e+01
112	1.3111217601789489e+01	6.9104187386110425e+01
116	1.2827593680101302e+01	7.5084590977057815e+01
117	1.3097464818911428e+01	1.7749528465792537e+01
125	1.2379896205283510e+01	8.3433046834543347e+01
136	1.2918549818539743e+01	2.2066131250932813e+02
147	1.2753254245848828e+01	1.2959796851500871e+01
161	1.2263474976646949e+01	7.3568924702703953e+01
171	1.3188988993647436e+01	3.9360982943326242e+01
172	1.2477460922275602e+01	5.2571787703782320e+01
175	1.2812402191771804e+01	3.2991973299533129e+02
182	1.2825610472621880e+01	5.8393984045833356e+01
187	1.2608155057115447e+01	2.0757031842134893e+02
192	1.2793907660096352e+01	1.8818518493324518e+02
194	1.3075314888589867e+01	5.9546200605109327e+01
204	1.1949009873010509e+01	1.0602415678091347e+02
205	1.2242306213139535e+01	6.0102573316544294e+01
206	1.2532784083542154e+01	8.6765850707888603e+00
215	1.2295201367579034e+01	4.5765598677098751e+00
221	1.1734616069080317e+01	1.8110732752829790e+02
249	1.3091061361713054e+01	2.0768542701378465e+02
253	1.3168834915781988e+01	2.9611766980960962e+01
266	1.2671917145367820e+01	1.6825582972727713e+02
272	1.2571074276315365e+01	2.0212522516027093e+02
278	1.1779153472482420e+01	7.9151867330074296e+01
279	1.2902820931304065e+01	1.1504238881170750e+01
286	1.2352106207464416e+01	3.0955808498896658e+02
288	1.2460669099946749e+01	3.0076684830710288e+01
289	1.2790414653491567e+01	1.5938027026131751e+01
292	1.2452188121498915e+01	2.4131538290530443e+01
293	1.2185482734849204e+01	2.9223774491809309e+02
298	1.3181145674620863e+01	1.5990459099411963e+01
310	1.3087724623264331e+01	1.9450964218005538e+02
311	1.3077984514084045e+01	1.6815071345306930e+02
316	1.2782102572891359e+01	3.2085647899657483e+00
317	1.1112382936984901e+01	1.8196701508015394e+02
320	1.2034528652386337e+01	5.6728666182607419e+01
321	1.2559806787724531e+01	2.1783716501668098e+02
328	1.2392648180917710e+01	5.6238059811294079e+01
331	1.2823434330202323e+01	5.2089086389169097e+01
334	1.2882030069780702e+01	2.5751864972524345e+02
351	1.2787841067936329e+01	1.0939623397774994e+02
353	1.1393425535159620e+01	8.1526180962100639e+01
354	1.2593149097605895e+01	2.4204044141806659e+02
365	1.2602186635162219e+01	7.3100823741406202e+01
381	1.2481667326019569e+01	9.7157264873385429e+01
384	1.1344119030332656e+01	8.1140571339055896e+01
385	1.1419627707464572e+01	2.3283140910789368e+02
397	1.2820469449708630e+01	2.8352916260249913e+02
399	1.2385132695595784e+01	7.9028672045096755e+01
401	1.2913345962065167e+01	9.2809041542932391e+01
403	1.2746502665749214e+01	4.7674668235704303e+01
413	1.2722636146577798e+01	1.6506834416650236e+02
438	1.2862497588382226e+01	1.3474058378487825e+01
445	1.3071765309994460e+01	3.2045986946672201e+02
447	1.3086223374803154e+01	2.5765485615469515e+02
453	1.3190793508477491e+01	3.1002827086485922e+02
458	1.1355464197144590e+01	2.3006123067811131e+02
467	1.1442138755233378e+01	2.8787802949547768e+02
473	1.2312567739749895e+01	8.2297731377184377e+01
489	1.1649167709785168e+01	2.9505767673254019e+02
492	1.2068162935479277e+01	5.8297643791884184e+01
502	1.1661659009852682e+01	5.4416173696517944e+01
521	1.2510678870772788e+01	5.6157298665493734e+01
537	1.2217085269002899e+01	1.1827901688404383e+02
553	1.2180170728666006e+01	3.1327655741013587e+02
556	1.2292184681599231e+01	2.4829702092334625e+02
574	1.2677687275115282e+01	2.9262788831256330e+02
590	1.1637120428904455e+01	3.5153315386734903e+02
597	1.1904085231227230e+01	2.6421947688795632e+02
605	1.3089219496427866e+01	2.3578601195476952e+02
608	1.1619190676080649e+01	1.7058135724626484e+02
611	1.3098088176583710e+01	3.6259652534499764e+01
628	1.2605562904558232e+01	1.1035822416655719e+02
631	1.2787618540531765e+01	1.2964775668457150e+02
644	1.2264410256058838e+01	2.0752150909043849e+02
649	1.1416454050962720e+01	2.1831903845071793e+02
650	1.1831363820861645e+01	3.2409826311282814e+02
656	1.2460474859575227e+01	2.4716274482198057e+02
658	1.2885116681365760e+01	2.4982546968385581e+01
671	1.2428654351701695e+01	2.5364239200018346e+02
673	1.2836179406560383e+01	7.5164666734635830e+01
676	1.1498161405604691e+01	1.4961747745983303e+02
679	1.2999913580133226e+01	8.2387658385559916e+01
698	1.2390579127902228e+01	6.9273918997496367e+01
712	1.1663307568463784e+01	1.4579564418643713e+02
713	1.2581613603855301e+01	2.5429231957532465e+02
720	1.2088347271825340e+01	4.7237008083611727e+01
743	1.3130458385574302e+01	3.0958724345080554e+02
745	1.2944112123101918e+01	3.0657555414363738e+01
755	1.2998055857058835e+01	2.3563655591569841e+02
756	1.2043248906613742e+01	2.1916180277243257e+02
758	1.1976018952056315e+01	1.3917550683952868e+02
759	1.2295411860081783e+01	1.9309828634373844e+02
766	1.2758771286393243e+01	5.5156830009073012e+01
770	1.2893061537515528e+01	3.2574447870254517e+02
771	1.2720652033477107e+01	2.2777730841189623e+01
774	1.2625367337079375e+01	2.3455624711699784e+02
784	1.2601561865381571e+01	1.8895398097112775e+02
787	1.2566064759425203e+01	1.6451212693937123e+02
788	1.1367055437440932e+01	1.4256115727126598e+02
793	1.2723723147603309e+01	2.2575666625052691e+01
802	1.2490283506307309e+01	8.8917607292532935e+01
804	1.2128187160203140e+01	2.0177262280136350e+02
824	1.2062444234639630e+01	1.9350468912161887e+02
825	1.1885717103409647e+01	5.8743563303723931e+01
846	1.2538737962938937e+01	2.8720399271696802e+00
849	1.1585633585011720e+01	6.8594192918390021e+01
850	1.3002636291434735e+01	3.0999300166033214e+02
852	1.2595615057952047e+01	2.5964088222943246e+02
855	1.3186230539451536e+01	3.5380656992085284e+02
860	1.2444677561921495e+01	2.0207745049148798e+02
862	1.2073038444775092e+01	2.3432421399280429e+02
863	1.2521617579213263e+01	2.2872943226248026e+01
879	1.2667273191022096e+01	2.9321104288101200e+01
884	1.2898908081068631e+01	2.7537589754909277e+02
888	1.2618064849407025e+01	4.6852161549031734e+00
893	1.2197108085938924e+01	2.1588919362053275e+02
24	1.3028345041846555e+01	3.1140728831291199e+02
29	1.3031009622018248e+01	2.4139009483158591e+02
45	1.2133484363635892e+01	1.6892586892470717e+02
59	1.2728283258526142e+01	8.3165551722049713e+01
67	1.2319306981459043e+01	2.8526528852060437e+02
77	1.1796201940484933e+01	2.0556308235973120e+02
80	1.3038825939475153e+01	2.4847365226596594e+02
81	1.2574826297469498e+01	2.3318978249095377e+02
87	1.3156533907918034e+01	4.2009099572896957e+00
97	1.2463439513977505e+01	1.0848978018388151e+02
102	1.3042798561210262e+01	2.5525530804879966e+02
107	1.3106695097192464e+01	2.9940933220088482e+02
115	1.2830396935763721e+01	1.8296911351382735e+02
126	1.2414068502025678e+01	3.4836045322939748e+02
130	1.2491218776560608e+01	2.0522399682551622e+02
139	1.2815595085768079e+01	1.5401254867203534e+02
140	1.2422286035149527e+01	1.5421766742132604e+02
155	1.2809701123822606e+01	5.8182670651003725e+01
173	1.1914853640208783e+01	1.8316394590772688e+02
185	1.2914661414489297e+01	5.1574682453647249e+01
190	1.1425328102872271e+01	1.1682630012743175e+02
199	1.3134487761148939e+01	1.4314005970023572e+02
200	1.3136116068156198e+01	3.3307203887030477e+02
202	1.3086706932516490e+01	2.8809758741408582e+00
203	1.2612536953821831e+01	3.3348625601269299e+02
210	1.1965544705508634e+01	2.1931451576761901e+02
223	1.2922484351162701e+01	1.9237584122456613e+02
225	1.3121913385480612e+01	1.2765048712491989e+02
228	1.2979300196184353e+01	8.5982734523713589e+00
241	1.3053211188721891e+01	2.9343602062202990e+02
252	1.1902308490536422e+01	9.1692989040166140e+01
262	1.2829724651196505e+01	2.8418394288048148e+02
263	1.2725038443325476e+01	3.2419027696363628e+02
264	1.3010103527036629e+01	1.6787926107645037e+00
268	1.1921714312011412e+01	8.6478347741067424e+01
273	1.2079902667117230e+01	6.0419087558984764e+01
275	1.2685780755274083e+01	2.4648764689452949e+02
280	1.3033824068190370e+01	3.3655399116687477e+02
281	1.3069466138218488e+01	2.8155312708579009e+02
291	1.2857335967803051e+01	6.9547505490481853e+00
294	1.1776599123247875e+01	2.2906462088227272e+02
300	1.2926378575686774e+01	3.1143226906657219e+02
302	1.2706492040581360e+01	2.3771948274224999e+02
306	1.1786222892422954e+01	1.7105498548597097e+02
324	1.2321810582643716e+01	2.8453446786850697e+02
333	1.2330811398924959e+01	3.2366303991526365e+02
336	1.1703339157624507e+01	1.4145849628373983e+02
337	1.3023060867918765e+01	2.9082142682746056e+01
339	1.2378929811338820e+01	3.6478076130151749e-01
340	1.3013382533519218e+01	2.2486697282642123e+02
342	1.2950057121895776e+01	2.2504017228260636e+02
345	1.2632620024066947e+01	2.6041131064295769e+02
348	1.2906120275387591e+01	2.5356061002239588e+02
368	1.2348846753693620e+01	2.9126780658960342e+02
375	1.1866297861044449e+01	2.6140983729623258e+02
380	1.2115538742308436e+01	1.9998991336673498e+02
389	1.2302704359877771e+01	1.6769077319651842e+02
396	1.1917918164557468e+01	1.8107875169254837e+02
406	1.1194539888380726e+01	1.8206143948249519e+02
417	1.2075313976750737e+01	2.9439662000164390e+02
427	1.2829334924241158e+01	3.5529941294342279e+02
470	1.3079650345259386e+01	4.4740814538672566e+01
474	1.3120180715341194e+01	3.0329508637078106e+02
483	1.2710001512204997e+01	9.6151518216356635e+01
486	1.1554525374861491e+01	1.2003813511691988e+02
488	1.2470569385353969e+01	7.3613896714523449e+01
491	1.3087870546661064e+01	1.8820657202973962e+02
506	1.2933735982942773e+01	6.0052974661812179e+01
516	1.2329949103454995e+01	6.4099208079278469e+01
518	1.2456534837564133e+01	3.3412457574158901e+02
535	1.2593807803813094e+01	2.2493054863996804e+02
542	1.2193810484356725e+01	1.5832370395772159e+02
550	1.1761024216033796e+01	2.2878617824986577e+02
566	1.2137505818701039e+01	2.0799876778386530e+02
567	1.3085515816217820e+01	4.8458214914426215e+01
571	1.3002119539960587e+01	2.0317119489423931e+02
576	1.1479019223826418e+01	1.5219566294923425e+02
577	1.2432527473368546e+01	2.9002007606439292e+02
589	1.2851096615145865e+01	1.6198789886198938e+02
601	1.2906389134918591e+01	2.4842713077552617e+02
610	1.2095484438507206e+01	2.2244344065897167e+02
614	1.0445432803186014e+01	1.3531795701943338e+02
615	1.3171925484475766e+01	2.7822039563208818e+02
619	1.1996661850803806e+01	1.6070772760547698e+02
623	1.2617368579005857e+01	1.6149870584718883e+02
629	1.2516843011823665e+01	3.3417610290460283e+02
632	1.3129268677100322e+01	2.7366329217329618e+01
652	1.2885854164511779e+01	2.1613673997111621e+02
654	1.3185062534964723e+01	2.8380117405205965e+02
661	1.2802966065112242e+01	1.3918771231546998e+02
664	1.1165237147991855e+01	1.9713292180560529e+02
666	1.2771686271562205e+01	2.9368629251606762e+02
672	1.1993421274915882e+01	2.3368840497918424e+02
680	1.2782587745950361e+01	2.9931869273073971e+02
681	1.2323958308009656e+01	1.8965307385660711e+02
682	1.2741926248898588e+01	1.1771822590380905e+01
683	1.2873913571377164e+01	2.7390355180017650e+02
689	1.2723606813929470e+01	2.2262428617104888e+01
703	1.1702418639475226e+01	1.4434332791715860e+01
707	1.2067767053623752e+01	2.1548896637745202e+02
722	1.2535359335621488e+01	3.1322941716760397e+02
723	1.2850210318585217e+01	3.5535659261047840e+02
735	1.2383429075020919e+01	3.4099751740694046e+02
757	1.2696874768953558e+01	2.4504395518451929e+01
761	1.3156739600362542e+01	3.3815926275216043e+02
767	1.2441932028647194e+01	9.1675272211432446e-01
768	1.2897695887683561e+01	5.0412812456488618e+00
781	1.3170803313482438e+01	3.4838647451251745e+01
790	1.2088214886080451e+01	2.1627107262611389e+00
800	1.3046471781232482e+01	2.9180511457845574e+02
812	1.3119606089829361e+01	1.0589491655118763e+02
814	1.2872571652156106e+01	2.7382868221029639e+02
826	1.1824800905159153e+01	2.2970793991349638e+02
834	1.2317456951718233e+01	4.9084240235388279e+01
837	1.2177240055676931e+01	3.3931618122383946e+02
839	1.2272943036613897e+01	2.4951135015115142e+02
843	1.2978972668919184e+01	1.9981643764302132e+02
848	1.2305577190417225e+01	1.8305145506747067e+02
856	1.3133479922099541e+01	2.1899146405979988e+02
857	1.2619830085760897e+01	4.2554570361971855e-01
859	1.2607458498169459e+01	1.9403473243117332e+02
869	1.3192665940991191e+01	2.2577608963474631e+01
872	1.2056477732772366e+01	2.7067885838449001e+02
882	1.2815386632265783e+01	3.4467396698892117e+02
891	1.2091120968349209e+01	3.4995733587071300e+02
892	1.1922986017904163e+01	5.3582273740321398e+01
13	1.3030971564796404e+01	8.2647799216210842e+01
15	1.2671278469401841e+01	3.2902632806450129e+02
17	1.2428143872177790e+01	1.5505148523487151e+02
25	1.3055773832285324e+01	2.9849288784898818e+02
33	1.2365804683901516e+01	7.1118321670219302e+01
34	1.2713183135276225e+01	1.0426667176187037e+02
68	1.3128261768035534e+01	1.0728489635512233e+01
78	1.2822164094881346e+01	2.2962113231420520e+02
82	1.2822395499365433e+01	1.2741807304322720e+02
93	1.2474340081598976e+01	3.3906130121089512e+02
127	1.2975026559106297e+01	1.0019478335045279e+02
134	1.2907815485189323e+01	1.0431360061280428e+02
137	1.1941651212812715e+01	1.5368753652088344e+02
138	1.3008656828577566e+01	2.7067426895722747e+02
158	1.3163672294450555e+01	1.8006510408595204e+01
169	1.2452172752090142e+01	1.6390168919228014e+02
176	1.2668821342331066e+01	1.6637490534223616e+02
179	1.1879113641277831e+01	7.6584130134433508e+01
195	1.3110326126909731e+01	2.4734098758548501e+02
207	1.2406149878462186e+01	1.6272057836875322e+02
208	1.3102016751379901e+01	2.9100194787606597e+02
211	1.3154352348196525e+01	1.2545180730521677e+01
226	1.2482668122764181e+01	3.2266088951379061e+02
230	1.2168690767477280e+01	1.5478844275698066e+02
239	1.2918971509100201e+01	3.1096864781342447e+02
248	1.2688272298478205e+01	1.4378950489684939e+02
251	1.3172902567840772e+01	2.8301840529777110e+02
254	1.2533678564328158e+01	5.6792158680036664e+01
255	1.2953985663021177e+01	7.5417437106370926e+01
256	1.2465835539387079e+01	1.5025780566036701e+02
258	1.1533591731476699e+01	2.5195825089700520e+02
259	1.2493660969967534e+01	2.5110341847874227e+02
287	1.2910358079975959e+01	6.6641148962080479e+01
303	1.2453678705157586e+01	6.7456288626417518e+01
315	1.2279080970279290e+01	1.1998234994709490e+02
327	1.2570831730149441e+01	2.4495842406526208e+02
329	1.2638406233669741e+01	1.8372995747253296e+02
346	1.2735424836610617e+01	2.7333072029985487e+02
347	1.2545802658098827e+01	1.4626954835839570e+02
359	1.3191489051729144e+01	1.6059582198970020e+02
367	1.2397688320724832e+01	2.3731198746711016e+02
376	1.3006809723274865e+01	2.8988490211777389e+02
377	1.2714724891276825e+01	1.7282265359535810e+02
391	1.2904433578030817e+01	1.0903367551043630e+02
392	1.1587357442865752e+01	1.7604262833483514e+02
412	1.2911690567229684e+01	1.3961800402030349e+02
414	1.2849230738716628e+01	2.6486356236040587e+02
416	1.2981061964369665e+01	9.9865967659279704e+01
418	1.2946184421029349e+01	2.3627370938658717e+02
429	1.2815268243895252e+01	3.0102480204775929e+02
440	1.2563753693691995e+01	2.4772179638966921e+02
446	1.2900023655649285e+01	1.8381575044244531e+02
452	1.3072365157970642e+01	1.9982136687263846e+02
477	1.3050416507868283e+01	2.3401929150335491e+02
508	1.2732312589107613e+01	5.7749899914488196e+01
510	1.2464692830818320e+01	1.7224212407134470e+02
522	1.3171851063561022e+01	1.0951589721255004e+02
530	1.3170977855384622e+01	2.1761280208826065e+02
533	1.2851427328945499e+01	7.0520962458103895e+01
552	1.2829387872296969e+01	9.1178738661110401e+01
557	1.2677985219198654e+01	3.1358799926005304e+02
562	1.2923304298429544e+01	1.6227320417761803e+02
564	1.2675253910548527e+01	2.5125736378133297e+02
568	1.2618331880062611e+01	2.9077165198512375e+02
570	1.2238014169488595e+01	1.2078406440094113e+02
582	1.2815950440090637e+01	8.9953078860417008e+01
592	1.2810860763145357e+01	5.8712192522361875e+01
593	1.1194322981033530e+01	6.5733943898230791e+01
612	1.2740219609630214e+01	1.0177020924165845e+01
627	1.2818815099056030e+01	3.4568194264546037e+02
648	1.2301144859736953e+01	2.0467951836995783e+02
674	1.2760601012814684e+01	2.6800973016768700e+02
675	1.3187248246633397e+01	3.5197842763736850e+02
684	1.1896261836897269e+01	1.5241447999142110e+02
686	1.2821830622600132e+01	2.5244599702768028e+02
687	1.2552275964951809e+01	2.1513525249436495e+02
691	1.2864257559847026e+01	1.2894989853724837e+02
692	1.3058468364432967e+01	2.6036540279164910e+02
697	1.3038406916329626e+01	6.4319895794615149e+01
716	1.2880605635042842e+01	1.6667871722951531e+02
721	1.3077510246713883e+01	5.7753859106451266e+01
732	1.2984348726167497e+01	2.6476694843731821e+02
734	1.2730125553256267e+01	2.0416728811338544e+02
736	1.3134234817423733e+01	3.0849268139339983e+02
737	1.2576245926329214e+01	2.5325975384563210e+02
738	1.2968594130937030e+01	6.4841926172375679e+01
746	1.3005054469070251e+01	1.5434956203214824e+02
747	1.2109269299617090e+01	2.1148730297572911e+02
752	1.3104414959810248e+01	2.6786204975098372e+02
753	1.3057803946759833e+01	1.1803223798051475e+02
754	1.2257455605860846e+01	8.8089201254770160e+01
772	1.2869326354499252e+01	1.0522767473012208e+02
799	1.2995959478682479e+01	1.1836120286956429e+02
818	1.2760306824232339e+01	6.1717265155166388e+01
820	1.2706654832878925e+01	2.6971110144630075e+02
830	1.2553096347091568e+01	1.8095641111023721e+02
835	1.3026737021025271e+01	2.7912670684978366e+02
841	1.1775633091822243e+01	2.9807194230146706e+02
844	1.2907315132840196e+01	2.4236864623613658e+02
864	1.2987537378152723e+01	1.0980942467227578e+02
876	1.1529139186262617e+01	2.3158588914200661e+02
878	1.2735429285736059e+01	8.1001339964568615e+01
896	1.2863420273970783e+01	2.2915450388565660e+02
898	1.3047588803408003e+01	2.4270188237540424e+02
0	1.2038284320577814e+01	3.5898653092794120e+02
21	1.3161253331712011e+01	2.8899270116351545e+02
39	1.2820977826851861e+01	2.2465079398825767e+02
40	1.3189319255212835e+01	2.3782886087894437e+02
43	1.2888775261022358e+01	7.9964837422594428e+01
62	1.2718035813370308e+01	1.7750145365484056e+02
73	1.2919022310656052e+01	1.3593036426231265e+02
85	1.3057679316982830e+01	2.7100380607880652e+02
124	1.3003220825208325e+01	1.0393841975368558e+02
131	1.3163089086157049e+01	1.5045355377718806e+02
159	1.2982601454387874e+01	2.6674400059506297e+02
174	1.2409542397715585e+01	7.7634099125862122e+01
189	1.3100038262200021e+01	2.2438516125082970e+02
193	1.2859572123261190e+01	2.6525212643668050e+02
198	1.2560008432541556e+01	2.7228074049577117e+02
217	1.3133017358584526e+01	3.4607421261258423e+02
218	1.2951199555791709e+01	1.2030667939223349e+02
227	1.3032055976612646e+01	8.6936089089140296e+01
244	1.2886492870595381e+01	2.1198237698525190e+02
274	1.3168860296636298e+01	1.5158691239543259e+02
290	1.2329937906712091e+01	1.5977087398990989e+02
319	1.2990204271888876e+01	1.9965355731546879e+01
343	1.2994023867331725e+01	1.1572265954688191e+02
350	1.2856219722406030e+01	3.4904322244226933e+02
356	1.2901064597851047e+01	1.8455821288749576e+02
378	1.2711380371085328e+01	1.7552677416242659e+02
382	1.3190519464435704e+01	1.7522737652063370e+02
400	1.3149043383291419e+01	2.6572714850306511e+02
436	1.3070710775476952e+01	3.5797132646664983e+02
444	1.3137543191827966e+01	2.7943726541474462e+02
451	1.2572309527961401e+01	2.5056194183416662e+02
456	1.3077482698666415e+01	3.5991688253358006e+02
461	1.2927612696151620e+01	3.1482369571924210e+02
482	1.2427730343107029e+01	1.8547799776308236e+02
520	1.2934525510785051e+01	1.6295195485465226e+02
524	1.2513446638705458e+01	2.2569190154783428e+02
532	1.3167470670881166e+01	1.4968516149558127e+02
536	1.2667824709276401e+01	2.0265720896422867e+01
565	1.2703380219162801e+01	2.7129977384582162e+02
572	1.2956482496224128e+01	2.2413188704289496e+02
578	1.2673785974623049e+01	1.9732429725117979e+02
591	1.2790601100343862e+01	2.0681005893275142e+01
600	1.2679399064596650e+01	2.3762266941368583e+02
636	1.2964281495458614e+01	2.6968405212275684e+02
643	1.2359619941905812e+01	1.6116740098223090e+02
670	1.3003544838588551e+01	1.2084205987863241e+02
685	1.2856364757616655e+01	6.3723374353721738e+01
701	1.1554744082083600e+01	2.2668170976452529e+02
706	1.2952842439746677e+01	2.1378383296541870e+02
708	1.1788255579409762e+01	1.2616351755335927e+02
740	1.3189964855696616e+01	2.0090827558189631e+02
783	1.3180703144622624e+01	1.4943725262768567e+02
789	1.2894802388827472e+01	2.6278469899669290e+02
795	1.2920485669409180e+01	2.1308003774844110e+02
803	1.3061125555383443e+01	1.9964001811109486e+02
805	1.3095793739302776e+01	1.7180915283970535e+02
808	1.2694900916654374e+01	1.4042641703970733e+02
811	1.2037331299214786e+01	1.5571883769705892e+02
819	1.2727424263132244e+01	1.5323953092098236e+02
829	1.2742605617134688e+01	1.3990191374905407e+02
838	1.2075822389100141e+01	1.2212304124608636e+02
865	1.2822712539439829e+01	1.7701837884262204e+02
867	1.3099888641335385e+01	1.1443148888647556e+02
885	1.2247535754136239e+01	1.9647173917852342e+02
