2 101
2 87
2 68
2 147
2 65
2 117
2 109
2 91
2 89
2 46
2 66
2 79
2 99
2 112
2 33
2 116
2 125
2 59
2 43
2 13
2 58
2 127
2 124
2 134
2 34
2 41
2 97
2 10
2 92
2 82
2 132
2 76
2 94
2 73
2 37
2 139
2 140
2 137
2 17
2 113
2 16
2 105
2 103
2 45
2 88
2 62
2 118
2 11
2 23
2 74
2 63
2 108
2 130
2 54
2 56
2 81
2 148
2 31
2 36
2 67
2 9
2 24
2 86
2 69
2 51
2 15
2 8
2 1
2 93
2 61
2 126
2 0
2 28
2 129
2 22
2 123
2 48
2 35
2 119
2 128
2 4
2 53
2 84
2 141
2 6
2 71
2 42
2 12
2 110
2 49
2 77
2 100
2 146
2 75
2 7
2 135
2 111
2 83
2 95
2 19
2 47
2 72
2 52
2 57
2 18
2 3
2 44
2 142
2 114
2 5
2 60
2 55
2 30
2 90
2 64
2 145
2 26
2 144
2 143
2 121
2 50
2 38
2 106
2 27
2 120
2 122
2 14
2 133
2 149
2 98
98 81
98 148
98 29
98 31
98 80
98 102
98 20
98 104
98 85
98 138
98 96
98 36
98 67
98 21
98 25
98 107
98 9
98 24
98 86
98 69
98 8
98 61
98 28
98 119
98 128
98 4
98 141
98 6
98 71
98 12
98 110
98 49
98 77
98 100
98 146
98 75
98 7
98 135
98 111
98 83
98 95
98 19
98 47
98 72
98 52
98 57
98 18
98 3
98 44
98 142
98 114
98 5
98 60
98 55
98 30
98 90
98 64
98 145
98 26
98 144
98 143
98 121
98 50
98 38
98 106
98 27
98 120
98 122
98 14
98 133
98 149
120 92
120 132
120 76
120 94
120 73
120 37
120 32
120 131
120 139
120 140
120 137
120 17
120 84
120 141
120 6
120 71
120 42
120 12
120 110
120 49
120 114
120 5
120 121
120 50
120 38
120 106
120 27
120 14
120 122
120 133
120 149
106 125
106 59
106 13
106 58
106 127
106 124
106 134
106 34
106 41
106 97
106 10
106 119
106 128
106 4
106 53
106 84
106 141
106 6
106 142
106 114
106 5
106 121
106 50
106 38
106 27
106 14
106 122
106 133
106 149
38 101
38 87
38 68
38 147
38 65
38 117
38 91
38 89
38 0
38 28
38 129
38 22
38 123
38 119
38 57
38 18
38 3
38 44
38 142
38 114
38 121
38 50
38 27
38 14
38 122
38 133
38 149
149 89
149 46
149 66
149 79
149 99
149 33
149 28
149 129
149 22
149 123
149 48
149 35
149 119
149 128
149 4
149 44
149 142
149 114
149 64
149 144
149 121
149 50
149 27
149 122
149 14
149 133
133 36
133 67
133 21
133 25
133 107
133 9
133 111
133 83
133 95
133 19
133 72
133 52
133 18
133 55
133 90
133 64
133 145
133 26
133 144
133 143
133 121
133 50
133 122
133 14
14 115
14 118
14 11
14 23
14 74
14 63
14 70
14 108
14 130
14 71
14 110
14 49
14 77
14 100
14 5
14 60
14 55
14 30
14 50
14 27
14 122
122 103
122 45
122 88
122 62
122 115
122 118
122 11
122 23
122 74
122 63
122 71
122 12
122 110
122 49
122 5
122 60
122 55
122 30
122 50
122 27
50 65
50 117
50 109
50 91
50 89
50 46
50 28
50 129
50 22
50 123
50 48
50 35
50 119
50 44
50 142
50 114
50 121
50 27
121 89
121 46
121 66
121 79
121 28
121 129
121 22
121 123
121 48
121 35
121 119
121 44
121 142
121 114
121 27
27 58
27 127
27 124
27 134
27 34
27 41
27 97
27 128
27 4
27 53
27 142
27 114
64 104
64 85
64 138
64 96
64 36
64 67
64 135
64 111
64 83
64 95
64 19
64 90
64 26
64 145
64 144
144 86
144 51
144 15
144 8
144 1
144 93
144 61
144 47
144 72
144 52
144 57
144 18
144 26
144 143
114 125
114 59
114 43
114 13
114 119
114 128
114 4
114 142
55 74
55 63
55 108
55 130
55 54
55 49
55 77
55 100
55 60
55 30
142 66
142 99
142 48
142 35
142 119
44 109
44 91
44 89
44 28
44 129
44 22
44 123
145 96
145 36
145 67
145 111
145 83
145 95
145 19
145 90
145 26
49 118
49 11
49 23
49 74
49 63
49 60
18 8
18 1
18 93
18 61
18 57
18 143
60 118
60 11
60 74
60 63
60 70
128 125
128 59
128 43
128 13
128 4
141 92
141 82
141 132
141 76
141 84
141 6
141 5
143 8
143 1
143 93
143 61
143 52
143 57
4 125
4 59
4 13
19 96
19 36
19 83
19 95
19 90
26 25
26 107
26 9
26 90
90 36
90 67
90 95
95 104
95 111
95 83
110 113
110 105
110 103
110 45
110 71
5 94
5 6
22 46
22 129
22 123
30 54
30 77
30 100
30 146
52 51
52 15
52 72
52 47
71 16
71 42
71 12
111 85
111 138
111 135
123 46
123 129
129 46
28 91
57 61
57 126
63 74
63 70
72 86
72 69
72 47
74 70
83 104
6 94
8 1
8 93
13 125
13 59
59 125
77 130
77 100
84 92
84 82
84 76
100 54
12 42
35 66
45 113
45 105
45 103
48 79
103 113
103 105
118 23
146 136
146 39
146 56
17 139
17 140
17 137
34 124
34 134
41 97
41 53
53 97
75 81
75 148
75 40
86 69
92 82
94 73
105 113
124 134
135 20
137 139
137 140
139 140
3 0
7 29
7 31
15 51
25 107
31 29
65 117
85 138
37 32
56 136
87 101
