2 101
2 87
2 68
2 147
2 65
2 158
2 117
2 109
2 91
2 180
2 89
2 46
2 171
2 79
2 66
2 185
2 172
2 99
2 182
2 155
2 194
2 112
2 33
2 161
2 116
2 179
2 174
2 43
2 125
2 59
2 13
2 58
2 152
2 127
2 124
2 134
2 34
2 41
2 97
2 10
2 92
2 82
2 157
2 132
2 94
2 73
2 139
2 140
2 137
2 17
2 169
2 16
2 176
2 113
2 105
2 103
2 45
2 88
2 28
2 153
2 129
2 22
2 184
2 181
2 123
2 48
2 177
2 154
2 35
2 119
2 128
2 4
2 160
2 53
2 190
2 84
2 141
2 6
2 71
2 42
2 12
2 110
2 49
2 170
2 77
2 100
2 146
2 75
2 7
2 135
2 197
2 111
2 164
2 83
2 95
2 19
2 47
2 72
2 52
2 186
2 156
2 18
2 57
2 3
2 166
2 44
2 142
2 114
2 150
2 183
2 5
2 60
2 55
2 30
2 191
2 178
2 64
2 90
2 145
2 26
2 144
2 143
2 38
2 121
2 50
2 106
2 27
2 120
2 122
2 14
2 165
2 133
2 149
2 196
2 98
98 148
98 31
98 80
98 102
98 20
98 193
98 159
98 85
98 138
98 198
98 168
98 104
98 96
98 36
98 67
98 21
98 167
98 25
98 107
98 188
98 9
98 86
98 69
98 28
98 119
98 128
98 71
98 110
98 49
98 146
98 75
98 7
98 135
98 197
98 111
98 164
98 83
98 95
98 19
98 47
98 72
98 52
98 186
98 156
98 18
98 57
98 166
98 44
98 142
98 114
98 150
98 183
98 5
98 60
98 55
98 30
98 191
98 178
98 64
98 90
98 145
98 26
98 144
98 143
98 38
98 121
98 50
98 106
98 27
98 120
98 122
98 14
98 165
98 133
98 149
98 196
149 46
149 171
149 79
149 66
149 185
149 172
149 99
149 182
149 155
149 194
149 28
149 153
149 129
149 22
149 184
149 181
149 123
149 48
149 177
149 154
149 35
149 119
149 128
149 4
149 166
149 44
149 142
149 114
149 150
149 38
149 121
149 50
149 106
149 27
149 120
149 122
149 14
149 165
149 133
149 196
196 94
196 199
196 37
196 32
196 131
196 139
196 140
196 137
196 17
196 169
196 16
196 176
196 113
196 105
196 103
196 45
196 84
196 141
196 6
196 71
196 42
196 12
196 110
196 49
196 114
196 150
196 183
196 5
196 38
196 121
196 50
196 106
196 27
196 120
196 122
196 14
196 165
196 133
106 179
106 125
106 58
106 152
106 127
106 124
106 134
106 34
106 41
106 97
106 10
106 119
106 128
106 4
106 160
106 53
106 190
106 141
106 142
106 114
106 150
106 183
106 5
106 121
106 38
106 50
106 27
106 120
106 14
120 92
120 157
120 132
120 94
120 73
120 199
120 37
120 32
120 131
120 140
120 137
120 17
120 84
120 141
120 6
120 71
120 42
120 12
120 110
120 150
120 183
120 5
120 55
120 121
120 38
120 50
120 27
120 14
38 101
38 87
38 68
38 147
38 65
38 158
38 117
38 0
38 28
38 153
38 129
38 22
38 184
38 181
38 123
38 18
38 57
38 3
38 166
38 44
38 142
38 144
38 143
38 27
38 121
38 50
50 65
50 109
50 91
50 180
50 89
50 46
50 171
50 28
50 153
50 129
50 22
50 184
50 181
50 123
50 48
50 177
50 119
50 166
50 44
50 142
50 114
50 144
50 121
50 27
121 46
121 171
121 79
121 28
121 153
121 129
121 22
121 184
121 181
121 123
121 48
121 177
121 154
121 35
121 119
121 166
121 44
121 142
121 114
121 27
133 36
133 67
133 21
133 167
133 25
133 107
133 188
133 9
133 111
133 164
133 83
133 95
133 19
133 72
133 191
133 178
133 64
133 90
133 145
133 26
133 144
133 165
133 122
133 14
165 56
165 189
165 39
165 78
165 81
165 148
165 40
165 29
165 31
165 146
165 75
165 7
165 135
165 111
165 60
165 55
165 30
165 191
165 178
165 64
165 122
165 14
14 173
14 192
14 118
14 23
14 11
14 74
14 63
14 70
14 108
14 110
14 49
14 170
14 77
14 60
14 55
14 30
14 122
122 103
122 88
122 62
122 173
122 115
122 192
122 118
122 23
122 11
122 74
122 63
122 71
122 110
122 49
122 170
122 60
122 55
122 30
27 58
27 152
27 127
27 124
27 134
27 34
27 128
27 4
27 160
27 53
27 114
27 150
27 183
64 85
64 138
64 198
64 168
64 104
64 96
64 36
64 197
64 111
64 164
64 83
64 95
64 19
64 191
64 178
64 26
64 90
64 145
142 66
142 185
142 172
142 99
142 182
142 155
142 194
142 177
142 154
142 35
142 119
142 114
178 85
178 138
178 198
178 168
178 104
178 96
178 111
178 164
178 83
178 95
178 19
178 191
178 90
178 145
114 179
114 174
114 43
114 125
114 59
114 13
114 128
114 4
114 150
144 15
144 175
144 51
144 8
144 1
144 47
144 72
144 52
144 186
144 156
144 18
144 57
144 143
150 124
150 134
150 34
150 41
150 97
150 10
150 160
150 53
150 183
183 92
183 82
183 151
183 76
183 157
183 132
183 84
183 141
183 6
183 5
164 85
164 198
164 168
164 104
164 83
164 95
164 19
164 111
164 90
164 145
164 191
55 108
55 130
55 187
55 54
55 49
55 77
55 100
55 60
55 30
44 109
44 180
44 89
44 28
44 153
44 129
44 181
44 166
49 192
49 118
49 23
49 11
49 74
49 170
49 60
60 192
60 11
60 74
60 63
60 70
60 170
141 92
141 82
141 151
141 76
141 157
141 132
141 84
141 5
166 68
166 147
166 65
166 158
166 117
166 28
191 20
191 193
191 159
191 135
191 197
191 111
18 8
18 1
18 93
18 61
18 186
18 156
18 57
18 143
143 8
143 1
143 93
143 61
143 186
143 156
143 57
95 198
95 168
95 104
95 83
95 145
111 193
111 159
111 197
129 46
129 22
129 123
129 184
129 181
145 36
145 67
145 19
145 90
181 46
181 184
181 123
181 22
5 94
5 199
5 6
22 46
22 184
22 123
28 91
28 153
90 36
90 67
90 19
128 125
128 59
128 13
128 4
153 109
153 180
153 89
156 8
156 1
156 93
156 186
156 57
184 46
184 123
4 125
4 59
4 13
19 36
30 54
30 100
30 146
35 66
35 185
35 172
35 177
35 154
71 169
71 16
71 42
71 12
72 86
72 69
72 163
72 47
72 52
83 168
83 104
84 92
84 82
84 151
84 76
110 105
110 103
110 45
26 167
26 25
26 107
26 188
52 15
52 175
52 51
52 47
57 61
119 194
186 8
186 1
53 41
53 97
53 160
74 63
74 70
74 170
104 168
125 59
125 13
154 172
154 99
160 41
160 97
1 8
6 94
13 59
17 139
17 140
17 137
34 124
34 134
41 97
92 82
94 73
100 187
100 54
100 77
103 105
103 45
105 113
105 45
124 134
135 20
135 197
137 139
137 140
140 139
146 136
146 56
172 185
7 29
7 31
11 192
12 42
63 70
75 81
75 148
77 130
85 138
89 180
132 157
179 174
179 116
15 175
15 51
16 169
23 118
31 29
51 175
76 151
113 176
117 158
155 182
3 0
32 37
56 136
69 86
87 101
173 115
39 189
