0 1
0 2
0 3
0 4
0 5
0 6
0 7
0 8
0 9
0 10
0 11
0 12
0 13
0 14
0 15
0 16
0 17
0 18
0 19
0 20
0 21
0 22
0 23
0 24
0 25
0 26
0 27
0 28
0 29
0 30
0 31
0 32
0 33
0 34
0 35
0 36
0 37
0 38
0 39
0 40
0 41
0 42
0 43
0 44
0 45
0 46
0 47
0 48
0 49
0 50
0 51
0 52
0 53
0 54
0 55
0 56
0 57
0 58
0 59
0 60
0 61
0 62
0 63
0 64
0 65
0 66
0 67
0 68
0 69
0 70
0 71
0 72
0 73
0 74
0 75
0 76
0 77
0 78
0 79
0 80
0 81
0 82
0 83
0 84
0 85
0 86
0 87
0 88
0 89
0 90
0 91
0 92
0 93
0 94
0 95
0 96
0 97
0 98
0 99
0 100
0 101
0 102
0 103
0 104
0 105
0 106
0 107
0 108
0 109
0 110
0 111
0 112
0 113
0 114
0 115
0 116
0 117
0 118
0 119
0 120
0 121
0 122
0 123
0 124
0 125
0 126
0 127
0 128
0 129
0 130
0 131
0 132
0 133
0 135
0 136
0 137
0 138
0 139
0 140
0 141
0 142
0 143
0 144
0 145
0 146
0 147
0 148
0 149
0 150
0 151
0 152
0 153
0 155
0 156
0 157
0 158
0 159
0 160
0 161
0 162
0 163
0 164
0 165
0 166
0 167
0 168
0 169
0 171
0 173
0 174
0 175
0 177
0 179
0 180
0 181
0 184
0 185
0 186
0 187
0 188
0 190
0 191
0 192
0 194
0 196
0 197
0 201
0 202
0 204
0 205
0 206
0 208
0 209
0 210
0 211
0 212
0 213
0 214
0 216
0 217
0 218
0 219
0 220
0 221
0 222
0 224
0 226
0 227
0 228
0 229
0 231
0 232
0 234
0 236
0 237
0 238
0 240
0 241
0 242
0 243
0 245
0 246
0 247
0 248
0 249
1 2
1 3
1 4
1 5
1 6
1 7
1 8
1 9
1 10
1 11
1 12
1 13
1 14
1 15
1 16
1 17
1 18
1 19
1 20
1 21
1 22
1 23
1 24
1 25
1 26
1 27
1 28
1 29
1 30
1 31
1 32
1 33
1 34
1 35
1 36
1 37
1 38
1 39
1 40
1 41
1 42
1 43
1 44
1 45
1 46
1 47
1 48
1 49
1 50
1 51
1 52
1 53
1 54
1 55
1 56
1 57
1 58
1 59
1 60
1 61
1 62
1 63
1 64
1 65
1 66
1 67
1 68
1 70
1 71
1 72
1 73
1 74
1 75
1 77
1 78
1 79
1 80
1 81
1 82
1 83
1 84
1 85
1 87
1 89
1 90
1 91
1 92
1 93
1 94
1 95
1 96
1 98
1 99
1 100
1 101
1 102
1 104
1 105
1 108
1 109
1 112
1 113
1 116
1 117
1 121
1 122
1 123
1 124
1 126
1 129
1 133
1 134
1 135
1 139
1 140
1 142
1 143
1 144
1 145
1 146
1 150
1 152
1 153
1 154
1 155
1 157
1 159
1 161
1 166
1 167
1 171
1 172
1 173
1 175
1 176
1 177
1 181
1 183
1 186
1 188
1 189
1 190
1 191
1 192
1 193
1 194
1 195
1 196
1 197
1 198
1 200
1 201
1 207
1 208
1 210
1 212
1 214
1 216
1 217
1 218
1 219
1 222
1 224
1 229
1 230
1 231
1 234
1 239
1 240
1 241
1 243
1 245
1 246
2 3
2 4
2 5
2 6
2 7
2 8
2 9
2 10
2 11
2 12
2 13
2 14
2 15
2 16
2 17
2 18
2 19
2 20
2 21
2 22
2 23
2 24
2 25
2 26
2 27
2 28
2 29
2 30
2 31
2 32
2 33
2 34
2 35
2 36
2 37
2 38
2 39
2 40
2 41
2 42
2 43
2 44
2 45
2 46
2 48
2 49
2 51
2 52
2 53
2 54
2 55
2 58
2 59
2 60
2 61
2 62
2 66
2 67
2 69
2 70
2 71
2 72
2 73
2 74
2 75
2 76
2 78
2 81
2 82
2 83
2 85
2 86
2 87
2 88
2 89
2 90
2 91
2 95
2 96
2 97
2 98
2 99
2 100
2 101
2 104
2 105
2 107
2 109
2 110
2 113
2 114
2 115
2 117
2 118
2 125
2 126
2 127
2 132
2 133
2 135
2 136
2 137
2 140
2 142
2 145
2 147
2 149
2 155
2 157
2 158
2 159
2 161
2 162
2 163
2 168
2 176
2 177
2 179
2 186
2 190
2 191
2 192
2 193
2 196
2 198
2 200
2 206
2 207
2 209
2 210
2 215
2 221
2 222
2 223
2 225
2 230
2 233
2 236
2 238
2 242
2 243
2 247
3 4
3 5
3 6
3 7
3 8
3 9
3 10
3 11
3 12
3 13
3 14
3 15
3 16
3 17
3 18
3 19
3 20
3 21
3 22
3 23
3 24
3 25
3 26
3 27
3 28
3 29
3 30
3 31
3 32
3 33
3 34
3 35
3 36
3 37
3 38
3 39
3 40
3 41
3 42
3 44
3 45
3 46
3 47
3 48
3 49
3 50
3 54
3 55
3 56
3 58
3 60
3 61
3 62
3 63
3 64
3 68
3 70
3 71
3 72
3 74
3 76
3 78
3 79
3 83
3 85
3 86
3 87
3 89
3 91
3 93
3 98
3 100
3 102
3 106
3 107
3 114
3 115
3 117
3 118
3 120
3 121
3 123
3 124
3 125
3 127
3 128
3 131
3 133
3 143
3 145
3 148
3 150
3 152
3 157
3 161
3 162
3 172
3 174
3 182
3 186
3 189
3 197
3 200
3 201
3 203
3 206
3 208
3 217
3 218
3 234
3 236
3 246
4 5
4 6
4 7
4 8
4 9
4 10
4 11
4 12
4 13
4 14
4 15
4 16
4 17
4 18
4 19
4 20
4 21
4 22
4 23
4 24
4 25
4 26
4 27
4 28
4 29
4 31
4 32
4 33
4 34
4 36
4 37
4 38
4 39
4 40
4 41
4 42
4 43
4 45
4 46
4 47
4 50
4 51
4 52
4 55
4 57
4 59
4 60
4 61
4 62
4 65
4 66
4 67
4 70
4 71
4 74
4 77
4 81
4 82
4 83
4 84
4 85
4 86
4 88
4 92
4 96
4 98
4 102
4 104
4 113
4 119
4 121
4 125
4 126
4 130
4 131
4 132
4 133
4 134
4 140
4 154
4 159
4 163
4 164
4 165
4 166
4 168
4 179
4 183
4 191
4 195
4 201
4 204
4 207
4 210
4 211
4 215
4 218
4 219
4 220
4 221
4 226
4 229
4 234
4 235
4 239
4 242
4 245
4 249
5 6
5 7
5 8
5 9
5 10
5 11
5 12
5 13
5 14
5 15
5 16
5 17
5 18
5 19
5 20
5 21
5 22
5 23
5 24
5 25
5 27
5 29
5 32
5 33
5 34
5 36
5 38
5 39
5 40
5 41
5 44
5 45
5 46
5 48
5 49
5 50
5 51
5 52
5 54
5 55
5 56
5 57
5 58
5 62
5 63
5 64
5 66
5 70
5 72
5 74
5 75
5 77
5 79
5 88
5 89
5 90
5 91
5 92
5 98
5 104
5 105
5 109
5 112
5 123
5 127
5 132
5 135
5 136
5 142
5 144
5 150
5 157
5 165
5 167
5 180
5 185
5 187
5 198
5 199
5 200
5 202
5 209
5 210
5 221
5 222
5 223
5 225
5 229
5 234
5 236
5 238
6 7
6 8
6 9
6 10
6 11
6 12
6 13
6 14
6 15
6 16
6 145
6 18
6 19
6 20
6 149
6 150
6 23
6 24
6 25
6 27
6 157
6 31
6 133
6 35
6 37
6 38
6 39
6 43
6 44
6 45
6 46
6 175
6 48
6 136
6 50
6 54
6 184
6 58
6 60
6 61
6 160
6 64
6 65
6 67
6 68
6 233
6 72
6 201
6 74
6 75
6 138
6 78
6 79
6 81
6 88
6 153
6 207
6 93
6 188
6 144
6 151
6 99
6 228
6 105
6 108
6 237
6 173
6 240
6 204
6 119
6 120
6 121
6 192
6 124
6 247
7 8
7 9
7 10
7 11
7 12
7 13
7 14
7 15
7 16
7 17
7 18
7 19
7 20
7 21
7 22
7 24
7 25
7 26
7 27
7 28
7 29
7 31
7 34
7 37
7 41
7 44
7 45
7 46
7 49
7 50
7 51
7 54
7 55
7 56
7 59
7 64
7 66
7 69
7 74
7 78
7 80
7 81
7 88
7 94
7 96
7 113
7 114
7 116
7 120
7 124
7 127
7 131
7 135
7 140
7 146
7 147
7 149
7 151
7 153
7 161
7 162
7 164
7 170
7 173
7 174
7 192
7 195
7 196
7 198
7 199
7 200
7 204
7 208
7 209
7 213
7 217
7 222
7 245
7 246
7 248
8 9
8 10
8 11
8 12
8 13
8 14
8 15
8 16
8 17
8 18
8 19
8 20
8 149
8 22
8 23
8 24
8 132
8 26
8 27
8 28
8 29
8 34
8 35
8 36
8 38
8 39
8 40
8 41
8 43
8 142
8 49
8 51
8 180
8 54
8 61
8 169
8 224
8 66
8 67
8 68
8 199
8 203
8 77
8 207
8 80
8 209
8 210
8 163
8 85
8 214
8 88
8 89
8 90
8 221
8 94
8 95
8 96
8 97
8 99
8 228
8 171
8 106
8 107
8 154
8 113
8 119
8 241
8 148
9 10
9 11
9 12
9 13
9 14
9 15
9 16
9 17
9 19
9 20
9 149
9 23
9 25
9 26
9 27
9 154
9 30
9 31
9 32
9 162
9 163
9 36
9 37
9 166
9 39
9 129
9 41
9 42
9 44
9 46
9 47
9 49
9 51
9 52
9 56
9 186
9 59
9 60
9 191
9 196
9 72
9 177
9 76
9 77
9 78
9 157
9 82
9 83
9 84
9 87
9 88
9 153
9 159
9 94
9 144
9 227
9 104
9 105
9 107
9 109
9 174
9 112
9 241
9 117
9 118
9 120
9 125
10 11
10 12
10 13
10 142
10 16
10 17
10 18
10 19
10 20
10 23
10 132
10 26
10 27
10 28
10 30
10 34
10 36
10 134
10 38
10 40
10 41
10 42
10 43
10 47
10 176
10 53
10 185
10 58
10 59
10 61
10 191
10 68
10 69
10 70
10 140
10 206
10 79
10 208
10 82
10 216
10 186
10 95
10 224
10 98
10 102
10 232
10 107
10 146
10 111
10 112
10 168
10 242
10 245
10 124
11 151
11 12
11 13
11 14
11 15
11 16
11 216
11 18
11 20
11 21
11 22
11 23
11 26
11 27
11 30
11 31
11 133
11 33
11 34
11 35
11 165
11 39
11 40
11 42
11 43
11 44
11 173
11 48
11 49
11 128
11 155
11 54
11 56
11 58
11 188
11 190
11 64
11 211
11 73
11 77
11 208
11 83
11 85
11 88
11 89
11 218
11 91
11 135
11 186
11 94
11 95
11 146
11 112
11 115
11 150
11 118
11 248
11 249
12 175
12 14
12 15
12 16
12 17
12 18
12 19
12 20
12 22
12 151
12 24
12 25
12 26
12 27
12 28
12 154
12 30
12 31
12 32
12 33
12 165
12 39
12 42
12 43
12 45
12 47
12 50
12 53
12 54
12 57
12 188
12 64
12 193
12 67
12 68
12 182
12 199
12 73
12 74
12 76
12 209
12 211
12 86
12 215
12 95
12 226
12 229
12 228
12 101
12 104
12 107
12 108
12 237
12 112
12 247
13 14
13 237
13 16
13 18
13 20
13 21
13 22
13 23
13 24
13 154
13 28
13 29
13 30
13 31
13 33
13 162
13 35
13 36
13 38
13 171
13 45
13 50
13 52
13 158
13 137
13 184
13 180
13 186
13 59
13 189
13 195
13 68
13 199
13 74
13 77
13 78
13 79
13 80
13 83
13 86
13 215
13 88
13 91
13 225
13 227
13 228
13 104
13 109
13 111
13 113
13 248
13 122
13 127
14 142
14 15
14 17
14 19
14 148
14 27
14 160
14 36
14 134
14 65
14 40
14 41
14 42
14 44
14 174
14 221
14 48
14 136
14 52
14 137
14 63
14 32
14 66
14 67
14 207
14 81
14 87
14 217
14 93
14 104
14 168
14 243
14 246
14 120
15 194
15 19
15 20
15 21
15 22
15 179
15 156
15 30
15 133
15 160
15 36
15 165
15 41
15 42
15 172
15 176
15 51
15 52
15 60
15 62
15 66
15 67
15 68
15 198
15 72
15 73
15 206
15 207
15 80
15 83
15 87
15 217
15 94
15 95
15 96
15 208
15 98
15 101
15 195
15 105
15 111
15 113
15 140
15 169
15 127
16 141
16 17
16 18
16 21
16 23
16 24
16 153
16 236
16 30
16 133
16 33
16 162
16 39
16 40
16 47
16 176
16 136
16 128
16 52
16 53
16 55
16 159
16 151
16 61
16 62
16 181
16 193
16 66
16 203
16 198
16 194
16 74
16 75
16 77
16 78
16 79
16 210
16 84
16 206
16 88
16 95
16 224
16 212
16 231
16 233
16 107
16 108
16 237
16 110
16 239
16 120
16 137
16 191
16 183
17 23
17 132
17 27
17 28
17 29
17 32
17 37
17 129
17 169
17 43
17 48
17 49
17 50
17 52
17 53
17 223
17 191
17 193
17 195
17 70
17 73
17 76
17 77
17 79
17 156
17 83
17 142
17 214
17 217
17 95
17 230
17 237
17 168
17 204
17 122
17 126
17 127
18 137
18 145
18 147
18 20
18 154
18 152
18 26
18 155
18 156
18 29
18 30
18 172
18 160
18 33
18 197
18 35
18 164
18 37
18 40
18 41
18 42
18 199
18 44
18 174
18 175
18 176
18 128
18 180
18 181
18 56
18 223
18 134
18 224
18 236
18 69
18 71
18 72
18 140
18 75
18 76
18 77
18 78
18 80
18 83
18 216
18 91
18 95
18 96
18 225
18 102
18 105
18 108
18 190
19 213
19 147
19 21
19 22
19 24
19 29
19 34
19 35
19 36
19 38
19 41
19 42
19 43
19 46
19 49
19 50
19 58
19 60
19 74
19 208
19 83
19 84
19 142
19 90
19 93
19 224
19 98
19 230
19 188
19 174
19 115
19 85
19 122
19 123
19 170
19 126
19 127
20 25
20 132
20 27
20 28
20 36
20 42
20 43
20 46
20 47
20 177
20 50
20 52
20 54
20 55
20 58
20 188
20 61
20 62
20 63
20 78
20 221
20 101
20 104
20 236
20 110
20 189
20 116
20 118
20 120
20 136
21 130
21 145
21 23
21 24
21 26
21 27
21 29
21 159
21 36
21 38
21 42
21 172
21 46
21 47
21 51
21 180
21 55
21 58
21 64
21 65
21 194
21 68
21 73
21 75
21 78
21 80
21 212
21 215
21 220
21 104
21 234
21 235
21 108
21 116
21 170
22 24
22 175
22 29
22 31
22 34
22 36
22 42
22 242
22 47
22 176
22 50
22 53
22 58
22 181
22 69
22 70
22 71
22 73
22 75
22 77
22 206
22 80
22 81
22 85
22 89
22 218
22 220
22 186
22 97
22 109
22 111
22 157
22 221
22 243
22 244
22 122
22 170
22 126
23 27
23 28
23 29
23 31
23 33
23 36
23 166
23 169
23 43
23 174
23 48
23 50
23 53
23 182
23 138
23 66
23 139
23 197
23 71
23 200
23 79
23 80
23 81
23 85
23 86
23 91
23 220
23 199
23 225
23 229
23 103
23 108
23 112
23 122
24 201
24 202
24 75
24 87
24 25
24 26
24 28
24 197
24 33
24 102
24 156
24 43
24 110
24 239
24 112
24 178
24 211
24 235
24 54
24 120
24 195
24 191
25 74
25 78
25 67
25 85
25 214
25 217
25 93
25 160
25 34
25 35
25 38
25 105
25 135
25 236
25 191
25 46
25 221
25 50
25 187
25 53
25 84
25 123
25 181
26 86
26 70
26 66
26 242
26 67
26 73
26 175
26 158
26 98
26 35
26 100
26 38
26 194
26 235
26 45
26 47
26 240
26 49
26 114
26 55
26 202
26 195
26 74
26 127
27 130
27 146
27 156
27 165
27 38
27 174
27 48
27 49
27 50
27 180
27 186
27 138
27 64
27 68
27 76
27 85
27 89
27 92
27 58
27 98
27 230
27 104
27 235
27 109
27 241
27 118
27 120
28 137
28 149
28 151
28 29
28 161
28 37
28 167
28 168
28 135
28 173
28 174
28 47
28 51
28 53
28 58
28 59
28 188
28 63
28 68
28 140
28 76
28 207
28 86
28 89
28 152
28 93
28 96
28 225
28 99
28 229
28 233
28 106
28 39
28 108
28 109
28 122
28 123
29 70
29 73
29 74
29 75
29 239
29 80
29 137
29 155
29 91
29 34
29 35
29 166
29 65
29 226
29 71
29 203
29 45
29 46
29 189
29 114
29 52
29 55
29 123
29 124
29 125
30 79
30 148
30 203
30 151
30 91
30 98
30 219
30 101
30 38
30 177
30 104
30 43
30 113
30 51
30 116
30 60
30 143
30 63
31 147
31 137
31 32
31 161
31 35
31 164
31 37
31 38
31 39
31 45
31 48
31 50
31 54
31 183
31 184
31 57
31 59
31 191
31 198
31 69
31 130
31 71
31 206
31 80
31 212
31 88
31 222
31 96
31 98
31 100
31 101
31 102
31 105
31 109
31 112
31 233
31 166
32 71
32 72
32 215
32 77
32 80
32 107
32 86
32 87
32 196
32 98
32 118
32 240
32 34
32 35
32 81
32 42
32 43
32 159
32 239
32 48
32 204
32 54
32 55
32 56
32 59
32 60
32 126
33 142
33 77
33 178
33 68
33 69
33 144
33 164
33 101
33 39
33 105
33 44
33 82
33 238
33 47
33 48
33 109
33 116
33 117
33 61
34 140
34 141
34 81
34 82
34 139
34 216
34 91
34 161
34 164
34 230
34 38
34 103
34 40
34 41
34 135
34 210
34 203
34 50
34 147
34 180
34 56
34 221
34 65
34 125
34 132
34 63
35 69
35 71
35 138
35 208
35 90
35 150
35 92
35 162
35 163
35 100
35 134
35 64
35 42
35 199
35 44
35 45
35 47
35 115
35 59
35 60
36 65
36 64
36 213
36 88
36 90
36 221
36 99
36 243
36 177
36 40
36 227
36 172
36 237
36 175
36 240
36 179
36 52
36 183
36 56
36 136
36 123
36 138
36 190
36 149
37 74
37 231
37 212
37 85
37 216
37 154
37 225
37 98
37 220
37 102
37 81
37 156
37 42
37 43
37 44
37 45
37 239
37 176
37 114
37 137
37 187
38 76
38 194
38 77
38 144
38 87
38 246
38 70
38 102
38 40
38 41
38 172
38 240
38 242
38 158
38 54
38 55
38 120
38 57
38 143
38 153
38 85
39 206
39 139
39 85
39 68
39 91
39 208
39 160
39 198
39 41
39 44
39 72
39 236
40 161
40 73
40 192
40 194
40 144
40 84
40 110
40 89
40 68
40 91
40 220
40 97
40 42
40 176
40 45
40 46
40 48
40 54
40 202
41 203
41 192
41 205
41 212
41 85
41 197
41 230
41 171
41 54
41 58
41 124
41 149
42 86
42 70
42 205
42 72
42 130
42 186
42 154
42 75
42 93
42 162
42 169
42 109
42 111
42 206
42 114
42 52
42 249
42 58
42 59
43 75
43 182
43 96
43 210
43 86
43 216
43 131
43 166
43 104
43 107
43 109
43 239
43 49
43 83
43 54
43 87
43 70
43 62
44 99
44 225
44 118
44 93
44 94
44 162
44 70
44 230
44 168
44 193
44 167
44 114
44 51
44 54
44 57
44 127
45 136
45 129
45 74
45 139
45 143
45 80
45 214
45 207
45 101
45 94
45 99
45 167
45 169
45 236
45 110
45 177
45 244
45 119
45 163
45 202
45 62
46 164
46 210
46 216
46 220
46 158
46 197
46 97
46 98
46 131
46 71
46 239
46 49
46 232
46 56
46 225
46 189
47 66
47 149
47 71
47 82
47 94
47 228
47 129
47 107
47 241
47 115
47 158
47 84
47 60
47 202
47 127
48 85
48 91
48 221
48 109
48 168
48 51
48 245
48 246
48 60
48 125
49 65
49 194
49 172
49 203
49 114
49 137
49 248
49 186
49 62
50 74
50 85
50 179
50 69
50 91
50 101
50 81
50 237
50 174
50 242
50 128
50 52
50 187
50 56
50 138
51 203
51 65
51 74
51 75
51 208
51 120
51 153
51 109
51 72
51 172
51 56
51 59
51 191
52 65
52 85
52 222
52 95
52 96
52 163
52 125
52 176
52 56
52 57
52 106
53 164
53 70
53 73
53 119
53 114
53 82
53 90
53 247
54 130
54 80
54 75
54 149
54 91
54 222
54 97
54 103
54 111
54 118
54 58
54 61
54 213
55 64
55 203
55 66
55 141
55 152
55 205
55 131
55 214
55 87
55 88
55 132
55 156
55 95
55 96
55 235
55 238
55 175
55 178
56 202
56 143
56 81
56 211
56 85
56 86
56 90
56 222
56 102
56 103
56 203
56 111
56 137
56 120
56 58
57 171
57 129
57 74
57 167
57 198
57 143
57 119
57 218
57 187
57 133
58 68
58 225
58 80
58 92
58 97
58 228
58 195
58 173
58 63
59 179
59 128
59 78
59 163
59 142
59 92
59 93
59 94
59 102
59 227
59 129
59 182
59 137
59 62
59 149
60 64
60 138
60 130
60 78
60 81
60 67
60 89
60 131
60 177
60 136
60 183
60 124
60 191
61 86
61 73
61 135
61 96
61 83
61 171
61 84
61 227
61 101
62 64
62 109
62 67
62 86
62 153
62 197
62 96
62 99
62 230
62 238
62 178
62 200
62 191
63 137
63 128
63 79
63 211
63 223
63 133
64 77
64 198
64 101
64 65
64 103
64 167
64 123
64 126
65 129
65 138
65 80
65 158
65 97
65 168
65 118
65 122
65 200
65 85
66 67
66 134
66 76
66 214
66 87
66 155
66 102
66 169
66 176
67 197
67 76
67 82
67 154
67 97
67 101
67 230
67 103
67 232
67 107
67 157
67 140
67 204
68 142
68 80
68 151
68 208
68 177
68 74
69 203
69 205
69 141
69 104
69 105
69 238
69 114
69 243
69 117
69 120
69 185
69 123
69 189
70 130
70 71
70 73
70 77
70 83
70 90
70 215
70 86
70 94
70 96
70 119
70 212
70 138
70 127
71 196
71 98
71 99
71 100
71 176
71 113
71 115
71 181
71 119
72 200
72 130
72 144
72 89
72 223
72 99
72 134
72 238
72 118
73 86
73 87
73 89
73 94
73 241
73 168
73 118
74 139
74 206
74 212
74 238
74 155
74 99
74 233
74 174
74 247
75 195
75 136
75 210
75 203
75 234
76 88
76 156
76 161
76 162
76 104
76 226
76 113
76 211
76 247
76 126
77 138
77 192
77 149
77 102
77 114
77 116
77 190
77 126
78 139
78 211
78 203
78 151
78 156
78 99
78 220
78 105
78 183
78 191
79 139
79 203
79 175
79 94
79 86
79 90
79 101
80 86
80 204
80 237
80 225
80 94
80 133
80 99
80 172
81 84
81 149
81 199
81 96
81 171
81 173
81 120
81 186
82 130
82 208
82 145
82 83
82 87
82 152
82 132
82 95
82 100
82 229
82 231
82 189
82 122
82 138
83 128
83 206
83 86
83 89
83 207
83 220
83 225
83 164
83 134
83 195
83 233
83 113
84 227
84 167
84 247
84 210
84 180
84 147
84 182
84 169
85 167
85 100
85 107
85 173
85 238
85 118
85 249
85 151
86 197
86 141
86 88
86 217
86 93
86 95
86 229
86 109
86 176
86 140
87 194
87 139
87 211
87 157
87 97
87 98
87 174
87 111
87 177
87 178
87 183
88 210
88 196
88 137
88 89
88 150
88 160
88 104
88 170
88 115
89 135
89 217
89 153
89 91
89 92
89 95
89 114
89 117
90 194
90 149
90 100
90 91
90 220
90 231
90 103
90 233
90 167
90 173
90 113
90 121
90 200
91 202
91 153
91 197
91 160
91 229
91 171
91 126
92 198
92 138
92 227
92 157
93 182
93 105
93 139
93 177
93 117
93 217
93 154
94 205
94 210
94 96
94 208
94 162
94 219
94 123
94 126
95 130
95 220
95 100
95 104
95 136
95 242
96 199
96 119
96 214
96 242
96 190
97 103
97 106
97 140
97 110
97 232
98 148
98 147
98 108
98 115
98 125
99 109
99 148
99 155
99 208
99 234
99 121
99 202
100 192
100 142
100 157
100 229
100 170
100 111
100 114
100 121
100 191
100 127
101 132
101 238
101 152
101 162
101 110
101 113
101 187
101 126
102 134
102 199
102 143
102 209
102 212
102 168
102 110
102 128
103 119
103 140
103 240
103 207
103 176
103 117
103 121
103 218
103 225
104 155
104 134
105 214
105 153
105 216
106 162
106 133
106 171
106 224
106 185
106 186
106 219
107 237
107 248
107 157
108 234
108 180
109 152
109 226
109 231
109 240
110 131
110 231
110 191
110 127
111 224
111 204
111 172
111 157
111 145
111 121
111 154
111 159
111 133
112 130
112 210
112 177
112 146
112 138
112 122
112 247
112 125
113 174
113 119
113 184
113 124
113 127
114 168
114 139
114 206
114 180
114 155
115 162
115 170
115 143
115 171
115 219
115 167
115 159
116 129
116 201
116 128
116 141
116 241
116 183
116 218
117 224
117 122
118 237
118 129
118 144
118 145
118 220
118 158
119 144
119 182
119 157
121 137
121 175
121 156
121 189
122 179
122 146
122 129
122 176
122 208
122 186
123 135
123 234
123 225
123 224
123 218
123 179
124 130
124 140
124 221
124 222
124 159
125 220
125 126
126 137
126 210
126 175
126 189
126 154
126 200
127 139
127 194
127 150
127 218
127 229
127 180
127 191
128 134
128 231
128 233
129 212
129 244
129 208
129 169
129 152
130 176
130 133
130 178
131 201
132 199
132 210
132 143
133 210
133 173
133 146
133 189
134 153
134 155
135 166
135 206
135 216
136 137
136 206
136 180
137 160
137 227
137 170
138 161
138 173
138 195
138 149
139 174
140 198
140 248
140 152
141 161
141 207
142 164
142 168
142 192
142 236
142 151
142 228
142 197
143 225
143 241
143 209
143 187
144 209
144 208
144 180
144 221
144 214
146 224
146 232
146 226
146 205
146 238
146 184
147 207
147 181
147 159
148 231
148 152
149 195
149 205
149 244
149 169
150 231
150 180
150 188
152 162
152 204
152 195
152 181
152 223
153 155
153 242
153 190
153 214
153 156
154 226
154 245
154 202
156 169
157 161
157 173
157 176
157 245
157 228
157 231
158 190
159 198
159 199
159 217
160 179
160 238
160 246
161 211
163 174
164 211
164 214
165 241
165 213
166 242
166 200
167 211
167 202
167 189
168 172
168 216
170 193
170 183
171 173
171 215
172 208
172 210
173 194
173 190
174 190
175 200
175 238
176 216
177 245
179 188
180 193
180 248
181 217
181 200
182 223
183 230
185 240
185 216
186 246
186 210
186 216
187 240
188 193
189 196
190 193
190 224
190 239
191 216
191 201
192 245
193 248
194 234
196 215
197 205
199 212
199 213
200 215
201 224
202 238
202 213
203 221
203 214
204 229
204 236
204 242
208 215
210 230
211 226
211 220
211 222
212 232
213 242
217 226
221 242
222 230
222 235
225 243
227 243
228 244
238 242
238 243
239 240
245 248
