0 1
0 2
0 3
0 4
0 5
0 6
0 7
0 8
0 9
0 10
0 11
0 12
0 13
0 14
0 15
0 16
0 17
0 18
0 19
0 20
0 21
0 22
0 23
0 24
0 25
0 26
0 27
0 28
0 29
0 30
0 31
0 32
0 33
0 34
0 35
0 36
0 37
0 38
0 39
0 40
0 41
0 42
0 43
0 44
0 45
0 46
0 47
0 48
0 49
0 50
0 51
0 52
0 53
0 54
0 55
0 56
0 57
0 58
0 59
0 60
0 61
0 62
0 63
0 64
0 65
0 66
0 67
0 68
0 69
0 70
0 71
0 73
0 74
0 75
0 76
0 77
0 78
0 79
0 80
0 82
0 83
0 84
0 85
0 86
0 87
0 88
0 89
0 90
0 91
0 92
0 93
0 94
0 95
0 96
0 98
0 99
0 100
0 101
0 102
0 104
0 105
0 716
0 108
0 532
0 112
0 113
0 114
0 531
0 628
0 117
0 119
0 121
0 124
0 126
0 639
0 128
0 130
0 643
0 133
0 646
0 135
0 137
0 138
0 140
0 141
0 655
0 699
0 147
0 149
0 150
0 537
0 152
0 153
0 154
0 156
0 157
0 670
0 671
0 160
0 636
0 163
0 164
0 166
0 167
0 169
0 682
0 173
0 519
0 175
0 690
0 181
0 182
0 184
0 697
0 186
0 187
0 188
0 544
0 195
0 196
0 199
0 201
0 203
0 204
0 205
0 665
0 207
0 720
0 722
0 211
0 213
0 727
0 217
0 733
0 222
0 735
0 736
0 226
0 228
0 229
0 230
0 600
0 232
0 233
0 234
0 235
0 749
0 239
0 240
0 241
0 243
0 245
0 547
0 248
0 761
0 762
0 251
0 252
0 254
0 767
0 259
0 261
0 774
0 263
0 264
0 266
0 267
0 271
0 272
0 787
0 708
0 791
0 793
0 559
0 284
0 292
0 293
0 300
0 303
0 305
0 308
0 309
0 310
0 311
0 315
0 319
0 718
0 322
0 326
0 327
0 652
0 331
0 551
0 336
0 337
0 338
0 340
0 347
0 351
0 523
0 783
0 356
0 358
0 360
0 361
0 362
0 743
0 616
0 370
0 522
0 378
0 575
0 524
0 383
0 384
0 386
0 662
0 390
0 400
0 401
0 403
0 404
0 405
0 407
0 580
0 542
0 411
0 525
0 666
0 418
0 421
0 427
0 428
0 679
0 430
0 436
0 437
0 439
0 526
0 586
0 452
0 455
0 456
0 459
0 760
0 466
0 676
0 474
0 475
0 480
0 592
0 483
0 552
0 486
0 698
0 488
0 489
0 491
0 594
0 499
1 2
1 3
1 4
1 5
1 6
1 7
1 8
1 9
1 10
1 11
1 12
1 13
1 14
1 15
1 16
1 17
1 18
1 19
1 20
1 21
1 22
1 23
1 24
1 25
1 26
1 27
1 28
1 29
1 30
1 31
1 32
1 33
1 34
1 36
1 37
1 38
1 39
1 41
1 43
1 44
1 45
1 46
1 48
1 49
1 51
1 52
1 54
1 55
1 56
1 57
1 58
1 607
1 778
1 65
1 66
1 67
1 72
1 73
1 74
1 75
1 76
1 77
1 78
1 79
1 592
1 514
1 83
1 84
1 85
1 86
1 600
1 89
1 93
1 94
1 95
1 96
1 97
1 101
1 102
1 106
1 107
1 108
1 109
1 112
1 114
1 531
1 116
1 117
1 630
1 124
1 129
1 130
1 132
1 134
1 136
1 567
1 138
1 139
1 140
1 653
1 142
1 143
1 145
1 147
1 148
1 149
1 155
1 668
1 157
1 159
1 161
1 539
1 164
1 165
1 166
1 167
1 168
1 169
1 171
1 173
1 174
1 541
1 176
1 690
1 693
1 694
1 183
1 696
1 186
1 187
1 188
1 701
1 654
1 193
1 194
1 196
1 197
1 200
1 206
1 515
1 211
1 213
1 728
1 731
1 221
1 224
1 228
1 234
1 235
1 750
1 241
1 243
1 246
1 247
1 250
1 251
1 257
1 555
1 266
1 780
1 269
1 271
1 784
1 786
1 278
1 279
1 283
1 289
1 538
1 291
1 294
1 298
1 300
1 306
1 564
1 651
1 566
1 327
1 331
1 332
1 340
1 341
1 347
1 363
1 366
1 370
1 626
1 386
1 389
1 403
1 410
1 411
1 414
1 422
1 423
1 688
1 426
1 434
1 435
1 436
1 437
1 560
1 451
1 758
1 620
1 455
1 457
1 464
1 468
1 544
1 472
1 474
1 478
1 479
1 685
1 698
1 488
1 535
1 679
1 493
1 501
1 509
1 510
2 392
2 3
2 4
2 5
2 6
2 7
2 8
2 9
2 10
2 11
2 12
2 13
2 14
2 15
2 16
2 17
2 18
2 19
2 20
2 21
2 22
2 23
2 24
2 25
2 26
2 774
2 28
2 29
2 30
2 31
2 32
2 33
2 34
2 35
2 37
2 38
2 487
2 296
2 41
2 42
2 44
2 304
2 49
2 50
2 52
2 309
2 54
2 265
2 56
2 58
2 315
2 61
2 62
2 64
2 736
2 66
2 267
2 568
2 69
2 70
2 71
2 330
2 587
2 76
2 78
2 525
2 80
2 81
2 338
2 83
2 84
2 343
2 600
2 89
2 314
2 94
2 523
2 98
2 99
2 100
2 394
2 102
2 737
2 106
2 107
2 110
2 114
2 372
2 120
2 276
2 122
2 123
2 125
2 345
2 277
2 641
2 134
2 391
2 136
2 138
2 139
2 601
2 398
2 655
2 536
2 427
2 751
2 366
2 150
2 151
2 153
2 154
2 155
2 412
2 158
2 260
2 673
2 162
2 795
2 420
2 423
2 682
2 327
2 172
2 734
2 285
2 180
2 560
2 325
2 190
2 191
2 449
2 194
2 707
2 708
2 731
2 457
2 203
2 716
2 205
2 719
2 593
2 469
2 470
2 471
2 706
2 218
2 591
2 222
2 293
2 224
2 225
2 226
2 228
2 337
2 493
2 239
2 240
2 726
2 242
2 776
2 553
2 250
2 763
2 508
2 622
2 546
3 4
3 5
3 6
3 7
3 8
3 9
3 10
3 11
3 12
3 13
3 14
3 15
3 16
3 17
3 18
3 19
3 20
3 21
3 790
3 25
3 26
3 27
3 28
3 29
3 31
3 32
3 33
3 34
3 547
3 36
3 518
3 305
3 297
3 298
3 43
3 694
3 45
3 48
3 49
3 530
3 317
3 52
3 53
3 54
3 521
3 56
3 57
3 60
3 266
3 62
3 64
3 267
3 566
3 70
3 71
3 73
3 74
3 76
3 591
3 568
3 87
3 89
3 346
3 574
3 92
3 272
3 99
3 102
3 103
3 104
3 106
3 108
3 274
3 111
3 117
3 630
3 119
3 120
3 121
3 380
3 484
3 386
3 387
3 133
3 134
3 135
3 141
3 655
3 461
3 146
3 323
3 148
3 150
3 537
3 520
3 780
3 160
3 420
3 166
3 284
3 171
3 173
3 687
3 437
3 182
3 696
3 700
3 193
3 196
3 289
3 457
3 460
3 290
3 646
3 207
3 720
3 466
3 211
3 468
3 561
3 377
3 218
3 463
3 263
3 391
3 604
3 488
3 579
3 244
3 758
3 248
3 763
3 254
4 5
4 6
4 7
4 8
4 9
4 10
4 11
4 12
4 13
4 14
4 271
4 273
4 384
4 259
4 21
4 22
4 23
4 25
4 513
4 27
4 28
4 30
4 645
4 33
4 35
4 36
4 37
4 38
4 41
4 298
4 775
4 44
4 305
4 50
4 52
4 54
4 649
4 571
4 61
4 318
4 63
4 64
4 67
4 325
4 71
4 524
4 77
4 386
4 592
4 84
4 270
4 601
4 91
4 604
4 96
4 353
4 357
4 97
4 364
4 367
4 626
4 116
4 117
4 119
4 121
4 123
4 381
4 126
4 128
4 130
4 640
4 388
4 133
4 392
4 108
4 653
4 142
4 656
4 145
4 644
4 579
4 148
4 150
4 537
4 154
4 111
4 671
4 411
4 164
4 796
4 170
4 171
4 684
4 662
4 179
4 181
4 799
4 188
4 189
4 193
4 194
4 452
4 713
4 589
4 212
4 469
4 377
4 474
4 219
4 480
4 228
4 294
4 233
4 234
4 500
4 758
4 247
4 764
5 699
5 6
5 7
5 8
5 9
5 10
5 11
5 12
5 13
5 256
5 15
5 16
5 17
5 19
5 532
5 277
5 22
5 23
5 25
5 26
5 27
5 28
5 30
5 543
5 33
5 34
5 36
5 293
5 38
5 43
5 45
5 46
5 303
5 48
5 561
5 306
5 51
5 56
5 569
5 62
5 69
5 582
5 71
5 72
5 268
5 74
5 77
5 79
5 82
5 83
5 86
5 87
5 770
5 91
5 92
5 93
5 351
5 96
5 98
5 355
5 101
5 583
5 103
5 106
5 359
5 620
5 110
5 115
5 117
5 119
5 120
5 121
5 133
5 134
5 137
5 138
5 140
5 402
5 404
5 410
5 159
5 420
5 555
5 681
5 426
5 199
5 371
5 694
5 183
5 185
5 187
5 700
5 445
5 195
5 708
5 289
5 202
5 205
5 463
5 208
5 774
5 472
5 218
5 222
5 464
5 482
5 229
5 487
5 490
5 327
5 237
5 497
5 501
5 246
5 443
6 262
6 7
6 8
6 9
6 10
6 11
6 12
6 13
6 14
6 15
6 16
6 17
6 19
6 20
6 22
6 279
6 24
6 26
6 27
6 29
6 31
6 545
6 34
6 35
6 36
6 40
6 42
6 45
6 46
6 47
6 48
6 49
6 675
6 56
6 60
6 62
6 63
6 694
6 597
6 72
6 76
6 77
6 525
6 83
6 84
6 341
6 642
6 783
6 93
6 354
6 529
6 102
6 103
6 444
6 110
6 112
6 115
6 635
6 124
6 126
6 129
6 130
6 98
6 135
6 140
6 141
6 146
6 738
6 773
6 415
6 672
6 417
6 163
6 168
6 534
6 432
6 177
6 180
6 438
6 183
6 185
6 186
6 188
6 714
6 208
6 209
6 291
6 213
6 218
6 221
6 481
6 226
6 229
6 744
6 745
6 494
6 240
6 526
6 244
6 758
6 298
6 85
7 8
7 521
7 10
7 12
7 14
7 15
7 88
7 18
7 787
7 23
7 25
7 27
7 28
7 261
7 33
7 603
7 37
7 39
7 40
7 297
7 303
7 304
7 49
7 307
7 57
7 322
7 580
7 438
7 70
7 327
7 584
7 79
7 84
7 86
7 344
7 89
7 91
7 92
7 93
7 94
7 96
7 99
7 256
7 101
7 103
7 360
7 762
7 618
7 365
7 111
7 373
7 118
7 119
7 122
7 235
7 389
7 136
7 653
7 405
7 692
7 413
7 159
7 160
7 163
7 678
7 48
7 168
7 171
7 430
7 180
7 182
7 100
7 194
7 454
7 203
7 305
7 211
7 474
7 477
7 226
7 486
7 167
7 236
7 723
7 505
7 250
7 253
7 254
8 776
8 10
8 11
8 13
8 271
8 785
8 18
8 19
8 20
8 21
8 23
8 25
8 30
8 517
8 33
8 36
8 39
8 649
8 43
8 46
8 52
8 393
8 56
8 308
8 318
8 320
8 67
8 70
8 71
8 329
8 588
8 78
8 335
8 338
8 86
8 399
8 94
8 101
8 360
8 617
8 370
8 120
8 121
8 634
8 299
8 385
8 130
8 390
8 137
8 138
8 143
8 148
8 405
8 768
8 666
8 704
8 414
8 162
8 163
8 165
8 422
8 424
8 171
8 172
8 176
8 178
8 432
8 439
8 189
8 446
8 448
8 449
8 454
8 199
8 714
8 459
8 204
8 205
8 207
8 720
8 723
8 212
8 633
8 223
8 227
8 241
8 243
8 468
8 251
9 13
9 14
9 15
9 784
9 273
9 787
9 21
9 24
9 25
9 26
9 27
9 28
9 29
9 286
9 35
9 39
9 42
9 45
9 304
9 52
9 309
9 55
9 568
9 59
9 317
9 96
9 322
9 327
9 73
9 74
9 78
9 336
9 81
9 338
9 83
9 596
9 349
9 95
9 352
9 98
9 100
9 103
9 104
9 620
9 61
9 624
9 629
9 375
9 634
9 127
9 387
9 151
9 143
9 147
9 772
9 663
9 111
9 158
9 159
9 161
9 162
9 539
9 680
9 540
9 171
9 172
9 430
9 189
9 191
9 193
9 452
9 197
9 454
9 417
9 205
9 720
9 211
9 212
9 470
9 732
9 739
9 744
9 234
9 295
9 244
9 762
10 266
10 471
10 13
10 14
10 15
10 16
10 17
10 18
10 147
10 20
10 21
10 22
10 23
10 153
10 26
10 28
10 30
10 543
10 32
10 290
10 163
10 37
10 39
10 424
10 169
10 43
10 45
10 174
10 47
10 440
10 449
10 388
10 564
10 54
10 56
10 697
10 786
10 700
10 394
10 134
10 320
10 65
10 66
10 323
10 584
10 73
10 160
10 77
10 80
10 173
10 237
10 782
10 482
10 87
10 90
10 143
10 350
10 321
10 354
10 228
10 230
10 209
10 234
10 387
10 109
10 238
10 111
10 552
10 114
10 391
10 630
10 120
10 148
11 522
11 392
11 140
11 14
11 400
11 529
11 20
11 21
11 151
11 25
11 27
11 668
11 31
11 133
11 35
11 293
11 433
11 41
11 171
11 685
11 430
11 432
11 264
11 51
11 52
11 54
11 183
11 184
11 441
11 187
11 188
11 189
11 65
11 196
11 12
11 202
11 204
11 205
11 596
11 270
11 88
11 89
11 91
11 93
11 353
11 226
11 102
11 103
11 232
11 60
11 491
11 364
11 109
11 113
11 316
11 508
11 469
12 47
12 763
12 268
12 770
12 14
12 18
12 276
12 279
12 738
12 155
12 28
12 31
12 416
12 161
12 548
12 390
12 167
12 683
12 45
12 175
12 176
12 456
12 50
12 53
12 566
12 56
12 314
12 688
12 317
12 191
12 194
12 67
12 70
12 71
12 328
12 524
12 202
12 780
12 333
12 471
12 224
12 354
12 379
12 230
12 743
12 360
12 105
12 295
12 108
12 110
12 368
12 744
12 242
12 118
12 249
12 123
12 125
13 141
13 14
13 16
13 23
13 281
13 156
13 285
13 162
13 37
13 38
13 39
13 424
13 300
13 430
13 29
13 432
13 180
13 58
13 59
13 60
13 701
13 630
13 326
13 201
13 258
13 332
13 290
13 78
13 463
13 208
13 34
13 469
13 88
13 729
13 591
13 220
13 93
13 94
13 95
13 96
13 720
13 551
13 498
13 755
13 373
13 349
13 632
13 639
14 16
14 18
14 546
14 22
14 151
14 24
14 411
14 29
14 32
14 34
14 420
14 166
14 39
14 168
14 42
14 171
14 483
14 781
14 53
14 182
14 457
14 191
14 267
14 454
14 73
14 75
14 205
14 335
14 210
14 355
14 84
14 86
14 471
14 345
14 349
14 350
14 96
14 99
14 100
14 487
14 104
14 233
14 746
14 274
14 239
14 368
14 447
14 758
14 745
14 63
14 510
15 772
15 141
15 142
15 272
15 17
15 18
15 19
15 20
15 21
15 22
15 151
15 24
15 513
15 29
15 30
15 675
15 37
15 38
15 39
15 41
15 42
15 171
15 556
15 173
15 221
15 49
15 51
15 180
15 181
15 54
15 683
15 223
15 394
15 318
15 309
15 435
15 285
15 455
15 74
15 459
15 77
15 85
15 86
15 87
15 603
15 92
15 93
15 95
15 224
15 97
15 229
15 228
15 101
15 165
15 234
15 236
15 111
15 240
15 114
15 116
15 629
15 118
15 504
16 647
16 784
16 273
16 19
16 27
16 284
16 218
16 165
16 682
16 46
16 29
16 564
16 438
16 183
16 185
16 58
16 315
16 190
16 192
16 65
16 67
16 69
16 455
16 456
16 76
16 717
16 79
16 210
16 212
16 725
16 57
16 346
16 54
16 37
16 225
16 98
16 574
16 106
16 111
16 497
16 501
16 507
16 767
16 383
17 236
17 599
17 140
17 569
17 19
17 20
17 22
17 281
17 29
17 31
17 161
17 34
17 419
17 165
17 169
17 42
17 43
17 684
17 45
17 669
17 49
17 50
17 51
17 313
17 61
17 446
17 195
17 69
17 582
17 71
17 585
17 332
17 77
17 78
17 591
17 464
17 81
17 83
17 84
17 85
17 343
17 90
17 92
17 608
17 227
17 108
17 110
17 173
17 417
17 418
17 115
17 690
17 276
17 124
17 170
17 510
17 426
18 651
18 275
18 29
18 31
18 161
18 34
18 38
18 39
18 170
18 171
18 257
18 350
18 54
18 183
18 186
18 59
18 572
18 573
18 181
18 192
18 323
18 580
18 72
18 205
18 212
18 85
18 214
18 472
18 349
18 222
18 742
18 358
18 167
18 647
18 367
18 754
18 115
18 116
18 123
18 255
19 519
19 23
19 653
19 526
19 22
19 279
19 24
19 281
19 669
19 150
19 415
19 548
19 40
19 665
19 534
19 263
19 172
19 54
19 567
19 57
19 95
19 445
19 62
19 69
19 71
19 72
19 74
19 76
19 81
19 212
19 90
19 143
19 732
19 94
19 351
19 224
19 536
19 487
19 61
19 624
19 244
19 117
19 376
19 636
20 598
20 385
20 492
20 194
20 275
20 148
20 150
20 23
20 24
20 641
20 26
20 155
20 285
20 368
20 418
20 35
20 292
20 37
20 295
20 297
20 171
20 300
20 308
20 310
20 283
20 61
20 62
20 620
20 66
20 454
20 74
20 463
20 80
20 86
20 420
20 91
20 93
20 280
20 607
20 227
20 741
20 361
20 746
20 107
20 108
20 532
20 112
20 659
20 249
20 636
21 520
21 257
21 526
21 273
21 537
21 110
21 22
21 23
21 25
21 543
21 544
21 162
21 678
21 300
21 303
21 48
21 49
21 179
21 308
21 521
21 569
21 446
21 320
21 65
21 325
21 456
21 76
21 205
21 334
21 81
21 725
21 343
21 89
21 474
21 271
21 736
21 734
21 96
21 226
21 672
21 106
21 235
21 238
21 111
21 243
21 118
21 345
21 248
21 633
21 234
21 126
22 129
22 47
22 661
22 535
22 24
22 26
22 27
22 544
22 417
22 419
22 293
22 42
22 44
22 173
22 46
22 303
22 566
22 186
22 62
22 539
22 194
22 579
22 581
22 455
22 72
22 73
22 76
22 109
22 208
22 723
22 212
22 343
22 357
22 103
22 107
22 493
22 112
22 501
22 119
22 506
22 682
22 639
23 274
23 150
23 407
23 28
23 414
23 773
23 32
23 41
23 298
23 299
23 301
23 48
23 49
23 50
23 565
23 317
23 670
23 70
23 459
23 77
23 590
23 592
23 593
23 470
23 474
23 222
23 357
23 721
23 233
23 235
23 111
23 403
23 500
23 405
24 65
24 394
24 371
24 205
24 400
24 81
24 85
24 633
24 216
24 217
24 26
24 704
24 557
24 414
24 288
24 417
24 226
24 740
24 193
24 108
24 173
24 175
24 115
24 276
24 319
25 656
25 274
25 404
25 137
25 28
25 30
25 672
25 33
25 678
25 680
25 42
25 583
25 754
25 47
25 136
25 54
25 311
25 57
25 326
25 71
25 202
25 208
25 212
25 469
25 729
25 348
25 97
25 294
25 486
25 365
25 114
25 629
25 374
25 377
25 762
26 587
26 332
26 463
26 80
26 529
26 774
26 147
26 91
26 732
26 69
26 197
26 352
26 35
26 165
26 424
26 361
26 106
26 366
26 509
26 560
26 759
26 128
26 246
26 745
26 697
26 124
26 403
27 770
27 128
27 526
27 538
27 29
27 389
27 37
27 166
27 129
27 41
27 426
27 52
27 649
27 312
27 57
27 65
27 450
27 67
27 197
27 464
27 81
27 83
27 654
27 91
27 222
27 272
27 100
27 615
27 745
27 108
27 370
27 372
27 553
27 124
28 397
28 429
28 273
28 691
28 149
28 137
28 773
28 284
28 671
28 32
28 299
28 114
28 176
28 49
28 563
28 52
28 309
28 265
28 312
28 66
28 71
28 76
28 331
28 332
28 334
28 595
28 213
28 599
28 770
28 347
28 223
28 612
28 106
28 235
28 125
28 242
28 628
28 379
28 253
28 126
29 246
29 74
29 81
29 78
29 407
29 541
29 559
29 412
29 338
29 702
29 370
29 283
29 262
29 230
29 188
29 664
29 306
29 108
29 237
29 110
29 303
29 752
29 50
29 236
29 54
29 120
29 60
29 574
29 373
30 449
30 307
30 76
30 526
30 335
30 487
30 633
30 88
30 154
30 219
30 413
30 33
30 482
30 35
30 553
30 39
30 64
30 298
30 107
30 44
30 110
30 431
30 477
30 433
30 626
30 115
30 437
30 425
30 527
30 186
30 490
31 392
31 128
31 597
31 399
31 275
31 152
31 667
31 416
31 33
31 546
31 36
31 166
31 49
31 42
31 427
31 173
31 175
31 305
31 181
31 310
31 55
31 185
31 58
31 394
31 62
31 74
31 204
31 78
31 85
31 57
31 217
31 527
31 92
31 477
31 483
31 100
31 105
31 621
31 750
31 506
31 251
31 255
32 567
32 73
32 279
32 652
32 418
32 335
32 684
32 494
32 86
32 655
32 157
32 741
32 33
32 34
32 419
32 293
32 614
32 103
32 104
32 233
32 363
32 108
32 109
32 238
32 477
32 749
32 693
32 119
32 57
32 251
32 126
32 377
33 520
33 331
33 77
33 714
33 677
33 594
33 416
33 276
33 456
33 151
33 216
33 155
33 284
33 221
33 158
33 475
33 646
33 412
33 370
33 369
33 50
33 659
33 53
33 246
33 606
33 569
33 317
33 447
34 328
34 716
34 204
34 205
34 400
34 598
34 537
34 130
34 286
34 223
34 290
34 355
34 198
34 295
34 476
34 551
34 365
34 48
34 563
34 350
34 246
34 543
34 121
34 351
34 658
35 195
35 134
35 399
35 145
35 85
35 267
35 452
35 367
35 557
35 799
35 420
35 37
35 39
35 296
35 41
35 491
35 364
35 109
35 303
35 432
35 371
35 73
35 187
35 701
36 197
36 65
36 137
36 330
36 203
36 256
36 784
36 145
36 275
36 84
36 278
36 601
36 282
36 314
36 93
36 768
36 352
36 225
36 37
36 294
36 170
36 257
36 49
36 370
36 117
36 56
36 313
36 58
36 316
36 492
37 67
37 262
37 428
37 204
37 77
37 320
37 82
37 195
37 85
37 153
37 216
37 68
37 156
37 304
37 460
37 475
37 360
37 106
37 300
37 274
37 305
37 496
37 375
37 120
37 249
37 737
37 60
37 126
37 725
38 326
38 64
38 130
38 209
38 83
38 66
38 593
38 472
38 540
38 159
38 160
38 481
38 164
38 223
38 796
38 426
38 174
38 112
38 117
38 630
38 55
38 607
38 187
38 181
39 322
39 132
39 76
39 339
39 739
39 216
39 559
39 271
39 751
39 159
39 166
39 102
39 257
39 46
39 47
39 49
39 659
39 52
39 53
39 521
39 761
39 188
39 573
39 511
40 128
40 67
40 136
40 528
40 273
40 665
40 792
40 484
40 90
40 731
40 506
40 287
40 161
40 292
40 229
40 486
40 231
40 552
40 683
40 353
40 49
40 627
40 52
40 180
40 186
40 95
40 765
41 67
41 325
41 113
41 83
41 468
41 260
41 93
41 542
41 735
41 354
41 294
41 103
41 168
41 234
41 743
41 387
41 411
41 110
41 765
41 49
41 50
41 179
41 180
41 343
41 570
41 763
41 60
41 618
42 577
42 537
42 70
42 327
42 328
42 522
42 76
42 258
42 528
42 81
42 146
42 757
42 409
42 527
42 493
42 544
42 610
42 356
42 553
42 555
42 402
42 563
42 703
42 115
42 629
42 374
42 73
42 632
42 635
42 381
42 446
42 511
43 130
43 258
43 82
43 341
43 216
43 730
43 47
43 344
43 164
43 168
43 61
43 111
43 691
43 181
43 248
43 121
43 250
43 59
43 253
43 501
44 129
44 520
44 386
44 578
44 196
44 87
44 324
44 155
44 416
44 368
44 99
44 228
44 295
44 170
44 107
44 236
44 679
44 48
44 705
44 544
44 694
44 58
44 59
44 764
45 65
45 717
45 720
45 401
45 148
45 213
45 473
45 666
45 221
45 453
45 97
45 739
45 105
45 687
45 50
45 564
45 73
45 440
45 251
45 74
46 196
46 777
46 267
46 704
46 275
46 532
46 152
46 367
46 156
46 605
46 353
46 354
46 228
46 636
46 106
46 108
46 303
46 433
46 179
46 309
46 234
46 634
46 124
46 189
46 575
47 778
47 66
47 487
47 201
47 258
47 271
47 528
47 148
47 794
47 103
47 285
47 159
47 355
47 165
47 106
47 620
47 243
47 372
47 629
47 55
47 377
47 186
47 381
47 62
48 582
48 397
48 400
48 145
48 131
48 228
48 70
48 401
48 171
48 449
48 641
48 57
48 765
48 382
48 63
49 196
49 70
49 454
49 177
49 491
49 272
49 146
49 428
49 505
49 554
49 604
49 738
49 65
49 234
49 71
49 236
49 174
49 111
49 113
49 116
49 300
49 441
49 159
49 700
49 189
49 661
50 64
50 67
50 70
50 199
50 74
50 75
50 66
50 109
50 131
50 589
50 419
50 134
50 145
50 225
50 176
50 305
50 54
50 119
50 120
50 443
50 769
51 258
51 64
51 73
51 458
51 652
51 687
51 531
51 277
51 473
51 603
51 156
51 118
51 350
51 547
51 420
51 678
51 171
51 621
51 239
51 180
51 222
51 54
51 649
51 698
51 251
52 69
52 76
52 695
52 82
52 665
52 281
52 155
52 157
52 358
52 681
52 429
52 239
52 584
52 53
52 182
52 439
52 505
52 347
52 508
52 61
53 128
53 97
53 183
53 145
53 414
53 287
53 98
53 613
53 737
53 750
53 119
53 120
53 673
53 187
53 508
53 63
54 709
54 705
54 66
54 337
54 397
54 218
54 205
54 159
54 96
54 408
54 612
54 173
54 113
54 757
54 635
55 765
55 260
55 701
55 64
55 651
55 76
55 731
55 144
55 433
55 530
55 148
55 85
55 86
55 152
55 667
55 92
55 349
55 355
55 521
55 359
55 360
55 105
55 108
55 368
55 200
55 115
55 501
55 233
55 122
55 509
55 574
55 637
56 268
56 652
56 770
56 693
56 467
56 299
56 730
56 413
56 549
56 161
56 134
56 231
56 104
56 60
56 295
56 366
56 72
56 117
56 183
56 568
56 314
56 635
56 252
56 712
56 309
57 68
57 394
57 256
57 86
57 88
57 612
57 165
57 97
57 490
57 748
57 112
57 114
57 437
57 188
58 200
58 522
58 783
58 82
58 532
58 472
58 169
58 163
58 485
58 551
58 425
58 426
58 105
58 61
58 574
58 511
59 66
59 131
59 71
59 72
59 396
59 785
59 403
59 88
59 793
59 218
59 92
59 99
59 292
59 101
59 295
59 168
59 348
59 434
59 115
59 117
59 182
59 631
59 706
59 635
59 126
60 258
60 132
60 325
60 233
60 339
60 239
60 159
60 651
60 488
60 485
60 108
60 494
60 175
60 712
60 147
60 169
60 122
61 770
61 305
61 140
61 98
61 430
61 752
61 84
61 147
61 536
61 476
61 765
62 225
62 75
62 77
62 269
62 785
62 279
62 88
62 281
62 222
62 97
62 357
62 679
62 233
62 318
63 609
63 450
63 67
63 70
63 199
63 522
63 359
63 533
63 614
63 402
63 86
63 455
63 765
63 478
63 437
64 203
64 78
64 276
64 754
64 548
64 413
64 287
64 736
64 228
64 296
64 109
64 752
64 94
64 246
64 375
64 371
64 634
64 315
64 382
65 725
65 397
65 320
65 152
65 274
65 596
65 350
65 159
65 416
65 618
65 175
65 118
65 760
65 202
65 575
66 131
66 502
66 455
66 713
66 593
66 215
66 356
66 474
66 100
66 295
66 500
66 372
66 501
66 247
66 116
66 189
67 71
67 267
67 248
67 88
67 230
67 621
67 367
67 246
67 183
67 312
67 569
67 382
68 321
68 100
68 679
68 744
68 522
68 142
68 175
68 600
68 435
68 149
68 120
68 90
68 284
68 541
68 287
69 272
69 102
69 586
69 171
69 599
69 658
69 277
69 560
69 180
69 316
69 285
69 766
69 351
70 74
70 139
70 578
70 776
70 655
70 593
70 282
70 348
70 97
70 166
70 750
70 182
70 445
71 640
71 558
71 81
71 466
71 85
71 657
71 644
71 96
71 291
71 195
71 424
71 746
71 423
71 302
71 242
71 636
71 126
72 131
72 583
72 456
72 591
72 736
72 741
72 288
72 688
72 229
72 232
72 494
72 239
72 112
72 562
72 371
72 121
72 639
73 390
73 200
73 587
73 781
73 557
73 384
73 323
73 697
73 289
73 422
73 679
73 296
73 425
73 116
73 760
73 249
73 446
74 322
74 652
74 720
74 658
74 725
74 87
74 218
74 159
74 636
74 234
74 111
74 188
74 126
75 618
75 294
75 649
75 96
75 382
75 268
75 224
75 765
75 80
75 394
75 568
75 364
75 93
75 222
76 580
76 257
76 212
76 408
76 90
76 304
76 98
76 547
76 484
76 710
76 102
76 112
76 561
76 636
77 451
77 203
77 333
77 256
77 83
77 270
77 171
77 304
77 433
77 242
77 243
77 245
77 118
77 138
77 373
78 131
78 580
78 129
78 394
78 83
78 601
78 473
78 411
78 604
78 351
78 489
78 299
78 110
78 495
78 179
78 310
78 233
78 632
78 250
78 287
78 735
78 575
79 707
79 292
79 553
79 588
79 723
79 243
79 342
79 215
79 283
80 448
80 651
80 715
80 316
80 234
80 110
80 527
80 700
80 209
80 329
80 536
80 154
80 92
81 576
81 268
81 450
81 781
81 148
81 412
81 93
81 97
81 103
81 600
81 169
81 532
81 112
81 308
81 436
81 442
82 193
82 323
82 708
82 520
82 458
82 273
82 798
82 546
82 229
82 550
82 167
82 105
82 106
82 748
82 189
82 362
82 695
82 253
82 383
83 326
83 392
83 266
83 268
83 399
83 656
83 338
83 782
83 101
83 352
83 667
83 360
83 491
83 236
83 110
83 755
83 181
83 118
83 556
84 389
84 104
84 236
84 397
84 495
84 144
84 514
84 86
84 315
84 286
84 671
85 324
85 325
85 267
85 400
85 547
85 151
85 293
85 288
85 418
85 536
85 357
85 617
85 173
85 174
85 370
85 722
85 188
85 510
85 703
86 578
86 684
86 267
86 141
86 87
86 92
86 549
86 164
86 101
86 300
86 301
86 438
87 214
87 797
87 641
87 753
87 658
87 113
87 573
87 318
87 183
87 495
87 158
88 517
88 327
88 778
88 419
88 276
88 150
88 344
88 671
88 163
88 236
88 685
88 626
88 692
88 310
88 312
89 580
89 393
89 128
89 387
89 474
89 395
89 282
89 414
89 101
89 604
89 234
89 245
89 138
89 249
89 330
90 129
90 706
90 492
90 269
90 336
90 338
90 469
90 633
90 350
90 98
90 364
90 429
90 240
90 697
90 379
91 128
91 148
91 591
91 234
91 598
91 303
91 533
91 406
91 121
91 93
92 640
92 216
92 474
92 603
92 704
92 312
92 230
92 664
92 591
92 691
92 630
92 568
92 319
93 603
93 262
93 663
93 612
93 156
93 163
93 678
93 295
93 263
93 310
93 105
93 316
93 510
94 132
94 262
94 567
94 649
94 461
94 433
94 119
94 493
94 124
94 541
94 318
95 709
95 138
95 399
95 464
95 463
95 667
95 290
95 230
95 106
95 238
95 372
95 182
95 315
95 266
95 254
96 522
96 153
96 284
96 418
96 227
96 620
96 590
96 694
96 577
96 444
96 586
96 190
97 131
97 137
97 266
97 275
97 148
97 469
97 220
97 163
97 426
97 753
97 124
97 703
98 388
98 136
98 450
98 142
98 594
98 151
98 722
98 346
98 542
98 784
98 103
98 557
98 776
98 440
98 315
99 669
99 297
99 299
99 162
99 527
99 113
99 105
99 717
99 377
99 572
99 541
99 350
100 416
100 227
100 716
100 298
100 235
100 652
100 685
100 659
100 148
100 430
100 280
100 476
101 450
101 140
101 204
101 144
101 663
101 350
101 420
101 300
101 190
101 309
101 631
101 192
101 510
102 656
102 131
102 596
102 670
102 195
102 104
102 105
102 554
102 109
102 624
102 116
102 350
102 682
103 503
103 742
103 173
103 327
103 331
104 553
104 394
104 619
104 428
104 145
104 222
104 457
104 190
104 127
105 738
105 292
105 380
105 110
105 334
105 728
105 250
105 281
106 206
106 275
106 214
106 419
106 423
106 488
106 682
106 181
106 124
106 510
107 256
107 454
107 552
107 458
107 140
107 272
107 297
107 492
107 447
108 578
108 144
108 254
108 221
108 784
108 657
108 488
108 109
108 309
108 188
108 382
109 331
109 667
109 269
109 207
109 208
109 280
109 152
109 155
109 592
109 552
109 301
109 245
109 439
109 248
109 250
109 411
109 191
110 451
110 324
110 269
110 150
110 215
110 720
110 294
110 429
110 659
110 116
110 117
110 313
110 762
110 189
111 400
111 330
111 467
111 566
111 536
111 153
111 220
111 345
111 565
112 263
112 233
112 480
112 481
112 341
112 601
112 155
112 598
112 373
113 261
113 711
113 488
113 364
113 739
113 148
113 343
113 665
113 314
114 225
114 534
114 504
114 605
114 190
115 780
115 396
115 336
115 405
115 348
115 285
115 608
115 227
115 617
115 685
115 246
115 185
115 507
116 783
116 574
116 426
116 141
116 334
116 374
116 612
116 218
116 347
116 124
116 382
117 326
117 395
117 141
117 207
117 145
117 148
117 540
117 675
117 548
117 745
117 753
117 121
118 630
118 611
118 422
118 747
118 566
118 151
118 153
118 495
118 573
119 392
119 235
119 338
119 365
119 218
119 699
119 730
119 415
120 134
120 652
120 494
120 215
120 388
121 206
121 404
121 374
121 410
121 798
121 277
122 355
122 356
122 453
122 764
122 652
122 354
122 303
122 273
122 436
122 687
122 189
123 133
123 328
123 203
123 204
123 367
123 753
123 211
123 730
123 460
123 389
124 643
124 129
124 396
124 147
124 448
124 302
124 278
124 153
124 283
124 422
124 487
124 234
125 128
125 643
125 197
125 302
125 500
125 238
125 671
125 318
125 127
126 162
126 519
126 301
126 302
126 333
126 534
126 308
126 246
126 727
126 659
126 477
127 299
127 484
127 421
127 666
127 170
127 523
127 653
127 221
127 437
127 344
127 602
128 225
128 358
128 433
128 298
128 236
128 461
128 381
128 360
128 575
128 511
128 158
129 192
129 610
129 251
129 133
129 747
129 140
129 374
129 384
129 560
129 286
129 261
130 199
130 138
130 738
130 144
130 466
130 147
130 727
130 666
130 156
130 350
130 672
130 678
130 760
130 251
130 134
131 352
131 547
131 230
131 523
131 440
131 158
132 195
132 137
132 295
132 465
132 547
132 340
132 797
132 319
133 482
133 487
133 299
133 396
133 139
133 150
133 411
134 388
134 615
134 140
134 750
134 239
134 283
134 543
135 389
135 143
135 689
135 314
135 571
135 767
135 346
135 158
135 479
136 547
136 417
136 270
136 749
136 504
136 210
136 467
136 696
136 152
136 615
137 390
137 161
137 454
137 337
137 314
137 667
137 254
138 262
138 361
138 621
138 240
138 744
138 597
138 444
139 612
139 172
139 268
139 693
139 148
139 382
139 183
139 308
139 158
139 261
140 519
140 745
140 777
140 465
140 659
140 244
140 503
140 657
141 481
141 674
141 730
141 794
141 798
141 219
141 207
141 497
141 217
141 346
141 564
141 158
142 355
142 710
142 647
142 175
142 648
142 691
142 276
142 246
142 472
142 379
143 400
143 245
143 458
143 442
144 251
144 745
144 782
144 495
144 214
144 628
144 635
145 290
145 234
145 653
145 707
145 791
145 260
146 160
146 321
146 196
146 657
146 426
146 434
146 439
146 152
146 324
146 154
146 607
146 216
146 410
146 344
147 293
147 202
147 396
147 155
147 415
148 514
148 684
148 787
148 345
149 227
149 769
149 361
149 652
149 527
149 291
149 596
149 535
149 664
149 314
149 252
150 631
150 694
151 651
151 166
151 558
151 169
151 561
151 563
151 739
151 762
151 219
152 518
152 779
152 528
152 753
152 403
152 730
153 324
154 419
154 664
154 687
154 493
154 205
155 198
155 449
155 201
155 663
155 397
155 342
155 535
155 285
155 162
155 358
155 745
155 308
155 182
155 248
156 627
156 307
156 653
156 404
156 782
156 633
156 318
157 513
157 307
157 583
157 211
157 247
157 640
157 167
157 286
158 300
158 320
158 611
158 694
158 363
158 317
158 799
159 619
159 385
159 176
159 186
160 356
160 485
160 172
160 719
160 625
160 595
161 582
161 283
162 228
162 391
162 401
162 473
163 677
163 730
163 397
163 559
163 210
163 757
164 419
164 299
164 224
164 211
164 316
164 491
165 224
165 259
165 708
165 551
165 205
165 654
165 692
165 277
165 475
166 644
166 649
166 265
166 524
166 195
166 501
166 184
166 670
167 196
167 325
167 199
167 477
167 241
168 485
168 394
168 791
168 593
168 211
168 503
168 517
169 290
169 198
169 224
169 757
169 312
169 509
169 607
170 279
170 538
170 660
170 221
170 478
171 468
171 794
171 348
171 223
171 292
171 295
171 426
171 564
172 320
172 619
172 640
172 255
173 324
173 416
173 177
173 652
173 229
173 307
173 297
173 422
173 693
174 640
174 326
174 712
174 409
174 601
175 450
175 571
175 785
175 402
175 208
175 336
175 306
175 659
175 228
175 474
175 514
175 573
176 370
176 359
176 361
176 306
176 309
176 439
177 535
177 527
178 273
178 371
178 503
178 600
178 442
179 254
179 330
180 482
180 357
180 715
180 486
181 518
181 231
182 321
182 779
182 255
182 242
182 211
182 270
182 417
183 672
183 580
183 497
183 583
183 500
183 285
184 335
184 787
184 511
184 697
184 282
184 189
184 221
185 720
185 642
185 345
185 568
185 281
185 590
186 585
186 416
186 279
186 351
187 194
187 743
187 233
187 300
187 386
187 576
187 218
187 538
188 358
188 593
188 607
188 283
188 510
188 565
189 193
189 536
189 584
189 438
189 228
189 477
190 227
190 740
190 222
191 555
191 715
191 781
191 400
191 248
191 634
191 317
192 356
192 401
192 225
192 232
192 448
193 357
193 330
193 530
193 339
193 244
193 767
194 480
194 678
194 294
194 528
194 348
194 257
195 395
195 205
195 797
195 217
195 228
195 260
196 325
196 198
196 225
196 236
196 426
196 605
196 227
196 364
196 638
197 675
197 517
197 742
197 769
197 362
197 214
197 745
197 441
198 771
198 517
198 333
198 738
199 731
199 479
199 239
200 328
200 348
201 235
201 644
201 358
201 345
201 634
201 284
202 473
202 430
202 517
203 591
203 480
203 758
203 228
203 607
203 797
203 543
204 364
205 644
205 721
205 456
205 713
205 745
205 574
206 306
206 293
206 399
206 530
206 271
207 535
207 307
208 324
208 396
208 274
208 660
208 716
208 374
208 428
208 348
208 349
208 780
209 368
209 498
209 371
209 244
209 529
209 660
209 690
210 690
210 476
210 284
210 701
211 663
211 728
211 798
211 415
212 240
212 393
212 624
213 563
213 509
213 414
213 269
214 374
214 450
214 462
215 512
215 323
215 740
215 265
215 770
215 514
216 224
216 333
216 353
216 505
216 672
216 641
217 532
217 245
217 782
218 289
218 633
218 552
218 699
218 638
218 441
218 538
218 490
218 446
219 256
219 320
219 657
219 234
220 721
220 671
221 676
221 777
221 279
221 665
221 379
222 235
222 743
222 394
222 690
222 372
222 299
223 231
223 392
223 557
223 401
223 437
223 696
223 721
223 574
224 587
224 647
224 497
224 338
224 279
224 377
224 541
225 591
225 724
225 762
225 316
225 382
226 416
226 779
226 647
226 258
226 670
226 415
227 228
227 250
227 284
228 262
228 620
228 524
228 345
228 527
228 249
229 690
230 480
230 740
230 590
230 719
230 530
230 311
231 406
231 599
231 463
232 355
232 576
233 422
233 769
233 297
234 613
234 365
234 626
234 702
235 419
235 400
235 427
236 635
237 499
237 280
237 334
237 445
238 755
238 247
238 587
239 422
239 455
239 751
240 336
240 542
241 758
241 479
242 296
242 279
243 416
243 630
243 284
244 544
244 292
244 426
244 307
244 246
245 560
245 485
245 796
246 531
246 378
246 442
247 640
247 499
247 743
247 506
248 673
248 646
248 367
248 437
249 496
249 580
249 381
249 543
250 452
250 522
250 663
250 720
250 644
250 313
250 345
250 541
250 350
251 484
251 517
251 619
251 506
251 688
252 422
252 442
252 618
253 544
253 747
253 795
253 283
254 677
255 289
255 659
255 261
255 519
255 313
255 335
255 542
256 780
256 333
257 744
257 396
257 375
257 345
257 443
257 316
258 591
258 353
258 601
259 356
259 446
259 420
259 606
259 637
260 381
260 685
260 275
260 313
260 296
261 300
262 268
262 532
262 282
262 700
262 671
263 464
263 512
263 391
263 314
263 666
264 743
264 680
264 265
264 334
265 380
265 671
265 447
266 650
267 708
267 517
267 636
267 656
267 722
267 633
267 731
267 412
267 542
268 284
269 583
269 601
269 314
270 747
270 365
272 599
273 739
273 685
273 401
273 280
274 326
274 557
274 465
274 505
274 666
275 286
275 422
276 698
276 315
277 741
277 648
277 283
278 408
278 489
278 728
279 698
279 563
279 532
279 758
279 280
279 604
280 760
280 748
281 598
281 456
281 298
281 583
282 298
282 324
282 597
283 292
283 732
284 295
284 467
284 417
285 330
285 462
285 597
285 340
285 410
285 315
286 357
286 294
286 701
286 389
287 710
287 551
287 425
288 514
288 484
288 305
288 716
288 597
289 480
289 772
289 521
289 299
289 567
289 495
289 373
290 795
290 591
290 312
290 731
290 318
291 697
291 398
292 417
292 463
292 483
292 342
292 318
293 515
293 772
293 358
293 303
293 317
294 402
295 338
295 341
295 343
295 695
296 321
296 690
296 403
297 322
297 697
298 655
299 721
299 451
299 761
300 340
300 448
301 676
301 789
301 349
302 342
302 333
303 597
303 403
304 610
304 500
304 314
304 629
306 562
306 663
306 501
307 339
308 329
308 496
311 515
311 323
311 340
311 557
311 528
312 373
313 734
314 400
314 683
315 420
315 426
315 354
315 596
315 343
315 440
316 648
316 713
316 638
317 340
317 412
318 531
319 469
319 780
319 748
319 638
320 364
320 725
320 347
320 797
321 672
321 657
321 710
322 715
323 433
323 676
323 338
324 704
324 446
324 621
325 625
325 785
326 657
326 536
326 381
327 447
327 767
327 639
328 416
328 719
328 687
329 753
329 551
330 726
330 440
331 712
331 762
331 618
331 542
332 702
333 562
333 614
333 605
334 465
334 451
334 359
334 629
335 610
335 548
335 446
335 728
336 388
336 709
336 707
336 425
337 353
338 618
338 621
338 797
339 718
339 521
339 526
340 660
341 774
341 611
341 342
341 394
342 738
342 456
342 617
343 626
343 551
344 376
344 795
345 708
345 659
345 604
345 606
346 507
347 563
347 415
348 465
348 559
349 651
349 678
349 570
349 583
350 546
351 774
352 584
352 549
353 723
353 453
353 639
354 386
354 598
354 423
355 514
356 725
356 557
356 399
357 653
357 761
357 797
357 479
358 397
359 498
359 424
361 563
363 468
363 561
364 588
364 368
364 441
365 613
366 735
367 634
369 578
369 499
369 388
369 437
369 423
369 750
369 767
370 539
371 550
371 619
371 524
372 632
372 551
372 557
372 637
373 411
374 387
374 648
375 518
375 775
375 472
375 542
375 703
376 759
376 747
377 458
377 711
377 378
378 797
379 704
379 438
380 784
380 486
380 552
380 540
381 577
381 787
381 685
382 468
382 469
383 668
384 642
384 614
384 422
384 607
385 785
385 595
386 443
386 686
388 693
388 409
388 523
389 510
389 705
390 493
391 464
392 455
393 604
393 665
394 395
394 680
395 512
395 582
395 620
395 666
396 514
396 408
396 605
396 797
397 635
397 469
398 521
400 497
400 788
402 576
402 663
402 582
402 718
403 643
403 560
404 705
404 408
404 799
405 417
405 531
406 530
406 436
407 409
407 623
409 579
409 471
410 693
410 493
411 712
411 568
411 635
412 547
412 711
413 561
413 643
413 548
413 471
414 434
414 437
415 521
416 634
417 761
418 792
418 446
419 633
419 512
420 687
421 688
421 723
421 502
421 695
422 727
422 672
422 671
424 491
427 777
427 444
427 703
428 785
428 622
428 559
429 432
429 643
429 799
430 664
430 764
430 727
431 552
432 450
432 442
432 558
433 594
433 685
434 687
435 519
436 517
436 576
436 521
436 540
436 673
438 440
438 780
439 699
439 657
439 667
439 735
441 560
441 676
441 797
442 460
443 756
444 551
445 722
445 484
446 534
447 596
447 526
447 598
447 631
447 614
448 725
448 699
449 684
449 525
450 583
450 668
451 539
451 533
452 501
452 652
452 602
453 488
453 520
455 509
455 767
457 724
457 638
457 739
459 709
461 593
461 475
462 584
464 578
464 524
464 525
464 670
466 758
467 481
470 635
470 571
471 659
471 530
472 529
472 549
473 533
473 663
474 476
474 493
475 595
475 512
475 637
475 622
476 629
476 540
480 795
480 628
481 545
481 502
481 637
482 688
482 567
483 661
486 519
487 592
488 597
488 591
491 618
492 584
493 513
493 548
494 723
494 522
494 571
494 797
494 799
495 559
497 618
499 609
502 764
502 589
503 675
504 639
505 745
505 599
505 712
506 754
508 705
508 563
508 717
510 616
510 600
511 562
511 654
512 544
512 690
512 549
513 671
514 545
514 697
516 727
517 788
518 700
519 741
520 707
520 776
520 570
520 558
521 716
522 532
523 534
524 715
525 583
527 612
528 674
529 626
529 620
530 795
530 630
531 772
531 540
532 614
532 629
533 560
533 678
537 551
537 703
538 683
540 697
540 794
540 587
546 688
546 681
546 569
547 711
548 608
549 623
550 716
553 647
555 723
557 581
559 686
559 721
559 590
559 598
559 783
559 638
561 586
562 630
564 675
564 790
565 644
570 627
570 753
573 601
574 741
575 627
582 790
583 646
585 765
586 700
589 632
591 594
591 634
592 688
593 673
594 651
594 765
596 715
596 765
597 646
599 698
601 661
602 742
604 610
606 611
606 762
610 643
610 689
610 684
611 761
612 729
613 797
614 704
615 748
617 677
619 720
619 708
622 655
624 725
626 685
627 641
628 650
635 737
635 645
643 787
646 693
648 736
653 710
654 701
655 759
657 757
659 695
663 712
665 677
665 721
668 784
668 713
672 779
676 793
678 747
680 762
683 788
687 775
688 730
691 766
695 770
698 771
699 702
704 721
707 782
711 794
715 792
720 752
722 781
723 731
727 771
732 740
745 769
746 787
764 779
