0 512
0 1
0 2
0 3
0 4
0 5
0 6
0 7
0 8
0 9
0 10
0 11
0 12
0 13
0 14
0 15
0 16
0 17
0 18
0 19
0 20
0 21
0 22
0 23
0 24
0 25
0 26
0 27
0 28
0 29
0 30
0 31
0 32
0 33
0 34
0 35
0 36
0 37
0 38
0 39
0 40
0 41
0 42
0 43
0 44
0 45
0 46
0 47
0 48
0 49
0 50
0 51
0 52
0 53
0 54
0 55
0 56
0 57
0 58
0 59
0 60
0 61
0 62
0 63
0 64
0 65
0 66
0 67
0 68
0 69
0 582
0 71
0 524
0 74
0 75
0 77
0 78
0 79
0 80
0 81
0 594
0 83
0 85
0 86
0 87
0 88
0 89
0 91
0 92
0 93
0 94
0 95
0 96
0 97
0 98
0 699
0 612
0 101
0 102
0 615
0 616
0 105
0 617
0 107
0 109
0 110
0 111
0 112
0 113
0 114
0 115
0 117
0 118
0 119
0 121
0 122
0 635
0 124
0 125
0 126
0 127
0 128
0 129
0 130
0 131
0 132
0 133
0 134
0 135
0 136
0 137
0 651
0 140
0 653
0 142
0 144
0 145
0 147
0 148
0 149
0 150
0 151
0 154
0 155
0 668
0 157
0 158
0 671
0 160
0 161
0 674
0 539
0 164
0 167
0 169
0 170
0 173
0 175
0 177
0 691
0 756
0 182
0 652
0 543
0 188
0 714
0 190
0 193
0 630
0 710
0 552
0 200
0 202
0 204
0 546
0 206
0 717
0 210
0 723
0 213
0 548
0 218
0 219
0 598
0 222
0 223
0 224
0 737
0 739
0 229
0 232
0 233
0 746
0 747
0 237
0 238
0 751
0 752
0 241
0 622
0 244
0 247
0 762
0 252
0 253
0 605
0 255
0 256
0 571
0 554
0 513
0 262
0 263
0 264
0 265
0 268
0 269
0 785
0 278
0 825
0 283
0 284
0 572
0 290
0 803
0 292
0 294
0 295
0 298
0 812
0 562
0 820
0 310
0 641
0 564
0 827
0 831
0 834
0 325
0 327
0 328
0 329
0 802
0 849
0 339
0 654
0 343
0 349
0 540
0 353
0 355
0 356
0 360
0 361
0 806
0 367
0 370
0 599
0 374
0 609
0 660
0 380
0 661
0 385
0 387
0 388
0 389
0 392
0 393
0 395
0 396
0 578
0 399
0 401
0 404
0 593
0 407
0 408
0 559
0 411
0 414
0 416
0 417
0 418
0 667
0 424
0 538
0 428
0 669
0 436
0 441
0 443
0 636
0 449
0 606
0 451
0 673
0 456
0 457
0 722
0 469
0 719
0 472
0 474
0 702
0 477
0 766
0 485
0 685
0 487
0 491
0 498
0 501
0 503
0 576
0 506
0 767
0 510
0 511
1 2
1 3
1 4
1 5
1 6
1 7
1 8
1 9
1 10
1 11
1 12
1 13
1 14
1 15
1 16
1 17
1 18
1 19
1 20
1 21
1 22
1 23
1 24
1 25
1 26
1 27
1 28
1 29
1 31
1 32
1 34
1 35
1 36
1 37
1 38
1 39
1 40
1 41
1 42
1 43
1 45
1 47
1 49
1 50
1 51
1 52
1 54
1 55
1 56
1 57
1 58
1 60
1 63
1 64
1 65
1 67
1 580
1 69
1 70
1 75
1 76
1 79
1 82
1 83
1 84
1 85
1 88
1 89
1 90
1 91
1 92
1 93
1 94
1 95
1 608
1 97
1 99
1 100
1 101
1 102
1 529
1 105
1 108
1 530
1 110
1 111
1 112
1 113
1 122
1 124
1 637
1 126
1 127
1 128
1 134
1 135
1 639
1 550
1 652
1 142
1 143
1 145
1 789
1 622
1 150
1 151
1 153
1 671
1 636
1 674
1 679
1 681
1 170
1 549
1 173
1 177
1 178
1 179
1 183
1 194
1 195
1 716
1 202
1 203
1 204
1 514
1 210
1 718
1 548
1 218
1 223
1 604
1 226
1 228
1 229
1 231
1 232
1 233
1 235
1 236
1 751
1 240
1 552
1 754
1 690
1 760
1 249
1 251
1 640
1 555
1 261
1 774
1 263
1 777
1 273
1 274
1 788
1 277
1 278
1 282
1 795
1 796
1 292
1 809
1 812
1 302
1 816
1 818
1 819
1 312
1 317
1 836
1 331
1 568
1 338
1 339
1 340
1 346
1 657
1 366
1 372
1 376
1 685
1 393
1 399
1 402
1 403
1 405
1 411
1 412
1 420
1 425
1 427
1 439
1 526
1 451
1 455
1 456
1 588
1 460
1 468
1 472
1 478
1 480
1 483
1 485
1 486
1 488
1 491
1 494
1 496
1 579
1 499
1 501
2 514
2 3
2 4
2 5
2 6
2 7
2 8
2 9
2 10
2 11
2 12
2 13
2 14
2 15
2 16
2 17
2 18
2 19
2 20
2 21
2 22
2 23
2 24
2 25
2 26
2 27
2 30
2 32
2 432
2 34
2 35
2 36
2 37
2 38
2 39
2 41
2 42
2 775
2 44
2 45
2 46
2 47
2 48
2 264
2 50
2 308
2 54
2 312
2 57
2 58
2 59
2 60
2 61
2 62
2 577
2 267
2 68
2 69
2 841
2 74
2 75
2 76
2 386
2 81
2 338
2 83
2 398
2 342
2 569
2 344
2 91
2 92
2 93
2 95
2 97
2 827
2 529
2 104
2 572
2 716
2 743
2 108
2 110
2 111
2 114
2 115
2 117
2 118
2 119
2 121
2 634
2 124
2 126
2 130
2 643
2 779
2 133
2 646
2 136
2 396
2 142
2 657
2 658
2 147
2 408
2 666
2 667
2 669
2 414
2 159
2 160
2 162
2 165
2 678
2 167
2 688
2 551
2 816
2 176
2 286
2 694
2 560
2 184
2 697
2 187
2 188
2 190
2 325
2 562
2 193
2 195
2 337
2 713
2 202
2 375
2 204
2 205
2 207
2 209
2 595
2 211
2 214
2 702
2 221
2 480
2 225
2 732
2 259
2 490
2 235
2 723
2 499
2 760
2 249
2 508
2 766
3 4
3 5
3 6
3 7
3 8
3 9
3 10
3 11
3 12
3 13
3 14
3 15
3 16
3 17
3 18
3 19
3 20
3 21
3 22
3 23
3 24
3 25
3 27
3 540
3 31
3 33
3 34
3 35
3 38
3 561
3 42
3 299
3 44
3 301
3 46
3 48
3 305
3 562
3 566
3 265
3 824
3 57
3 60
3 61
3 437
3 343
3 67
3 324
3 70
3 71
3 328
3 73
3 258
3 333
3 79
3 84
3 86
3 87
3 91
3 93
3 719
3 95
3 353
3 98
3 99
3 360
3 106
3 487
3 364
3 109
3 110
3 624
3 498
3 302
3 116
3 118
3 119
3 120
3 121
3 382
3 131
3 534
3 780
3 648
3 394
3 139
3 706
3 142
3 143
3 149
3 407
3 152
3 416
3 283
3 420
3 422
3 168
3 796
3 682
3 173
3 433
3 729
3 692
3 181
3 585
3 372
3 186
3 188
3 586
3 449
3 194
3 715
3 454
3 711
3 375
3 663
3 207
3 464
3 465
3 210
3 291
3 212
3 213
3 473
3 335
3 817
3 736
3 806
3 231
3 508
3 234
3 847
3 619
3 242
3 244
3 547
3 248
3 596
3 762
3 507
3 252
3 801
4 5
4 6
4 7
4 8
4 9
4 10
4 11
4 12
4 13
4 15
4 16
4 17
4 18
4 19
4 20
4 21
4 23
4 24
4 25
4 26
4 47
4 30
4 287
4 32
4 34
4 36
4 294
4 39
4 41
4 42
4 43
4 257
4 301
4 44
4 49
4 50
4 54
4 312
4 57
4 267
4 580
4 837
4 332
4 78
4 81
4 82
4 84
4 642
4 603
4 93
4 609
4 610
4 99
4 101
4 273
4 105
4 106
4 364
4 109
4 111
4 113
4 371
4 119
4 632
4 124
4 637
4 638
4 383
4 128
4 130
4 662
4 138
4 535
4 144
4 792
4 658
4 403
4 404
4 554
4 152
4 836
4 154
4 751
4 158
4 417
4 674
4 675
4 676
4 166
4 753
4 169
4 170
4 171
4 687
4 176
4 178
4 670
4 442
4 189
4 190
4 201
4 719
4 211
4 292
4 222
4 225
4 738
4 743
4 239
4 240
4 241
4 756
4 761
4 506
4 764
4 426
4 766
5 214
5 6
5 7
5 8
5 9
5 11
5 13
5 256
5 15
5 16
5 17
5 18
5 19
5 529
5 21
5 22
5 536
5 516
5 699
5 47
5 33
5 802
5 35
5 294
5 41
5 43
5 300
5 44
5 306
5 51
5 308
5 53
5 265
5 313
5 58
5 59
5 61
5 575
5 812
5 328
5 330
5 55
5 844
5 79
5 80
5 81
5 270
5 599
5 90
5 271
5 606
5 96
5 610
5 99
5 101
5 103
5 105
5 362
5 365
5 110
5 367
5 118
5 375
5 122
5 127
5 132
5 134
5 135
5 142
5 414
5 539
5 688
5 72
5 179
5 180
5 443
5 74
5 190
5 502
5 202
5 203
5 811
5 208
5 210
5 470
5 728
5 734
5 223
5 480
5 336
5 227
5 486
5 231
5 491
5 749
5 244
5 246
5 297
5 505
6 7
6 9
6 10
6 13
6 256
6 15
6 17
6 19
6 20
6 22
6 23
6 24
6 537
6 26
6 283
6 284
6 32
6 816
6 36
6 37
6 38
6 807
6 40
6 42
6 44
6 559
6 48
6 49
6 51
6 564
6 55
6 57
6 67
6 70
6 72
6 73
6 79
6 80
6 338
6 270
6 93
6 94
6 351
6 98
6 107
6 531
6 632
6 382
6 383
6 134
6 394
6 150
6 25
6 152
6 157
6 158
6 419
6 241
6 424
6 682
6 173
6 183
6 187
6 202
6 703
6 457
6 458
6 716
6 207
6 675
6 220
6 221
6 735
6 224
6 592
6 739
6 748
6 238
6 497
6 499
6 126
7 519
7 8
7 9
7 10
7 11
7 12
7 15
7 16
7 17
7 274
7 19
7 20
7 22
7 836
7 25
7 29
7 31
7 544
7 549
7 38
7 551
7 40
7 41
7 42
7 45
7 47
7 48
7 307
7 54
7 57
7 58
7 316
7 62
7 64
7 68
7 69
7 326
7 839
7 268
7 842
7 334
7 79
7 80
7 337
7 83
7 596
7 569
7 89
7 93
7 97
7 612
7 104
7 148
7 819
7 129
7 386
7 131
7 647
7 654
7 655
7 658
7 448
7 661
7 662
7 408
7 324
7 261
7 167
7 170
7 171
7 179
7 702
7 191
7 704
7 193
7 199
7 460
7 466
7 726
7 730
7 570
7 740
7 241
7 500
7 246
7 763
7 784
8 9
8 10
8 13
8 256
8 399
8 16
8 18
8 131
8 276
8 149
8 22
8 25
8 26
8 283
8 284
8 154
8 30
8 543
8 416
8 161
8 607
8 37
8 747
8 298
8 43
8 44
8 827
8 29
8 434
8 388
8 334
8 670
8 823
8 184
8 57
8 58
8 315
8 224
8 782
8 67
8 198
8 330
8 75
8 588
8 78
8 335
8 211
8 213
8 88
8 89
8 90
8 493
8 93
8 293
8 96
8 482
8 99
8 391
8 359
8 104
8 421
8 618
8 107
8 236
8 109
8 114
8 631
8 766
9 172
9 778
9 599
9 12
9 14
9 17
9 18
9 131
9 20
9 405
9 414
9 388
9 26
9 363
9 30
9 645
9 219
9 36
9 38
9 39
9 171
9 44
9 177
9 307
9 53
9 55
9 568
9 187
9 63
9 450
9 323
9 324
9 49
9 200
9 73
9 77
9 590
9 469
9 214
9 343
9 472
9 602
9 91
9 94
9 95
9 98
9 59
9 100
9 789
9 107
9 750
9 752
9 19
9 738
9 641
9 127
10 517
10 11
10 13
10 14
10 15
10 16
10 728
10 18
10 21
10 534
10 23
10 25
10 26
10 284
10 29
10 414
10 260
10 32
10 33
10 34
10 675
10 70
10 166
10 424
10 425
10 42
10 775
10 46
10 175
10 49
10 51
10 52
10 566
10 57
10 698
10 59
10 701
10 134
10 245
10 320
10 343
10 69
10 130
10 71
10 457
10 842
10 204
10 80
10 803
10 342
10 313
10 88
10 227
10 228
10 103
10 564
10 402
10 366
10 239
10 499
10 628
10 62
10 153
10 315
10 763
10 298
10 264
11 134
11 392
11 535
11 12
11 141
11 14
11 16
11 791
11 18
11 21
11 22
11 23
11 306
11 26
11 363
11 412
11 285
11 414
11 51
11 33
11 411
11 36
11 424
11 41
11 171
11 45
11 29
11 49
11 50
11 179
11 564
11 542
11 585
11 641
11 58
11 59
11 671
11 61
11 322
11 323
11 68
11 673
11 457
11 458
11 206
11 548
11 450
11 282
11 214
11 696
11 89
11 442
11 144
11 760
11 484
11 790
11 797
11 107
11 530
11 154
11 240
11 244
11 374
11 503
11 376
11 737
11 541
11 127
12 388
12 13
12 14
12 15
12 16
12 18
12 19
12 20
12 21
12 282
12 316
12 25
12 26
12 363
12 28
12 154
12 34
12 619
12 164
12 38
12 39
12 298
12 257
12 370
12 303
12 596
12 50
12 179
12 446
12 53
12 182
12 440
12 820
12 60
12 215
12 63
12 320
12 67
12 694
12 74
12 331
12 141
12 80
12 81
12 772
12 84
12 87
12 728
12 602
12 219
12 92
12 506
12 351
12 188
12 422
12 715
12 105
12 107
12 146
12 110
12 239
12 368
12 113
12 242
12 245
12 148
12 250
12 380
12 637
12 661
13 525
13 14
13 60
13 17
13 18
13 20
13 22
13 408
13 155
13 29
13 30
13 31
13 32
13 33
13 418
13 675
13 292
13 133
13 48
13 40
13 41
13 299
13 44
13 816
13 176
13 645
13 311
13 441
13 188
13 555
13 64
13 800
13 792
13 71
13 524
13 76
13 36
13 91
13 96
13 358
13 743
13 316
13 362
13 365
13 622
13 112
13 168
13 375
13 633
13 746
14 516
14 135
14 18
14 131
14 20
14 23
14 745
14 153
14 156
14 29
14 30
14 31
14 32
14 36
14 168
14 42
14 690
14 46
14 456
14 562
14 52
14 53
14 215
14 56
14 185
14 187
14 138
14 190
14 19
14 194
14 67
14 353
14 275
14 567
14 76
14 141
14 450
14 312
14 83
14 469
14 87
14 88
14 89
14 219
14 92
14 95
14 225
14 229
14 715
14 744
14 105
14 106
14 107
14 115
14 318
14 118
14 503
14 403
14 126
15 137
15 395
15 146
15 663
15 537
15 26
15 158
15 33
15 290
15 162
15 135
15 812
15 301
15 815
15 52
15 138
15 440
15 828
15 573
15 68
15 69
15 70
15 71
15 200
15 73
15 205
15 207
15 465
15 340
15 213
15 227
15 104
15 367
15 112
15 756
15 248
15 122
15 524
16 141
16 303
16 691
16 20
16 149
16 23
16 132
16 27
16 28
16 31
16 288
16 673
16 162
16 675
16 293
16 299
16 429
16 47
16 560
16 49
16 51
16 52
16 53
16 59
16 62
16 32
16 435
16 139
16 69
16 711
16 329
16 81
16 467
16 86
16 89
16 219
16 92
16 702
16 227
16 358
16 593
16 616
16 234
16 366
16 245
16 374
16 119
16 376
16 124
17 650
17 782
17 783
17 401
17 259
17 22
17 538
17 27
17 156
17 768
17 287
17 32
17 37
17 129
17 41
17 426
17 683
17 48
17 180
17 183
17 641
17 52
17 60
17 189
17 574
17 192
17 833
17 68
17 458
17 76
17 653
17 81
17 85
17 57
17 344
17 345
17 220
17 734
17 352
17 98
17 101
17 337
17 444
17 701
17 370
17 757
17 124
17 126
18 129
18 272
18 771
18 20
18 789
18 278
18 25
18 24
18 153
18 26
18 28
18 29
18 419
18 37
18 296
18 324
18 171
18 560
18 392
18 307
18 693
18 182
18 440
18 314
18 571
18 444
18 319
18 448
18 68
18 709
18 198
18 780
18 588
18 696
18 210
18 526
18 58
18 742
18 698
18 234
18 772
18 369
18 255
19 733
19 322
19 531
19 404
19 21
19 153
19 409
19 27
19 133
19 160
19 752
19 163
19 775
19 300
19 813
19 46
19 303
19 840
19 51
19 57
19 314
19 187
19 61
19 64
19 66
19 68
19 197
19 516
19 795
19 78
19 848
19 209
19 87
19 349
19 699
19 614
19 486
19 47
19 537
19 826
19 108
19 110
19 368
19 114
19 501
19 121
20 264
20 534
20 279
20 26
20 154
20 160
20 162
20 36
20 40
20 43
20 257
20 50
20 54
20 699
20 190
20 838
20 72
20 329
20 202
20 84
20 348
20 737
20 99
20 100
20 748
20 495
20 368
20 59
20 373
20 119
20 505
20 764
20 637
21 848
21 257
21 514
21 402
21 25
21 324
21 47
21 133
21 417
21 35
21 36
21 175
21 690
21 572
21 778
21 574
21 705
21 67
21 68
21 203
21 77
21 334
21 208
21 86
21 87
21 787
21 605
21 480
21 523
21 483
21 614
21 232
21 369
21 626
21 115
21 500
21 249
22 384
22 80
22 75
22 404
22 405
22 320
22 235
22 155
22 229
22 97
22 355
22 101
22 38
22 657
22 41
22 43
22 108
22 406
22 689
22 532
22 58
22 639
22 60
22 61
22 65
23 775
23 136
23 73
23 320
23 82
23 275
23 149
23 401
23 153
23 89
23 27
23 395
23 29
23 540
23 31
23 481
23 798
23 486
23 167
23 434
23 615
23 44
23 306
23 175
23 113
23 242
23 435
23 447
23 54
23 270
23 61
23 345
23 319
24 699
24 74
24 629
24 226
24 78
24 77
24 835
24 789
24 68
24 410
24 47
24 846
24 162
24 91
24 230
24 615
24 168
24 636
24 42
24 717
24 111
24 49
24 370
24 51
24 53
24 824
24 635
24 380
24 446
24 255
25 645
25 279
25 271
25 210
25 67
25 278
25 87
25 68
25 90
25 595
25 604
25 29
25 95
25 672
25 34
25 612
25 297
25 304
25 307
25 628
25 757
25 553
25 440
25 187
25 508
25 765
25 446
25 277
26 75
26 133
26 66
26 320
26 529
26 594
26 410
26 346
26 79
26 29
26 30
26 471
26 224
26 34
26 35
26 350
26 514
26 492
26 146
26 50
26 805
26 52
26 181
26 219
26 57
26 122
26 124
26 573
26 63
27 562
27 71
27 331
27 143
27 146
27 86
27 733
27 640
27 527
27 29
27 96
27 97
27 421
27 166
27 232
27 41
27 42
27 429
27 238
27 710
27 48
27 50
27 51
27 696
27 186
27 575
27 816
27 106
27 191
28 322
28 115
28 307
28 69
28 70
28 243
28 72
28 201
28 330
28 77
28 337
28 81
28 110
28 755
28 664
28 283
28 231
28 477
28 31
28 34
28 227
28 390
28 358
28 209
28 680
28 169
28 171
28 46
28 114
28 51
28 440
28 57
28 58
28 543
28 533
29 107
29 44
29 271
29 843
29 640
29 35
29 808
29 519
29 300
29 304
29 433
29 50
29 564
29 57
29 704
29 779
29 328
29 759
29 77
29 791
29 219
29 348
29 94
29 225
29 100
29 234
29 747
29 240
29 242
29 118
29 375
29 380
29 637
29 126
30 129
30 422
30 806
30 276
30 89
30 154
30 417
30 34
30 294
30 41
30 298
30 43
30 45
30 559
30 54
30 137
30 316
30 704
30 66
30 323
30 822
30 33
30 74
30 55
30 205
30 206
30 212
30 469
30 217
30 346
30 350
30 229
30 485
30 843
30 376
30 121
30 764
31 130
31 68
31 390
31 827
31 202
31 76
31 419
31 87
31 331
31 157
31 459
31 471
31 400
31 610
31 35
31 703
31 107
31 45
31 765
31 48
31 50
31 115
31 182
31 607
31 61
31 383
32 67
32 632
32 585
32 587
32 653
32 83
32 340
32 270
32 470
32 324
32 155
32 349
32 350
32 361
32 336
32 610
32 283
32 101
32 841
32 41
32 810
32 236
32 110
32 440
32 504
32 53
32 54
32 55
32 56
32 122
32 187
32 61
32 638
33 398
33 43
33 532
33 410
33 412
33 794
33 159
33 34
33 475
33 325
33 389
33 298
33 427
33 310
33 60
33 190
33 377
33 65
33 67
33 68
33 69
33 71
33 588
33 717
33 846
33 271
33 596
33 343
33 729
33 399
33 355
33 101
33 438
33 246
33 248
33 505
34 778
34 64
34 73
34 141
34 142
34 466
34 67
34 534
34 153
34 815
34 218
34 479
34 354
34 611
34 521
34 553
34 422
34 295
34 124
34 42
34 47
34 584
34 467
34 55
34 60
34 746
35 68
35 518
35 392
35 781
35 783
35 661
35 150
35 367
35 96
35 474
35 675
35 294
35 40
35 41
35 619
35 694
35 47
35 690
35 436
35 117
35 54
35 250
35 59
35 85
35 63
36 146
36 664
36 281
36 154
36 673
36 39
36 681
36 43
36 432
36 52
36 53
36 438
36 393
36 132
36 61
36 64
36 705
36 322
36 68
36 581
36 585
36 397
36 248
36 342
36 727
36 733
36 224
36 609
36 274
36 113
36 376
36 633
36 381
37 68
37 324
37 265
37 522
37 140
37 461
37 206
37 60
37 840
37 661
37 196
37 399
37 157
37 227
37 165
37 38
37 615
37 64
37 363
37 338
37 61
37 689
37 52
37 309
37 54
37 56
37 447
37 188
37 189
37 191
38 502
38 200
38 482
38 718
38 493
38 144
38 83
38 532
38 279
38 89
38 643
38 539
38 156
38 349
38 832
38 67
38 739
38 551
38 92
38 769
38 598
38 242
38 46
38 584
38 114
38 339
38 116
38 54
38 425
38 252
38 125
39 131
39 133
39 207
39 595
39 85
39 86
39 216
39 217
39 219
39 246
39 229
39 40
39 426
39 107
39 175
39 50
39 54
39 824
39 452
39 254
39 63
40 579
40 328
40 457
40 138
40 142
40 591
40 83
40 665
40 538
40 223
40 710
40 358
40 41
40 199
40 47
40 48
40 392
40 449
40 437
40 681
40 120
40 705
40 315
40 60
40 767
41 264
41 76
41 527
41 404
41 597
41 708
41 453
41 357
41 103
41 381
41 176
41 50
41 820
41 247
41 57
41 253
41 447
42 556
42 593
42 146
42 339
42 782
42 662
42 89
42 410
42 626
42 467
42 256
42 552
42 683
42 428
42 109
42 238
42 772
42 114
42 83
42 309
42 760
42 771
43 387
43 326
43 71
43 713
43 335
43 547
43 213
43 216
43 68
43 93
43 571
43 610
43 227
43 230
43 167
43 808
43 502
43 637
43 175
43 373
43 310
43 634
43 63
43 60
43 573
43 191
44 449
44 135
44 203
44 716
44 273
44 409
44 218
44 155
44 668
44 289
44 226
44 103
44 491
44 621
44 349
44 712
44 51
44 756
44 187
44 700
44 61
45 133
45 444
45 202
45 578
45 142
45 147
45 472
45 431
45 93
45 734
45 506
45 738
45 227
45 60
45 327
45 239
45 689
45 659
45 53
45 118
45 568
45 185
45 250
45 316
46 516
46 72
46 521
46 75
46 141
46 80
46 267
46 741
46 224
46 97
46 610
46 740
46 294
46 168
46 61
46 48
46 180
46 694
46 247
46 58
46 253
47 168
47 330
47 621
47 130
47 271
47 81
47 132
47 92
47 95
47 233
47 682
47 173
47 379
47 99
47 49
47 50
47 627
47 521
47 120
47 59
47 60
47 62
47 127
48 832
48 72
48 73
48 75
48 398
48 334
48 77
48 205
48 302
48 706
48 158
48 544
48 587
48 830
48 421
48 816
48 360
48 126
48 54
48 189
48 254
48 661
49 130
49 261
49 64
49 516
49 710
49 384
49 148
49 665
49 89
49 155
49 156
49 745
49 736
49 481
49 219
49 293
49 294
49 167
49 104
49 361
49 362
49 107
49 53
49 183
49 111
49 505
49 507
49 701
50 579
50 65
50 128
50 354
50 529
50 535
50 159
50 162
50 99
50 549
50 711
50 173
50 750
50 616
50 285
50 297
50 825
50 123
50 60
51 71
51 584
51 331
51 524
51 141
51 549
51 354
51 198
51 423
51 110
51 805
51 248
51 121
51 122
51 444
52 389
52 385
52 139
52 332
52 275
52 414
52 549
52 592
52 111
52 368
52 115
52 138
52 760
52 186
52 202
52 575
53 352
53 130
53 823
53 206
53 153
53 282
53 605
53 286
53 175
53 176
53 116
53 55
53 441
53 381
54 131
54 389
54 136
54 334
54 783
54 342
54 89
54 95
54 360
54 764
54 453
54 687
54 631
54 696
54 660
54 700
55 136
55 439
55 338
55 723
55 341
55 663
55 217
55 227
55 70
55 806
55 232
55 618
55 107
55 365
55 210
55 817
55 246
55 73
56 131
56 262
56 193
56 76
56 404
56 558
56 599
56 378
56 475
56 650
56 286
56 230
57 841
57 527
57 840
57 625
57 91
57 158
57 420
57 359
57 810
57 391
57 172
57 109
57 72
57 579
57 115
57 308
57 233
57 190
58 203
58 80
58 341
58 87
58 409
58 261
58 546
58 100
58 807
58 199
58 175
58 369
58 839
58 436
58 799
58 61
59 65
59 387
59 503
59 66
59 205
59 81
59 341
59 397
59 184
59 801
59 295
59 820
59 201
59 120
59 124
59 63
60 645
60 135
60 203
60 78
60 79
60 208
60 707
60 142
60 89
60 90
60 731
60 751
60 166
60 167
60 297
60 173
60 296
60 249
60 122
61 750
61 774
61 71
61 200
61 713
61 266
61 588
61 141
61 337
61 110
61 100
61 347
61 278
61 166
61 107
61 687
61 180
61 735
61 215
61 686
62 64
62 69
62 198
62 264
62 665
62 659
62 212
62 495
62 345
62 155
62 458
62 574
63 555
63 397
63 79
63 635
63 87
63 347
63 348
63 602
63 418
63 554
63 494
63 76
63 204
63 244
63 252
63 377
64 132
64 517
64 332
64 463
64 80
64 600
64 406
64 216
64 538
64 287
64 806
64 104
64 107
64 467
64 254
64 183
64 568
64 633
64 126
65 194
65 283
65 68
65 838
65 753
65 636
65 108
65 464
65 241
65 404
65 503
65 188
65 223
66 418
66 291
66 819
66 849
66 136
66 74
66 203
66 77
66 848
66 360
66 659
66 183
66 185
66 509
66 94
66 831
67 130
67 257
67 204
67 206
67 286
67 675
67 425
67 495
67 240
67 369
67 158
67 124
68 470
68 148
68 278
68 79
68 658
68 303
68 547
68 178
68 245
68 824
68 163
68 382
68 383
69 141
69 753
69 178
69 85
69 407
69 728
69 505
69 783
70 320
70 769
70 487
70 371
70 268
70 435
70 760
70 275
70 309
70 248
70 188
70 95
71 128
71 132
71 656
71 468
71 85
71 290
71 236
71 308
71 696
71 377
71 700
71 191
72 451
72 324
72 391
72 841
72 469
72 279
72 185
72 95
72 164
72 156
72 426
72 237
72 433
72 564
72 565
72 310
72 375
72 504
72 187
73 580
73 663
73 301
73 239
73 315
73 90
73 447
74 289
74 262
74 682
74 107
74 334
74 301
74 709
74 147
74 277
74 278
74 249
74 414
74 325
75 579
75 132
75 261
75 135
75 162
75 143
75 337
75 404
75 280
75 287
75 290
75 739
75 845
75 822
76 197
76 136
76 837
76 342
76 216
76 89
76 154
76 410
76 350
76 673
76 102
76 246
76 489
76 701
77 464
77 634
77 196
77 517
77 198
77 157
77 274
77 409
77 345
77 346
77 608
77 773
78 134
78 266
78 267
78 333
78 525
78 326
78 729
78 289
78 354
78 100
78 101
78 430
78 136
78 500
78 118
78 506
79 450
79 379
79 339
79 277
79 217
79 92
79 768
79 160
79 99
79 420
79 229
79 129
79 105
79 327
79 300
79 239
79 247
79 85
80 260
80 332
80 781
80 399
80 528
80 376
80 280
80 537
80 479
80 728
80 685
80 120
80 769
80 586
80 318
81 799
81 419
81 391
81 342
81 246
81 201
81 505
81 188
81 319
82 476
82 555
82 167
82 92
82 170
82 295
82 173
82 239
82 403
82 372
82 86
82 184
82 724
82 603
82 284
82 733
83 454
83 176
83 758
83 114
83 147
83 180
83 277
83 723
83 183
83 202
83 510
84 416
84 393
84 202
84 147
84 308
84 791
84 122
84 95
85 324
85 102
85 105
85 492
85 112
85 183
85 623
85 135
85 703
86 482
86 134
86 296
86 492
86 173
86 110
86 239
86 180
86 87
86 756
86 188
86 149
87 528
87 674
87 783
87 552
87 268
87 111
87 115
87 732
87 219
88 770
88 423
88 353
88 171
88 557
88 200
88 790
88 152
88 251
88 704
88 413
89 162
89 227
89 326
89 556
89 205
89 125
90 98
90 483
90 461
90 638
90 190
90 690
90 186
90 543
90 509
90 254
90 469
91 580
91 198
91 705
91 825
91 144
91 210
91 279
91 536
91 153
91 668
91 285
91 614
91 492
91 560
91 116
91 255
91 281
91 377
92 645
92 207
92 344
92 152
92 476
92 350
92 208
92 163
92 103
92 616
92 572
92 679
92 244
92 181
92 312
92 444
92 319
93 101
93 96
93 204
93 110
93 367
93 792
93 786
93 696
93 218
93 732
93 701
94 225
94 776
94 108
94 141
94 366
94 624
94 578
94 119
94 408
94 169
95 167
95 148
95 240
95 311
96 490
96 199
96 790
96 170
96 829
96 301
96 142
96 640
96 726
96 466
96 755
96 349
96 697
96 314
97 394
97 657
97 275
97 534
97 345
97 537
97 154
97 733
97 768
97 673
97 549
97 555
97 257
97 177
97 723
97 121
97 381
97 191
98 132
98 773
98 812
98 360
98 745
98 556
98 762
98 670
98 214
98 617
98 667
98 698
98 574
99 391
99 139
99 207
99 195
99 534
99 729
99 591
99 229
99 102
99 361
99 647
99 690
99 176
99 625
99 243
100 293
100 234
100 296
100 315
101 569
101 774
101 289
101 392
101 467
101 471
101 152
101 538
101 219
101 546
101 676
101 813
101 111
101 249
101 123
101 445
102 276
102 263
102 796
102 298
102 267
102 148
102 278
102 841
102 249
102 122
102 155
102 412
102 445
102 798
103 131
103 164
103 774
103 167
103 327
103 701
103 116
103 117
103 761
103 186
103 410
104 352
104 326
104 455
104 369
104 130
104 206
104 208
104 142
104 374
104 120
104 219
104 253
104 213
105 161
105 716
105 128
105 592
105 113
105 248
105 324
105 380
105 255
106 733
106 625
106 612
106 253
106 580
106 497
106 149
106 118
106 228
106 314
106 508
106 221
106 703
107 836
107 261
107 203
107 397
107 275
107 412
107 323
107 173
107 573
107 842
107 595
107 692
107 117
107 309
108 162
108 238
108 728
108 410
108 348
108 317
109 704
109 337
109 460
109 439
109 332
109 589
109 207
109 784
109 177
109 803
109 629
109 407
109 623
109 284
109 318
110 459
110 655
110 215
110 220
110 517
110 354
110 295
110 362
110 173
110 111
110 244
110 126
110 617
110 763
110 254
111 371
111 314
111 158
112 419
112 295
112 330
112 555
112 483
112 465
112 147
112 659
112 118
112 149
113 450
113 588
113 407
113 224
113 397
114 259
114 487
114 258
114 527
114 561
114 118
114 794
114 187
114 252
114 778
115 293
115 529
115 232
115 489
115 426
115 311
115 679
115 465
115 221
116 224
116 514
116 726
116 585
116 526
116 643
116 278
116 574
117 797
117 357
117 422
117 486
117 418
117 814
117 591
117 621
117 285
117 421
118 769
118 130
118 147
118 340
118 726
118 474
118 479
118 609
118 485
118 359
118 296
118 683
118 239
118 305
118 758
118 377
118 828
119 134
119 779
119 322
119 499
119 836
119 468
120 289
120 194
120 196
120 358
120 433
120 585
120 650
120 464
120 597
120 760
120 828
121 627
121 339
121 142
121 208
121 465
121 213
121 803
122 515
122 265
122 235
122 743
122 466
122 622
122 146
122 532
122 637
122 295
123 160
123 809
123 484
123 422
123 812
123 168
123 617
123 204
123 237
123 243
123 437
123 535
123 665
123 698
123 635
124 273
124 288
124 125
124 318
124 127
125 800
125 291
125 325
125 231
125 521
125 170
125 743
125 646
125 826
126 141
126 658
126 529
126 238
126 287
126 228
126 165
126 359
126 234
126 372
126 759
126 596
126 252
126 573
127 612
127 267
127 148
127 341
127 281
127 724
127 613
128 805
128 214
129 420
129 209
129 791
129 493
129 752
129 727
129 504
129 785
129 191
130 488
130 763
130 265
130 405
130 243
130 155
131 502
131 214
131 266
131 144
131 371
131 814
131 191
132 232
132 526
132 207
132 776
132 402
132 275
132 500
132 350
133 288
133 326
133 457
133 135
133 270
133 145
133 535
133 220
133 546
134 375
134 231
134 175
134 469
134 181
134 568
134 715
134 170
134 447
135 603
135 325
135 737
135 140
135 307
135 633
135 346
135 207
136 352
136 489
136 420
136 204
136 271
136 547
136 184
136 740
136 635
136 829
136 222
136 491
137 532
137 357
137 410
137 731
137 701
138 161
138 578
138 388
138 293
138 766
138 722
138 277
138 470
138 377
138 605
138 517
139 258
139 805
139 425
139 234
139 206
139 559
139 595
139 692
139 381
140 464
140 262
140 737
140 205
140 175
140 272
140 840
140 661
140 214
140 695
140 184
140 185
140 591
141 161
141 166
141 158
141 337
141 673
141 494
141 217
141 705
142 524
142 226
142 667
142 669
142 678
142 552
142 239
142 232
142 245
142 573
143 644
143 715
143 747
143 489
143 428
143 334
143 336
143 595
143 341
143 329
143 505
143 412
144 262
144 646
144 518
144 590
144 307
144 773
144 343
144 427
144 709
145 769
145 489
145 380
145 221
145 446
145 255
146 393
146 161
146 471
146 267
146 172
146 374
146 343
147 161
147 293
147 848
147 502
147 622
147 205
147 352
147 498
147 687
147 349
147 350
148 290
148 645
148 810
148 354
148 175
148 377
148 285
149 354
149 709
149 166
149 401
149 841
149 192
149 392
149 441
149 346
150 243
150 838
150 513
150 552
150 339
150 562
150 163
150 252
151 210
151 355
151 804
151 245
151 476
151 253
151 207
152 680
152 793
152 719
153 231
153 551
153 434
153 215
153 666
153 318
154 805
154 173
154 622
154 246
154 313
154 667
154 351
155 390
155 328
155 522
155 386
155 175
155 336
155 212
155 181
155 239
155 746
155 702
156 297
156 268
156 334
156 441
156 282
156 188
156 415
157 512
157 197
157 435
157 183
157 185
157 159
158 454
158 232
158 457
158 716
158 211
158 283
158 351
159 627
159 503
159 231
159 175
159 172
159 318
160 696
160 564
160 173
161 200
161 172
161 437
161 379
161 232
162 432
162 710
162 170
162 786
162 175
162 376
162 349
163 479
163 848
163 178
163 790
163 183
163 761
163 507
163 799
164 771
164 488
164 236
164 825
164 182
164 567
164 441
164 282
165 832
165 641
165 407
165 511
165 557
165 293
166 555
166 402
166 491
166 366
166 701
166 619
166 210
166 308
166 282
167 425
167 300
167 172
167 594
167 331
167 427
168 224
168 223
168 457
168 762
169 324
169 316
169 174
170 352
170 481
170 628
170 393
170 292
170 511
170 260
171 674
171 389
171 490
171 476
171 366
171 233
171 196
171 671
171 446
171 223
172 614
172 371
172 212
172 344
172 381
172 415
173 785
173 619
173 433
173 611
173 340
173 309
173 575
174 641
174 306
174 440
174 330
174 712
174 776
175 836
175 646
175 221
175 272
175 182
176 801
176 423
176 401
176 196
176 181
177 836
177 225
177 238
177 687
177 213
177 822
177 507
177 572
177 736
178 320
178 336
178 481
178 509
178 673
179 521
179 299
179 425
179 347
179 220
179 669
179 255
180 224
180 512
180 367
180 688
180 215
180 251
180 796
181 194
181 702
181 250
181 414
181 287
182 610
182 389
182 650
182 365
182 439
182 568
182 218
182 415
183 651
183 206
183 830
183 631
183 440
183 542
183 800
184 225
184 294
184 267
184 373
184 215
184 536
184 508
184 232
185 613
185 519
185 354
185 528
185 595
185 404
185 783
186 513
186 309
186 203
186 761
186 329
187 594
187 271
187 241
187 610
187 694
187 222
188 401
188 328
188 525
188 365
188 320
188 690
188 433
188 246
189 548
189 299
189 846
190 390
190 679
190 393
190 748
190 738
190 527
190 217
190 315
191 521
191 550
191 379
191 583
191 239
191 432
191 275
191 659
191 528
191 503
192 502
192 410
192 461
192 639
193 545
193 292
193 215
193 412
193 656
193 236
194 352
194 622
194 815
194 662
194 632
194 217
195 532
195 772
195 456
195 489
195 316
196 372
196 310
196 473
196 202
196 204
196 524
197 736
197 721
197 306
197 610
197 706
197 556
197 734
197 709
198 580
198 357
198 306
198 305
198 308
198 758
198 532
199 246
199 829
200 518
200 737
200 426
200 716
200 365
200 429
200 499
200 757
201 614
201 625
201 762
201 602
201 557
201 543
202 554
202 268
202 499
202 406
202 727
202 222
203 231
203 648
203 668
203 322
203 431
203 339
203 571
204 255
204 308
204 311
204 697
204 251
204 668
205 259
205 616
205 586
205 396
205 226
205 515
205 406
206 257
206 652
206 750
206 498
206 411
207 389
207 393
207 483
207 496
207 743
207 509
208 832
208 217
208 743
208 650
209 324
209 547
209 812
209 429
209 510
210 220
211 388
211 650
211 827
212 616
212 438
212 558
212 825
212 366
212 319
213 480
213 677
213 294
213 809
213 379
215 512
215 546
215 289
215 361
215 276
215 800
215 597
216 737
216 226
216 470
216 696
217 224
217 227
217 239
217 664
218 675
218 613
218 641
219 484
219 567
219 369
219 467
219 790
219 399
220 300
220 766
221 493
221 410
222 358
222 324
222 237
222 499
222 744
222 627
222 724
222 377
223 491
223 710
223 361
223 810
223 744
223 752
223 773
223 279
223 472
223 410
223 474
223 734
223 296
224 353
224 233
225 267
225 504
225 328
225 458
225 331
225 428
225 733
225 624
225 516
225 378
225 348
226 626
226 264
226 538
226 289
226 418
227 768
227 311
227 342
227 796
227 367
227 560
227 565
227 251
227 573
228 270
228 229
228 295
228 327
229 809
230 756
230 433
230 441
230 730
230 777
230 477
231 295
231 257
231 302
231 677
231 400
231 529
231 755
231 662
232 361
232 338
232 538
233 817
233 329
233 668
234 482
234 576
234 456
234 308
235 400
235 537
235 273
235 361
235 636
235 301
236 357
236 550
236 256
236 605
236 437
236 772
236 601
236 458
237 769
237 611
237 532
237 389
237 683
238 545
238 241
238 655
238 306
238 694
238 377
238 666
239 662
239 595
239 467
239 245
240 373
240 454
240 291
241 316
241 494
241 609
241 544
241 540
241 413
242 562
242 821
242 456
242 490
242 475
242 574
243 341
243 774
243 291
243 405
244 835
244 246
244 490
245 455
245 590
245 721
245 339
245 636
246 262
246 584
246 702
247 434
247 443
247 700
248 546
248 376
248 285
249 691
249 518
249 812
250 703
250 414
250 312
250 411
250 254
250 285
251 585
251 756
251 750
251 465
251 466
251 596
251 718
252 310
252 697
252 778
253 541
254 408
254 439
254 257
254 829
255 706
255 393
255 825
255 402
255 691
255 364
256 803
256 392
256 684
256 591
256 592
256 691
257 461
258 259
258 375
258 419
259 837
259 295
259 714
259 369
260 418
260 355
260 424
261 471
261 300
261 730
261 727
262 334
262 478
262 269
262 318
262 655
263 346
263 635
264 610
264 635
264 719
265 458
265 358
265 387
265 346
266 816
266 408
266 547
266 451
266 360
266 362
267 790
267 298
267 696
267 706
267 408
267 846
267 789
267 438
269 320
269 806
269 489
269 335
270 547
270 487
270 679
270 303
270 305
270 753
270 540
271 451
271 459
271 398
271 656
271 473
272 675
272 372
272 469
273 784
273 503
273 605
274 736
274 290
274 454
274 340
274 715
274 365
275 550
275 682
275 431
275 710
276 309
276 526
277 642
277 372
277 813
277 299
278 551
278 744
278 466
278 408
278 287
279 358
279 485
279 809
279 286
280 529
280 507
280 500
280 596
280 744
280 377
280 527
281 849
281 357
281 422
281 437
283 329
283 299
284 419
284 357
284 587
284 367
284 351
285 649
285 651
285 717
285 753
285 470
285 730
286 475
286 399
287 354
287 619
287 591
287 407
287 316
287 415
288 832
288 805
289 836
289 358
289 375
289 414
290 531
290 491
291 647
292 747
292 458
292 468
292 523
292 628
293 513
294 465
295 648
295 298
295 684
295 594
295 593
295 789
295 824
295 313
296 816
296 350
297 659
297 469
297 363
297 429
297 380
298 620
298 605
298 822
298 426
299 356
299 489
299 367
299 438
299 759
299 697
299 725
300 806
300 331
300 430
300 837
300 375
301 327
301 526
301 432
301 499
301 649
301 702
302 309
302 493
302 509
303 400
303 523
303 608
303 380
303 444
303 848
304 426
304 343
305 375
305 428
306 705
306 801
306 330
306 492
306 561
306 667
307 721
307 594
307 517
307 745
308 450
308 799
308 362
309 354
309 365
309 336
309 725
309 573
310 516
311 652
312 483
312 358
312 754
313 552
313 493
314 748
314 556
314 461
315 401
315 495
316 590
316 323
316 470
317 756
317 349
318 672
318 354
319 368
319 700
319 831
319 354
319 543
320 522
321 691
322 679
323 431
324 450
324 400
324 478
325 616
325 687
326 813
326 565
327 352
327 840
327 793
327 461
328 647
328 409
328 405
329 355
329 772
329 549
329 654
329 504
330 769
330 729
330 331
331 462
332 827
332 471
332 715
332 655
333 807
333 566
333 567
335 639
336 491
336 823
337 719
338 788
338 780
338 408
338 604
338 478
339 681
339 556
339 724
341 765
341 646
341 376
341 717
342 414
343 421
343 683
343 805
344 849
344 375
344 509
344 718
345 605
346 439
346 424
347 599
347 505
347 713
348 669
348 420
348 619
349 742
349 484
350 785
350 632
350 504
350 479
351 646
351 493
351 805
352 837
352 742
352 424
352 758
352 666
353 626
354 612
355 837
355 391
355 461
355 430
355 544
355 702
356 718
357 707
358 587
359 800
359 536
359 462
359 503
359 526
360 407
360 715
360 462
361 666
361 824
361 478
363 568
363 475
363 456
364 391
365 520
365 391
366 818
366 551
366 372
367 531
367 638
367 380
367 540
368 708
368 488
369 432
369 412
370 642
370 736
371 838
372 431
372 554
372 415
373 599
373 841
373 716
373 575
374 643
374 683
374 590
375 704
375 552
375 562
375 755
376 812
376 418
376 557
376 470
377 663
377 669
378 540
378 615
379 402
379 593
380 831
380 394
380 427
380 564
380 383
382 665
383 678
383 551
383 552
383 681
384 794
384 549
384 585
385 714
385 790
385 438
386 406
387 612
387 759
387 825
388 557
389 432
389 405
389 735
390 522
390 396
391 660
391 617
391 573
392 641
393 824
394 776
395 516
395 830
396 563
396 722
398 794
398 555
398 834
399 776
401 479
402 818
402 423
403 411
403 834
404 518
404 528
405 519
405 555
405 638
405 469
406 673
406 520
407 409
408 655
408 535
409 820
409 523
410 799
411 759
413 698
413 818
415 544
415 819
416 604
420 498
421 844
421 686
422 680
422 546
423 757
423 524
423 509
424 683
424 597
424 604
425 828
425 789
426 625
427 442
427 759
427 474
428 492
430 824
430 444
430 572
431 651
431 792
432 778
432 646
432 442
432 434
433 739
433 629
433 713
433 445
434 520
434 656
434 490
435 757
435 700
437 745
438 559
439 824
440 534
440 557
442 628
442 505
443 780
447 696
447 489
447 550
447 518
447 654
451 533
451 668
451 478
452 704
452 727
452 492
452 694
453 819
453 598
454 547
454 522
455 675
455 777
455 590
456 588
457 834
457 635
457 668
458 576
458 771
458 529
458 504
459 704
461 772
461 728
461 795
462 759
462 758
463 708
463 578
463 604
463 493
464 654
465 699
465 657
468 518
468 637
470 625
471 594
473 812
473 626
475 792
475 606
475 727
475 794
476 717
480 517
483 710
483 585
484 497
484 700
485 549
485 511
486 610
486 692
486 767
486 549
487 834
489 569
489 538
489 670
490 546
490 597
490 650
491 695
491 550
493 685
494 754
494 829
495 608
496 779
496 532
497 811
497 594
499 732
501 721
504 516
505 672
505 589
507 818
507 750
508 797
509 685
509 718
509 623
512 542
513 515
514 558
516 633
517 718
518 552
518 616
519 717
520 776
523 607
524 617
525 572
527 677
527 637
528 593
528 821
528 665
528 737
528 717
529 798
530 635
531 758
531 828
532 843
532 822
533 633
533 829
534 609
535 809
536 634
537 669
539 661
539 591
541 611
542 543
546 634
547 735
548 697
549 603
550 661
550 631
550 762
551 561
551 774
551 577
553 849
554 819
554 648
558 733
561 678
562 643
563 687
564 679
564 647
565 635
565 833
569 769
569 745
570 662
571 699
571 626
572 718
572 781
575 761
576 683
577 712
578 616
579 745
581 828
586 654
587 834
587 633
590 690
590 846
590 702
592 647
594 810
597 641
597 616
597 808
598 765
600 649
601 753
603 727
606 714
607 667
609 647
611 628
612 664
614 669
614 701
617 821
620 662
621 733
621 707
622 817
623 780
624 639
626 835
627 843
629 724
630 751
631 638
633 696
637 675
640 664
645 828
645 686
650 735
651 840
652 658
652 839
653 842
653 735
656 682
658 829
658 687
664 763
666 696
667 750
667 730
668 712
670 709
671 822
671 742
671 727
671 809
672 778
672 843
675 775
682 781
684 700
686 788
686 732
691 794
692 738
693 713
699 752
700 797
701 713
702 745
704 839
705 835
705 834
710 798
711 819
716 735
718 761
719 761
726 793
727 767
737 760
752 825
762 769
773 819
774 793
779 795
796 822
798 827
806 845
820 821
