0 1
0 2
0 3
0 4
0 5
0 6
0 7
0 8
0 9
0 10
0 11
0 12
0 13
0 14
0 15
0 16
0 17
0 18
0 19
0 20
0 21
0 22
0 23
0 24
0 25
0 26
0 27
0 28
0 29
0 30
0 31
0 32
0 33
0 34
0 35
0 36
0 37
0 38
0 39
0 40
0 41
0 42
0 43
0 44
0 45
0 46
0 47
0 48
0 49
0 50
0 51
0 52
0 53
0 54
0 55
0 56
0 57
0 58
0 59
0 60
0 61
0 62
0 63
0 64
0 65
0 66
0 67
0 68
0 69
0 70
0 71
0 72
0 73
0 74
0 75
0 76
0 77
0 79
0 80
0 81
0 82
0 83
0 84
0 85
0 598
0 87
0 88
0 89
0 90
0 91
0 92
0 93
0 94
0 95
0 96
0 97
0 98
0 99
0 100
0 101
0 102
0 103
0 104
0 105
0 106
0 620
0 109
0 112
0 113
0 114
0 115
0 116
0 117
0 118
0 119
0 120
0 121
0 123
0 125
0 126
0 127
0 128
0 704
0 642
0 131
0 644
0 133
0 134
0 517
0 136
0 649
0 138
0 139
0 142
0 143
0 635
0 145
0 146
0 147
0 148
0 661
0 150
0 624
0 152
0 153
0 154
0 155
0 668
0 157
0 159
0 161
0 539
0 164
0 165
0 166
0 167
0 169
0 170
0 171
0 172
0 173
0 174
0 541
0 177
0 178
0 179
0 542
0 182
0 695
0 628
0 187
0 191
0 192
0 193
0 194
0 195
0 708
0 569
0 687
0 201
0 204
0 546
0 883
0 207
0 209
0 210
0 211
0 213
0 727
0 217
0 218
0 731
0 732
0 221
0 222
0 621
0 224
0 226
0 227
0 228
0 550
0 230
0 743
0 234
0 551
0 236
0 693
0 240
0 241
0 246
0 759
0 248
0 249
0 656
0 763
0 765
0 255
0 259
0 260
0 775
0 264
0 266
0 267
0 268
0 273
0 274
0 787
0 279
0 280
0 281
0 283
0 601
0 589
0 287
0 288
0 555
0 290
0 295
0 297
0 810
0 300
0 301
0 302
0 304
0 306
0 309
0 313
0 735
0 650
0 830
0 319
0 320
0 833
0 322
0 324
0 325
0 330
0 332
0 333
0 334
0 335
0 336
0 568
0 338
0 851
0 343
0 856
0 863
0 346
0 655
0 348
0 349
0 351
0 864
0 353
0 742
0 871
0 877
0 880
0 370
0 599
0 885
0 376
0 377
0 379
0 899
0 384
0 385
0 387
0 712
0 405
0 580
0 514
0 414
0 415
0 821
0 419
0 420
0 422
0 424
0 713
0 429
0 431
0 432
0 434
0 560
0 440
0 586
0 447
0 449
0 450
0 451
0 452
0 454
0 455
0 603
0 463
0 464
0 465
0 869
0 846
0 470
0 761
0 832
0 484
0 547
0 490
0 679
0 492
0 494
0 495
0 681
0 515
0 510
1 2
1 3
1 4
1 5
1 6
1 7
1 8
1 9
1 10
1 11
1 12
1 13
1 14
1 15
1 16
1 17
1 18
1 19
1 20
1 21
1 22
1 23
1 24
1 25
1 26
1 27
1 28
1 29
1 30
1 31
1 33
1 34
1 547
1 36
1 37
1 38
1 39
1 40
1 41
1 42
1 43
1 45
1 558
1 47
1 48
1 49
1 50
1 51
1 53
1 54
1 55
1 56
1 570
1 61
1 689
1 63
1 64
1 65
1 66
1 68
1 69
1 71
1 73
1 586
1 76
1 78
1 83
1 85
1 86
1 87
1 600
1 89
1 602
1 91
1 93
1 94
1 95
1 96
1 97
1 99
1 102
1 103
1 104
1 105
1 106
1 619
1 530
1 111
1 112
1 113
1 114
1 627
1 116
1 117
1 118
1 553
1 636
1 125
1 130
1 131
1 877
1 133
1 134
1 136
1 138
1 139
1 141
1 516
1 143
1 656
1 657
1 658
1 659
1 150
1 151
1 152
1 154
1 879
1 156
1 670
1 671
1 161
1 163
1 166
1 168
1 169
1 534
1 172
1 175
1 176
1 177
1 690
1 182
1 183
1 186
1 188
1 189
1 654
1 192
1 193
1 194
1 195
1 196
1 630
1 713
1 518
1 716
1 546
1 720
1 209
1 211
1 726
1 217
1 220
1 634
1 222
1 225
1 229
1 230
1 231
1 232
1 637
1 245
1 247
1 760
1 763
1 605
1 260
1 773
1 271
1 643
1 788
1 277
1 280
1 793
1 606
1 285
1 291
1 694
1 709
1 309
1 700
1 824
1 825
1 315
1 316
1 573
1 323
1 836
1 325
1 327
1 329
1 844
1 334
1 335
1 339
1 341
1 350
1 354
1 356
1 796
1 359
1 360
1 875
1 365
1 367
1 369
1 370
1 541
1 576
1 386
1 387
1 388
1 400
1 401
1 407
1 580
1 414
1 430
1 448
1 449
1 454
1 456
1 459
1 466
1 479
1 482
1 484
1 678
1 495
1 680
1 500
1 528
1 503
1 507
2 3
2 4
2 5
2 6
2 7
2 8
2 9
2 10
2 11
2 12
2 13
2 14
2 15
2 16
2 17
2 18
2 19
2 20
2 21
2 22
2 23
2 24
2 25
2 26
2 27
2 28
2 31
2 32
2 33
2 34
2 36
2 37
2 40
2 348
2 42
2 43
2 48
2 172
2 513
2 54
2 55
2 59
2 60
2 181
2 64
2 66
2 581
2 70
2 72
2 588
2 77
2 591
2 87
2 93
2 94
2 610
2 99
2 101
2 105
2 107
2 108
2 110
2 623
2 112
2 113
2 627
2 118
2 120
2 633
2 124
2 125
2 126
2 127
2 129
2 642
2 876
2 651
2 140
2 653
2 143
2 656
2 145
2 147
2 789
2 662
2 151
2 157
2 159
2 160
2 163
2 164
2 168
2 170
2 171
2 684
2 173
2 174
2 692
2 693
2 182
2 186
2 703
2 195
2 196
2 197
2 209
2 729
2 218
2 219
2 734
2 225
2 741
2 744
2 237
2 241
2 756
2 246
2 249
2 258
2 260
2 264
2 780
2 782
2 271
2 277
2 279
2 283
2 284
2 797
2 293
2 300
2 815
2 822
2 139
2 836
2 837
2 652
2 844
2 334
2 849
2 338
2 339
2 342
2 860
2 861
2 868
2 364
2 365
2 367
2 369
2 374
2 378
2 390
2 393
2 396
2 398
2 408
2 410
2 412
2 423
2 427
2 432
2 435
2 439
2 244
2 548
2 447
2 450
2 452
2 474
2 482
2 502
3 4
3 5
3 6
3 7
3 8
3 9
3 10
3 11
3 12
3 13
3 14
3 15
3 16
3 17
3 786
3 19
3 20
3 21
3 23
3 24
3 25
3 538
3 27
3 29
3 30
3 31
3 32
3 33
3 359
3 36
3 37
3 38
3 39
3 40
3 42
3 43
3 300
3 808
3 51
3 734
3 822
3 265
3 641
3 58
3 59
3 60
3 61
3 693
3 64
3 522
3 67
3 71
3 72
3 76
3 78
3 80
3 82
3 526
3 342
3 343
3 344
3 858
3 348
3 93
3 94
3 354
3 99
3 529
3 103
3 104
3 617
3 106
3 107
3 108
3 720
3 711
3 111
3 360
3 627
3 630
3 380
3 893
3 328
3 320
3 131
3 137
3 138
3 535
3 143
3 144
3 664
3 409
3 152
3 153
3 410
3 514
3 157
3 491
3 417
3 162
3 369
3 168
3 425
3 683
3 172
3 174
3 175
3 688
3 177
3 436
3 286
3 695
3 184
3 698
3 447
3 192
3 705
3 195
3 545
3 457
3 203
3 716
3 206
3 719
3 424
3 209
3 798
3 474
3 219
3 733
3 222
3 263
3 225
3 294
3 490
3 295
3 338
3 240
3 241
3 243
3 768
3 501
3 246
3 249
3 507
3 767
3 255
4 5
4 6
4 7
4 8
4 9
4 10
4 11
4 12
4 13
4 14
4 17
4 18
4 20
4 430
4 22
4 24
4 283
4 28
4 30
4 31
4 32
4 289
4 34
4 35
4 36
4 37
4 38
4 39
4 41
4 42
4 43
4 44
4 47
4 309
4 54
4 56
4 826
4 59
4 60
4 65
4 66
4 324
4 838
4 71
4 72
4 332
4 79
4 848
4 824
4 526
4 342
4 599
4 601
4 347
4 92
4 93
4 606
4 870
4 104
4 619
4 364
4 530
4 111
4 112
4 373
4 631
4 276
4 790
4 899
4 388
4 278
4 391
4 136
4 748
4 398
4 399
4 280
4 147
4 153
4 154
4 158
4 164
4 796
4 427
4 498
4 174
4 584
4 91
4 181
4 705
4 287
4 701
4 192
4 193
4 452
4 725
4 76
4 887
4 546
4 206
4 207
4 208
4 213
4 544
4 472
4 732
4 257
4 763
4 745
4 490
4 647
4 242
4 243
4 245
4 505
4 251
4 510
4 255
5 6
5 7
5 8
5 9
5 10
5 11
5 12
5 13
5 14
5 15
5 18
5 788
5 789
5 25
5 27
5 28
5 29
5 30
5 799
5 432
5 34
5 547
5 804
5 683
5 39
5 759
5 42
5 43
5 45
5 816
5 264
5 50
5 53
5 54
5 305
5 313
5 314
5 315
5 60
5 317
5 574
5 539
5 522
5 267
5 69
5 76
5 98
5 335
5 80
5 824
5 514
5 341
5 87
5 429
5 271
5 92
5 354
5 99
5 100
5 102
5 358
5 103
5 106
5 364
5 621
5 111
5 112
5 370
5 418
5 299
5 640
5 448
5 130
5 646
5 108
5 138
5 396
5 397
5 516
5 143
5 144
5 658
5 148
5 405
5 411
5 156
5 162
5 283
5 165
5 682
5 427
5 114
5 175
5 176
5 692
5 439
5 185
5 442
5 700
5 192
5 705
5 569
5 844
5 203
5 290
5 717
5 720
5 211
5 473
5 732
5 733
5 222
5 421
5 336
5 485
5 492
5 876
5 239
5 243
5 638
5 503
5 252
5 597
6 7
6 8
6 9
6 11
6 12
6 13
6 15
6 16
6 17
6 18
6 19
6 20
6 22
6 23
6 25
6 26
6 86
6 29
6 30
6 31
6 35
6 36
6 805
6 42
6 43
6 44
6 50
6 49
6 306
6 55
6 57
6 59
6 437
6 576
6 67
6 68
6 69
6 71
6 329
6 844
6 79
6 82
6 342
6 344
6 89
6 90
6 348
6 94
6 354
6 867
6 273
6 617
6 111
6 115
6 884
6 885
6 118
6 788
6 123
6 892
6 139
6 144
6 401
6 153
6 411
6 158
6 418
6 675
6 168
6 177
6 435
6 286
6 439
6 184
6 191
6 707
6 210
6 724
6 214
6 215
6 476
6 477
6 225
6 482
6 891
6 234
6 747
6 239
6 680
6 243
7 8
7 9
7 11
7 12
7 526
7 173
7 17
7 866
7 19
7 21
7 23
7 536
7 25
7 26
7 27
7 31
7 32
7 33
7 34
7 805
7 294
7 40
7 41
7 555
7 44
7 559
7 49
7 50
7 51
7 53
7 54
7 57
7 58
7 59
7 60
7 63
7 599
7 839
7 268
7 74
7 77
7 335
7 81
7 84
7 87
7 88
7 349
7 96
7 98
7 356
7 101
7 102
7 361
7 874
7 107
7 108
7 113
7 371
7 884
7 886
7 637
7 383
7 149
7 642
7 875
7 137
7 650
7 140
7 654
7 146
7 147
7 405
7 537
7 668
7 669
7 158
7 159
7 167
7 429
7 432
7 178
7 627
7 439
7 185
7 192
7 800
7 453
7 198
7 200
7 876
7 719
7 208
7 209
7 723
7 314
7 220
7 478
7 225
7 229
7 234
7 238
7 765
7 752
7 500
7 297
7 504
7 762
7 253
8 9
8 648
8 599
8 12
8 45
8 16
8 17
8 20
8 23
8 538
8 27
8 28
8 29
8 31
8 37
8 550
8 296
8 810
8 301
8 558
8 49
8 57
8 315
8 60
8 831
8 64
8 66
8 583
8 72
8 330
8 843
8 333
8 81
8 341
8 343
8 88
8 95
8 355
8 356
8 273
8 361
8 359
8 109
8 622
8 880
8 626
8 116
8 863
8 148
8 122
8 124
8 136
8 137
8 535
8 396
8 656
8 404
8 153
8 157
8 414
8 261
8 677
8 167
8 428
8 433
8 695
8 192
8 203
8 552
8 200
8 201
8 459
8 462
8 725
8 216
8 474
8 219
8 482
8 507
8 485
8 380
8 236
8 493
8 241
8 504
8 249
8 251
8 597
9 265
9 10
9 599
9 13
9 14
9 15
9 16
9 17
9 146
9 19
9 20
9 152
9 27
9 668
9 29
9 33
9 155
9 134
9 39
9 129
9 263
9 300
9 45
9 46
9 559
9 432
9 264
9 50
9 128
9 436
9 55
9 56
9 701
9 62
9 539
9 66
9 197
9 326
9 470
9 76
9 209
9 466
9 497
9 84
9 213
9 24
9 471
9 90
9 859
9 476
9 93
9 94
9 351
9 224
9 408
9 484
9 102
9 361
9 109
9 496
9 40
9 702
9 374
9 270
9 892
9 605
9 127
10 135
10 128
10 11
10 14
10 15
10 16
10 17
10 643
10 276
10 691
10 22
10 152
10 25
10 26
10 155
10 28
10 154
10 445
10 31
10 880
10 266
10 261
10 38
10 156
10 391
10 44
10 46
10 177
10 690
10 435
10 52
10 53
10 820
10 56
10 185
10 58
10 828
10 189
10 868
10 718
10 67
10 68
10 72
10 202
10 843
10 716
10 206
10 765
10 81
10 858
10 83
10 85
10 313
10 856
10 473
10 90
10 506
10 94
10 223
10 352
10 97
10 610
10 99
10 484
10 796
10 103
10 106
10 317
10 624
10 241
10 660
10 250
10 123
10 234
11 649
11 267
11 524
11 19
11 23
11 24
11 283
11 156
11 564
11 30
11 801
11 290
11 35
11 37
11 42
11 549
11 45
11 47
11 432
11 128
11 52
11 53
11 55
11 56
11 308
11 58
11 444
11 522
11 63
11 64
11 196
11 581
11 582
11 200
11 201
11 778
11 418
11 720
11 547
11 341
11 598
11 343
11 222
11 223
11 96
11 231
11 615
11 108
11 365
11 111
11 659
11 766
11 126
12 396
12 258
12 144
12 17
12 19
12 302
12 22
12 388
12 155
12 520
12 33
12 278
12 166
12 129
12 810
12 519
12 300
12 557
12 46
12 305
12 178
12 441
12 58
12 187
12 190
12 320
12 66
12 841
12 76
12 208
12 84
12 85
12 505
12 740
12 858
12 91
12 476
12 95
12 611
12 100
12 229
12 360
12 489
12 362
12 104
12 371
12 574
12 212
12 380
12 639
13 392
13 15
13 273
13 18
13 19
13 20
13 21
13 23
13 25
13 520
13 29
13 133
13 289
13 290
13 37
13 40
13 348
13 298
13 896
13 338
13 48
13 49
13 50
13 51
13 181
13 566
13 58
13 443
13 445
13 190
13 63
13 66
13 326
13 865
13 840
13 210
13 658
13 464
13 82
13 597
13 710
13 472
13 89
13 655
13 92
13 314
13 481
13 229
13 657
13 107
13 728
13 109
13 757
13 503
13 121
13 127
13 767
13 126
13 277
14 257
14 584
14 631
14 652
14 653
14 270
14 399
14 320
14 145
14 402
14 515
14 456
14 662
14 665
14 24
14 25
14 28
14 286
14 389
14 416
14 816
14 625
14 284
14 298
14 772
14 769
14 46
14 175
14 432
14 200
14 50
14 51
14 670
14 777
14 58
14 315
14 188
14 192
14 70
14 72
14 460
14 75
14 204
14 717
14 592
14 721
14 339
14 214
14 348
14 443
14 619
14 620
14 750
14 495
14 369
14 467
14 886
14 119
14 376
14 249
14 122
14 790
14 124
14 759
15 682
15 17
15 147
15 20
15 149
15 24
15 26
15 30
15 214
15 289
15 36
15 40
15 170
15 46
15 303
15 184
15 569
15 59
15 191
15 608
15 66
15 643
15 33
15 201
15 386
15 514
15 227
15 86
15 657
15 735
15 352
15 483
15 613
15 102
15 529
15 489
15 234
15 235
15 108
15 621
15 515
15 787
15 116
15 375
15 121
15 637
15 255
16 132
16 470
16 321
16 142
16 17
16 18
16 275
16 519
16 22
16 26
16 27
16 28
16 157
16 31
16 35
16 838
16 38
16 424
16 64
16 682
16 43
16 301
16 46
16 51
16 436
16 181
16 311
16 57
16 58
16 59
16 192
16 193
16 66
16 70
16 711
16 330
16 716
16 744
16 654
16 214
16 727
16 348
16 347
16 92
16 97
16 98
16 103
16 232
16 493
16 369
16 372
16 246
16 759
16 248
16 126
17 18
17 147
17 20
17 21
17 280
17 665
17 801
17 548
17 38
17 40
17 169
17 257
17 818
17 302
17 815
17 817
17 178
17 563
17 436
17 54
17 265
17 184
17 57
17 702
17 373
17 96
17 694
17 353
17 652
17 330
17 183
17 332
17 207
17 82
17 676
17 725
17 215
17 88
17 89
17 858
17 347
17 348
17 777
17 95
17 224
17 97
17 483
17 232
17 876
17 241
17 117
17 502
17 248
17 121
17 637
17 511
18 769
18 264
18 493
18 145
18 19
18 20
18 768
18 536
18 25
18 154
18 27
18 157
18 670
18 571
18 160
18 33
18 292
18 39
18 41
18 44
18 45
18 541
18 602
18 182
18 628
18 315
18 444
18 830
18 319
18 450
18 67
18 69
18 73
18 331
18 781
18 82
18 83
18 596
18 213
18 642
18 164
18 218
18 93
18 608
18 59
18 102
18 230
18 323
18 235
18 466
18 244
18 758
18 889
18 123
18 255
19 264
19 877
19 664
19 408
19 346
19 30
19 673
19 646
19 41
19 172
19 813
19 797
19 49
19 52
19 826
19 443
19 188
19 192
19 63
19 320
19 73
19 202
19 206
19 525
19 208
19 339
19 218
19 226
19 99
19 105
19 237
19 882
19 117
19 376
19 249
19 506
19 251
19 124
19 382
20 261
20 148
20 21
20 154
20 156
20 31
20 160
20 545
20 292
20 806
20 28
20 43
20 45
20 50
20 307
20 52
20 649
20 543
20 58
20 59
20 32
20 195
20 199
20 842
20 226
20 465
20 726
20 88
20 348
20 480
20 98
20 553
20 102
20 105
20 365
20 111
20 112
20 498
20 499
20 119
20 124
20 127
21 66
21 643
21 407
21 24
21 155
21 30
21 671
21 162
21 35
21 292
21 293
21 40
21 41
21 814
21 303
21 27
21 49
21 820
21 822
21 317
21 578
21 54
21 326
21 79
21 466
21 859
21 477
21 611
21 870
21 486
21 360
21 749
21 242
21 120
21 122
21 637
22 132
22 898
22 277
22 24
22 25
22 26
22 29
22 32
22 161
22 34
22 38
22 42
22 43
22 44
22 301
22 46
22 304
22 49
22 128
22 266
22 688
22 330
22 320
22 544
22 580
22 453
22 97
22 458
22 75
22 206
22 465
22 82
22 794
22 343
22 896
22 478
22 144
22 98
22 613
22 744
22 617
22 748
22 109
22 240
22 881
22 243
22 244
22 630
22 121
23 260
23 649
23 394
23 386
23 526
23 141
23 659
23 27
23 797
23 768
23 734
23 35
23 164
23 241
23 424
23 554
23 875
23 44
23 813
23 431
23 306
23 692
23 181
23 56
23 447
23 704
23 578
23 196
23 201
23 78
23 82
23 675
23 222
23 869
23 746
23 491
23 620
23 338
23 40
23 117
23 891
23 124
23 42
23 127
24 133
24 391
24 146
24 535
24 576
24 665
24 26
24 283
24 29
24 150
24 800
24 36
24 167
24 424
24 171
24 858
24 47
24 48
24 584
24 307
24 53
24 137
24 313
24 60
24 215
24 64
24 395
24 72
24 81
24 85
24 87
24 90
24 91
24 92
24 221
24 479
24 783
24 485
24 109
24 613
24 113
24 244
24 374
24 249
24 250
24 379
25 364
25 655
25 277
25 674
25 150
25 389
25 416
25 33
25 34
25 163
25 420
25 134
25 38
25 113
25 43
25 44
25 542
25 566
25 161
25 841
25 518
25 460
25 77
25 79
25 340
25 654
25 344
25 731
25 732
25 477
25 223
25 358
25 235
25 108
25 621
25 111
25 241
25 124
25 661
26 267
26 857
26 663
26 29
26 33
26 36
26 549
26 295
26 129
26 299
26 45
26 304
26 306
26 51
26 52
26 607
26 62
26 718
26 66
26 323
26 709
26 582
26 584
26 74
26 587
26 78
26 210
26 213
26 89
26 37
26 100
26 359
26 764
26 82
26 631
26 376
26 889
26 380
27 138
27 663
27 142
27 785
27 152
27 640
27 540
27 29
27 30
27 162
27 422
27 41
27 809
27 684
27 46
27 48
27 136
27 180
27 309
27 658
27 649
27 185
27 187
27 64
27 454
27 631
27 334
27 83
27 215
27 600
27 473
27 220
27 784
27 356
27 166
27 487
27 104
27 105
27 490
27 107
27 402
27 114
27 373
27 119
27 686
27 766
27 533
28 491
28 65
28 139
28 76
28 209
28 658
28 83
28 405
28 598
28 217
28 796
28 286
28 69
28 33
28 546
28 100
28 679
28 104
28 169
28 490
28 71
28 684
28 110
28 47
28 242
28 128
28 884
28 57
28 526
28 828
28 511
29 669
29 385
29 779
29 398
29 79
29 512
29 211
29 153
29 156
29 93
29 31
29 288
29 671
29 602
29 70
29 487
29 220
29 490
29 43
29 44
29 429
29 110
29 47
29 368
29 435
29 116
29 647
29 58
29 59
29 124
29 61
30 263
30 530
30 516
30 288
30 165
30 811
30 44
30 173
30 302
30 565
30 822
30 192
30 194
30 139
30 583
30 328
30 202
30 332
30 337
30 86
30 88
30 89
30 92
30 93
30 226
30 227
30 614
30 106
30 492
30 109
30 507
30 125
30 195
31 140
31 889
31 867
31 480
31 105
31 704
31 94
31 96
31 33
31 489
31 198
31 305
31 80
31 64
31 42
31 327
31 46
31 304
31 48
31 113
31 192
31 243
31 116
31 349
31 55
31 825
31 60
31 106
32 86
32 136
32 265
32 267
32 76
32 450
32 78
32 147
32 206
32 727
32 728
32 68
32 667
32 604
32 477
32 101
32 288
32 97
32 197
32 37
32 39
32 296
32 41
32 171
32 114
32 581
32 176
32 50
32 756
32 609
32 184
32 253
32 63
33 388
33 136
33 729
33 215
33 66
33 334
33 482
33 87
33 327
33 207
33 459
33 800
33 432
33 226
33 619
33 36
33 568
33 40
33 199
33 48
33 49
33 754
33 52
33 292
33 354
33 316
33 752
34 128
34 782
34 783
34 656
34 153
34 283
34 157
34 800
34 675
34 423
34 297
34 170
34 556
34 46
34 305
34 178
34 435
34 52
34 309
34 696
34 57
34 347
34 444
34 63
34 195
34 325
34 58
34 84
34 603
34 257
34 747
34 111
34 754
34 245
34 121
34 890
35 194
35 107
35 389
35 70
35 71
35 535
35 585
35 266
35 333
35 635
35 403
35 340
35 267
35 484
35 331
35 284
35 93
35 165
35 676
35 400
35 482
35 163
35 36
35 102
35 537
35 43
35 45
35 436
35 395
35 696
35 59
35 252
35 253
35 666
36 389
36 70
36 289
36 330
36 203
36 786
36 661
36 235
36 196
36 158
36 223
36 162
36 228
36 43
36 497
36 415
36 89
36 564
36 379
36 767
37 182
37 65
37 73
37 522
37 268
37 78
37 402
37 300
37 85
37 86
37 132
37 156
37 800
37 359
37 356
37 229
37 38
37 167
37 470
37 64
37 196
37 43
37 44
37 840
37 562
37 371
37 118
37 297
37 184
37 314
37 460
37 277
38 66
38 488
38 134
38 417
38 780
38 75
38 582
38 207
38 80
38 84
38 215
38 670
38 736
38 162
38 296
38 43
38 366
38 623
38 49
38 308
38 757
38 56
38 596
38 60
38 317
39 71
39 64
39 207
39 658
39 384
39 230
39 680
39 96
39 51
39 116
39 54
39 703
39 124
39 63
40 69
40 134
40 75
40 728
40 345
40 218
40 795
40 704
40 93
40 671
40 739
40 781
40 103
40 362
40 231
40 622
40 368
40 113
40 54
40 875
41 731
41 827
41 522
41 140
41 654
41 749
41 592
41 727
41 218
41 159
41 635
41 167
41 129
41 171
41 173
41 239
41 287
41 49
41 690
41 373
41 505
41 58
41 123
41 252
42 129
42 137
42 76
42 144
42 82
42 132
42 538
42 91
42 732
42 832
42 417
42 100
42 103
42 455
42 47
42 48
42 645
42 370
42 496
42 649
42 826
42 635
42 769
43 65
43 202
43 567
43 115
43 147
43 789
43 211
43 101
43 843
43 464
43 540
43 426
43 823
43 814
43 367
43 51
43 682
43 55
43 479
43 60
43 61
44 256
44 406
44 393
44 77
44 153
44 794
44 198
44 160
44 97
44 422
44 872
44 391
44 749
44 495
44 368
44 850
45 343
45 139
45 324
45 390
45 193
45 268
45 834
45 145
45 99
45 313
45 281
45 303
45 98
45 774
45 103
45 509
45 855
45 711
45 242
45 111
45 50
45 531
45 822
45 55
45 57
45 273
45 189
45 63
46 194
46 353
46 386
46 82
46 214
46 599
46 345
46 92
46 161
46 678
46 47
46 369
46 180
46 592
46 244
46 799
46 702
47 71
47 72
47 202
47 139
47 396
47 589
47 207
47 784
47 146
47 277
47 150
47 152
47 217
47 221
47 734
47 479
47 419
47 100
47 813
47 114
47 566
47 254
48 388
48 65
48 200
48 522
48 331
48 419
48 371
48 91
48 93
48 286
48 871
48 105
48 237
48 179
48 53
48 248
48 252
49 642
49 387
49 196
49 73
49 268
49 448
49 88
49 90
49 347
49 93
49 224
49 500
49 859
49 492
49 289
49 765
49 304
49 51
49 372
49 117
49 560
49 332
49 57
49 60
49 61
49 319
50 388
50 72
50 337
50 152
50 538
50 672
50 670
50 312
50 290
50 547
50 326
50 536
50 753
50 746
50 549
50 433
50 115
50 309
50 184
50 127
51 267
51 204
51 726
51 279
51 363
51 478
51 656
51 354
51 99
51 870
51 237
51 116
51 53
51 59
51 123
52 257
52 773
52 135
52 136
52 776
52 535
52 751
52 92
52 735
52 288
52 59
52 893
52 871
52 232
52 170
52 172
52 61
52 176
52 552
52 882
52 824
52 379
52 253
53 323
53 65
53 73
53 192
53 717
53 83
53 88
53 218
53 668
53 869
53 263
53 417
53 292
53 421
53 502
53 556
53 303
53 128
53 54
53 809
53 59
53 60
53 138
53 63
54 72
54 73
54 887
54 717
54 369
54 324
54 90
54 416
54 299
54 620
54 173
54 876
54 175
54 200
54 818
54 181
54 246
54 585
55 683
55 452
55 71
55 578
55 759
55 899
55 609
55 214
55 215
55 225
55 667
55 604
55 199
55 353
55 226
55 686
55 385
55 576
55 137
55 852
55 57
55 59
55 703
56 322
56 779
56 326
56 711
56 204
56 390
56 320
56 147
56 84
56 86
56 91
56 220
56 165
56 864
56 101
56 309
56 632
56 58
56 543
56 102
57 194
57 391
57 394
57 462
57 80
57 87
57 602
57 81
57 295
57 112
57 693
58 848
58 209
58 853
58 279
58 868
58 282
58 289
58 763
58 602
58 504
58 422
58 103
58 491
58 679
58 669
58 241
58 117
58 566
58 250
58 59
58 703
59 385
59 534
59 73
59 522
59 77
59 856
59 237
59 85
59 342
59 87
59 88
59 729
59 143
59 329
59 731
59 160
59 144
59 873
59 327
59 146
59 369
59 504
60 193
60 599
60 258
60 493
60 80
60 467
60 279
60 734
60 739
60 549
60 231
60 104
60 583
60 517
60 173
60 110
60 116
60 761
60 615
60 762
61 66
61 74
61 354
61 130
61 593
61 146
61 468
61 686
61 537
61 623
61 442
61 350
61 880
61 98
61 302
61 368
61 258
61 122
61 63
62 256
62 765
62 394
62 77
62 273
62 212
62 213
62 662
62 537
62 282
62 603
62 416
62 162
62 549
62 614
62 492
62 174
62 687
62 820
62 315
62 637
63 130
63 259
63 73
63 74
63 173
63 86
63 87
63 267
63 90
63 114
63 628
63 374
63 312
63 188
63 574
64 449
64 642
64 717
64 408
64 659
64 881
64 670
64 287
64 97
64 358
64 776
64 821
64 696
64 267
64 634
64 715
65 396
65 657
65 402
65 213
65 772
65 452
65 98
65 810
65 684
65 301
65 302
65 111
65 113
65 116
65 632
65 829
66 279
66 145
66 367
66 333
66 87
66 217
66 335
66 607
66 291
66 420
66 105
66 364
66 111
66 433
66 873
66 192
66 766
67 833
67 642
67 136
67 397
67 79
67 80
67 323
67 215
67 281
67 160
67 227
67 228
67 167
67 424
67 425
67 530
67 367
67 244
67 445
67 383
68 427
68 614
68 97
68 161
68 171
68 204
68 557
68 841
68 894
68 182
68 407
68 576
68 100
68 508
68 94
69 639
69 70
69 79
69 304
69 145
69 149
69 278
69 407
69 888
69 185
69 282
69 443
69 94
69 191
70 836
70 134
70 428
70 138
70 898
70 85
70 356
70 352
70 162
70 231
70 104
70 426
70 108
70 366
70 437
70 310
70 185
70 831
70 703
71 642
71 72
71 556
71 835
71 853
71 214
71 283
71 442
71 255
71 797
71 95
72 642
72 765
72 787
72 469
72 86
72 623
72 156
72 293
72 295
72 697
72 122
72 394
73 863
73 129
73 337
73 789
73 87
73 216
73 92
73 741
73 354
73 615
73 170
73 889
73 570
73 703
74 576
74 228
74 422
74 232
74 105
74 565
74 93
74 82
74 83
74 148
74 117
74 310
74 119
74 600
75 519
75 456
75 201
75 779
75 268
75 333
75 407
75 858
75 603
75 93
75 542
75 805
75 363
75 557
75 317
75 242
75 628
75 505
75 125
76 710
76 775
76 586
76 77
76 78
76 848
76 213
76 151
76 477
76 94
76 368
76 291
76 102
76 107
76 110
76 176
76 439
76 443
77 449
77 774
77 203
77 84
77 85
77 599
77 88
77 473
77 90
77 667
77 158
77 795
77 165
77 681
77 116
77 888
78 234
78 395
78 658
78 274
78 180
78 153
78 732
78 542
78 543
79 257
79 641
79 124
79 650
79 476
79 632
79 113
79 838
79 117
79 568
79 283
79 92
80 260
80 391
80 139
80 142
80 563
80 82
80 206
80 86
80 91
80 92
80 547
80 228
80 626
80 243
80 651
81 386
81 101
81 139
81 306
81 766
81 126
82 773
82 503
82 663
82 206
82 451
82 174
82 281
82 220
82 415
82 492
82 367
82 247
83 262
83 198
83 363
83 206
83 797
83 243
83 86
83 185
83 309
83 123
83 574
83 127
84 299
84 488
84 554
84 290
84 270
84 205
84 616
84 628
84 222
84 123
84 284
84 126
85 392
85 779
85 593
85 595
85 215
85 286
85 351
85 160
85 353
85 418
85 635
85 230
85 364
85 173
85 94
85 607
85 126
86 834
86 353
86 713
86 396
86 852
86 281
86 88
86 473
86 289
86 876
86 720
86 244
86 631
86 761
86 572
87 258
87 537
87 896
87 167
87 876
87 301
87 433
87 693
87 185
87 319
87 345
87 127
88 384
88 645
88 268
88 332
88 717
88 722
88 149
88 282
88 354
88 102
88 176
88 697
89 323
89 337
89 201
89 267
89 654
89 309
89 313
89 124
90 226
90 166
90 871
90 485
90 624
90 258
90 442
90 325
90 165
91 289
91 300
91 429
91 844
92 134
92 266
92 110
92 156
92 166
92 295
92 488
92 307
92 565
92 185
93 453
93 128
93 887
93 473
93 880
93 802
93 231
93 301
93 431
93 183
93 505
94 653
94 144
94 339
94 404
94 825
94 667
94 606
94 97
94 226
94 168
94 745
94 302
94 552
94 178
94 809
94 697
94 444
95 98
95 640
95 633
95 97
95 103
95 205
95 256
95 880
95 883
95 244
95 119
95 343
95 537
95 191
96 863
96 263
96 722
96 155
96 860
96 735
96 98
96 803
96 298
96 685
96 321
96 180
96 757
96 119
96 122
96 189
96 117
97 322
97 137
97 275
97 472
97 227
97 231
97 632
97 299
97 302
97 113
97 244
97 886
97 777
97 504
97 185
97 314
97 571
97 316
98 322
98 452
98 456
98 143
98 840
98 665
98 156
98 619
98 712
98 691
98 245
98 764
99 520
99 273
99 152
99 185
99 699
99 219
99 316
99 509
100 895
100 164
100 326
100 871
100 614
100 175
100 465
100 274
100 156
100 863
101 523
101 166
101 424
101 128
101 108
101 237
101 212
101 117
101 470
101 706
101 572
101 149
102 397
102 145
102 335
102 357
102 801
102 549
102 807
102 616
102 577
102 411
103 262
103 135
103 192
103 782
103 149
103 539
103 288
103 614
103 629
103 313
103 891
103 702
104 198
104 327
104 584
104 787
104 667
104 155
104 294
104 615
104 489
104 621
104 110
104 111
104 120
104 185
105 408
105 670
105 752
105 674
105 804
105 230
105 873
105 108
105 434
105 564
105 862
105 246
105 377
106 258
106 228
106 382
106 587
106 172
106 530
106 131
106 596
106 311
106 608
106 891
106 190
107 481
107 763
107 453
107 258
107 749
107 694
107 120
107 125
107 517
108 232
108 300
108 221
108 492
108 167
109 481
109 747
109 197
109 518
109 599
109 462
109 559
109 392
109 370
109 567
109 121
109 667
110 649
110 519
110 235
110 845
110 113
110 402
110 243
110 758
110 567
110 600
110 175
110 221
111 386
111 628
111 514
111 407
112 134
112 423
112 169
112 397
112 288
112 278
112 633
112 282
112 475
113 299
113 391
113 263
113 248
113 729
113 770
113 135
113 427
113 289
114 130
114 205
114 309
114 439
114 668
115 418
115 131
115 132
115 172
115 755
115 884
115 203
115 409
115 121
115 122
115 187
116 526
116 535
116 152
116 538
116 591
116 606
116 291
116 228
116 230
116 199
116 429
116 751
117 197
117 193
117 137
117 848
117 351
117 423
117 299
117 174
117 242
117 373
117 503
118 424
118 297
118 744
118 124
118 870
118 726
118 311
118 284
119 162
119 675
119 673
119 328
119 811
119 432
119 498
119 278
119 543
120 737
120 456
120 828
120 328
120 236
120 268
120 258
120 642
120 425
120 184
120 348
120 768
120 865
121 129
121 392
121 584
121 139
121 720
121 404
121 149
121 855
121 547
121 360
121 175
121 648
121 574
121 853
122 423
122 299
122 180
122 249
122 223
123 643
123 806
123 200
123 834
123 378
123 125
123 574
124 272
124 271
124 274
124 347
124 161
124 173
124 494
124 136
124 562
124 504
124 528
125 267
125 169
125 781
125 451
125 408
125 701
125 223
126 656
126 859
126 390
126 844
126 332
126 630
126 574
126 542
127 644
127 741
127 230
127 680
127 797
127 342
127 253
128 192
128 195
128 548
128 327
128 655
128 421
128 285
128 791
128 474
128 383
128 255
129 357
129 812
129 456
129 269
129 142
129 808
129 145
129 274
129 206
129 150
129 586
129 542
130 733
130 518
130 268
130 206
130 760
130 439
130 216
130 191
130 541
130 189
130 223
131 582
131 273
131 793
131 826
131 172
131 234
132 818
132 665
132 217
132 554
132 223
133 378
133 244
133 326
133 362
133 156
133 351
134 196
134 206
134 328
134 342
134 313
134 351
135 331
135 658
135 299
135 167
135 372
135 397
136 550
136 737
136 216
136 356
136 218
136 443
136 895
137 837
137 398
137 176
137 219
137 816
137 149
138 193
138 584
138 279
138 812
138 445
138 306
138 415
138 247
138 218
138 188
138 157
138 230
139 388
139 167
139 169
139 354
139 812
139 372
139 577
139 888
139 445
139 255
140 165
140 329
140 586
140 679
140 268
140 238
140 303
140 758
140 822
140 726
141 146
141 148
141 731
141 257
141 254
141 159
142 610
142 323
142 804
142 197
142 870
142 268
142 387
142 468
142 220
143 360
143 366
143 418
143 336
143 337
143 432
143 629
143 634
143 154
143 834
143 157
144 896
144 336
144 610
144 780
144 718
144 335
144 176
144 259
144 643
144 878
144 719
144 283
144 229
145 587
145 370
145 848
145 273
145 165
145 605
145 198
146 256
146 795
146 261
146 370
146 405
146 361
147 587
147 589
147 562
147 374
147 316
147 280
148 449
148 765
148 502
148 263
148 201
148 493
148 239
148 244
148 278
148 804
148 155
148 348
148 234
149 866
149 491
149 313
150 162
150 712
150 760
150 594
150 826
150 220
151 339
151 249
151 172
151 857
151 671
152 578
152 263
152 232
152 555
152 545
152 249
153 293
153 412
153 484
153 461
153 280
153 228
153 379
153 188
153 868
154 534
154 423
154 297
154 430
154 382
154 214
154 768
154 596
154 414
155 366
155 401
155 441
155 217
156 679
156 872
156 173
156 301
156 696
156 501
156 512
156 248
157 384
157 329
157 648
157 690
157 794
157 655
157 382
158 394
158 311
158 188
159 532
159 374
159 246
159 440
159 442
159 543
160 288
160 443
161 771
161 459
161 332
161 817
161 883
161 214
161 444
162 264
162 471
162 429
162 270
162 692
162 566
162 452
162 182
163 787
163 423
163 248
163 252
163 685
163 782
164 393
164 626
164 724
164 759
165 640
165 167
165 592
165 293
166 417
166 267
166 173
166 445
166 753
166 434
166 211
166 820
166 413
166 350
167 264
167 316
167 406
167 794
167 447
167 766
168 324
168 326
168 263
168 304
168 721
168 803
168 827
169 808
169 348
169 170
169 717
170 224
170 294
170 262
170 614
170 492
170 226
170 288
170 531
170 755
170 351
171 454
171 778
171 898
171 335
171 243
171 222
172 355
172 728
172 173
172 334
172 499
172 563
172 184
172 843
173 774
173 629
173 334
173 433
173 627
173 249
173 411
173 284
174 456
174 879
174 304
174 584
174 502
174 644
175 246
175 295
175 684
175 359
175 236
175 655
175 244
175 191
176 546
176 647
176 553
176 681
176 660
176 667
177 182
177 267
177 844
177 278
177 731
177 284
177 214
178 195
178 554
178 492
178 355
178 757
178 892
179 752
179 846
180 355
180 229
180 522
180 206
180 468
180 285
180 661
181 475
181 790
181 354
181 492
182 239
183 433
183 808
183 305
183 530
183 756
183 213
183 598
183 792
183 222
184 609
184 718
184 495
184 656
184 856
184 188
185 862
185 651
185 620
185 229
185 616
185 629
185 222
186 371
186 677
186 579
186 427
186 844
186 322
187 611
187 331
187 846
188 484
188 609
188 830
188 278
189 195
189 614
189 230
189 631
189 322
189 221
190 192
190 320
190 741
190 449
190 495
190 223
191 363
191 412
191 447
191 236
192 613
192 244
192 640
193 364
193 340
193 528
193 535
194 359
194 457
194 330
194 471
194 274
194 659
194 341
194 512
194 792
194 281
194 219
194 682
195 740
195 423
195 458
195 231
195 299
195 794
195 517
196 205
196 591
196 656
196 754
196 344
196 218
196 316
196 478
196 197
197 352
197 613
197 589
197 338
197 546
197 308
197 503
197 472
197 346
197 373
198 210
198 836
198 317
198 431
198 232
199 544
199 356
199 404
199 429
199 399
199 726
199 859
199 860
200 497
200 290
200 203
201 389
201 841
202 264
202 649
202 204
202 785
202 339
202 851
202 765
203 294
203 305
203 210
203 773
203 245
203 383
204 369
204 850
204 229
204 214
204 686
205 305
205 275
206 386
206 208
206 337
206 343
206 600
206 772
206 411
206 606
206 355
206 681
206 531
206 827
206 382
207 747
207 393
207 698
208 561
208 658
208 478
208 232
208 773
209 261
209 585
209 839
209 496
209 246
209 215
210 609
210 886
210 323
210 864
210 277
211 515
211 388
211 403
211 436
211 374
211 376
212 705
212 898
212 452
212 542
212 842
212 453
213 555
214 642
214 375
214 525
214 400
214 532
214 857
214 603
214 573
214 606
214 319
215 539
215 304
215 349
216 422
216 426
217 432
217 581
217 722
217 350
218 689
218 329
218 336
218 829
219 626
219 233
219 239
220 323
220 699
220 714
220 715
220 338
220 696
221 786
221 761
222 834
222 445
222 527
222 655
222 799
223 304
223 595
223 438
223 731
224 450
224 821
224 241
224 557
225 420
225 357
225 392
225 843
225 299
225 720
225 373
225 438
225 732
225 350
226 780
226 332
227 230
227 442
228 672
228 776
228 655
228 282
228 687
228 380
229 258
229 489
229 538
229 383
229 319
230 270
230 273
230 323
230 442
231 448
231 232
231 652
231 889
231 857
231 761
232 403
232 277
232 692
233 716
233 661
233 873
233 316
233 428
233 509
233 767
234 426
235 358
235 423
235 553
235 822
235 248
235 410
235 794
236 788
236 848
236 249
236 378
236 796
236 844
237 820
237 310
238 546
238 388
238 861
238 750
239 864
239 353
239 533
240 724
240 296
240 730
240 419
240 590
240 573
241 613
241 839
241 424
243 610
243 337
243 522
243 499
243 273
243 279
243 631
243 282
244 452
244 662
244 683
244 723
245 299
245 517
245 551
245 346
245 399
246 281
246 605
247 546
247 499
248 708
248 677
248 860
248 363
248 691
248 890
249 384
249 263
249 336
249 406
249 282
250 427
250 277
250 329
250 299
251 563
251 451
252 370
252 505
252 339
252 355
252 300
252 479
253 417
253 613
253 497
253 452
254 293
254 762
254 362
254 682
254 735
255 545
255 680
255 490
255 270
256 799
256 305
256 414
256 402
256 738
256 607
256 338
257 259
257 503
257 792
258 652
258 363
258 365
258 815
258 434
258 387
259 359
259 286
260 291
260 562
261 272
261 456
261 762
262 752
263 820
263 550
263 743
263 696
263 521
264 452
264 781
265 289
265 451
265 885
265 535
265 492
265 382
265 623
266 331
266 624
266 338
266 483
266 853
266 503
266 298
267 522
267 524
267 733
267 692
267 539
268 528
268 514
268 860
269 712
269 588
269 533
269 471
270 433
270 785
270 744
270 594
271 342
271 409
271 338
272 627
272 804
272 569
272 883
272 445
273 746
274 419
274 710
274 700
274 636
274 879
275 773
275 528
275 312
275 557
276 387
276 632
276 521
276 700
276 526
276 319
277 721
277 426
277 529
277 403
277 756
277 850
277 351
278 573
278 414
278 685
279 640
279 324
279 531
279 823
279 608
280 835
280 721
281 488
282 290
282 548
282 645
282 660
282 542
282 629
283 832
283 671
284 512
284 324
284 287
285 435
285 563
285 728
285 819
285 298
286 513
286 748
286 547
286 311
286 473
286 309
287 897
287 801
287 376
287 831
287 350
287 511
288 445
288 340
288 719
289 523
290 676
290 540
290 394
290 461
290 830
290 792
290 628
290 316
290 754
291 499
292 579
292 654
292 612
292 681
292 398
293 558
294 816
294 408
294 643
294 708
294 332
295 572
295 305
295 515
295 501
295 311
295 479
296 895
296 486
296 841
296 507
296 512
297 440
297 894
298 513
298 415
299 644
299 890
299 499
299 888
300 635
300 594
300 601
300 741
301 609
301 454
301 393
301 615
301 689
302 619
302 545
302 375
302 603
303 663
303 343
303 447
304 662
304 438
305 724
305 785
306 646
306 616
306 433
306 368
307 699
307 344
308 813
308 325
309 323
309 522
309 580
309 436
309 566
309 730
310 357
310 711
310 424
312 657
312 548
312 507
313 516
313 329
313 536
313 725
313 348
313 437
314 630
315 814
315 843
316 768
316 397
316 782
316 417
317 539
317 451
317 625
317 454
317 721
319 394
320 434
320 696
320 421
321 725
321 326
321 490
321 700
321 784
321 351
322 759
322 873
322 386
323 361
323 819
323 855
324 648
324 652
324 454
324 444
327 482
327 445
327 413
328 895
328 335
329 577
329 332
329 589
329 398
330 470
331 599
331 856
331 650
332 408
332 513
332 489
333 584
333 653
333 672
333 347
333 442
333 591
336 337
336 375
337 736
337 717
337 454
337 423
337 690
337 543
338 644
338 392
338 430
338 805
338 405
338 542
338 725
339 528
339 660
339 556
340 715
340 409
340 851
340 523
341 448
341 577
341 364
341 391
341 492
341 795
341 573
343 579
344 502
344 490
344 783
345 864
345 364
345 621
345 639
347 585
348 547
349 573
349 451
349 587
349 551
349 461
349 830
350 534
351 846
352 416
352 553
352 731
352 542
353 400
353 489
353 798
354 450
354 432
354 884
354 393
354 635
355 421
355 794
356 548
357 819
357 542
357 463
358 505
358 415
359 640
359 590
360 448
361 449
361 552
361 838
362 758
363 811
364 730
365 739
365 389
365 831
365 557
366 690
366 694
366 733
367 427
368 794
368 452
368 729
368 396
369 615
369 707
369 629
370 642
370 391
371 418
371 572
371 538
371 862
371 831
373 656
373 879
373 488
373 542
374 841
375 652
376 496
376 767
376 707
376 842
377 384
377 828
377 884
378 499
379 710
379 637
379 590
380 578
381 548
381 709
382 563
382 542
382 473
382 863
383 651
383 585
383 505
383 403
383 638
383 526
384 517
384 506
384 798
385 396
385 415
386 472
386 673
387 765
389 633
389 840
389 442
390 685
390 719
390 559
391 873
391 525
391 750
391 831
392 688
392 500
393 485
393 514
394 584
394 690
396 517
397 528
397 538
397 685
398 871
399 871
399 892
399 763
399 476
400 578
401 416
402 579
402 574
402 661
403 572
405 588
405 488
405 476
405 728
406 775
408 636
408 697
409 530
409 891
409 460
412 846
412 462
413 804
413 773
413 554
413 747
414 593
415 514
415 523
415 780
415 592
415 597
415 793
415 537
415 666
416 662
416 489
416 769
416 541
417 418
417 468
417 696
417 565
418 612
418 874
420 899
420 716
420 541
420 754
421 481
421 632
422 504
422 621
423 442
424 718
425 465
427 545
427 582
427 710
427 468
428 658
428 697
428 638
429 886
429 568
430 437
430 655
431 448
431 560
431 844
432 680
432 748
432 603
433 531
435 454
435 798
436 590
436 718
437 528
437 561
437 625
438 664
438 559
439 847
439 733
440 778
441 697
441 475
441 671
443 515
443 740
443 587
443 494
443 560
444 835
444 598
445 737
448 560
450 611
450 533
450 895
450 706
450 597
451 571
451 677
451 473
452 838
452 685
452 729
452 557
452 634
455 596
456 550
457 576
457 521
457 466
460 760
460 666
460 716
461 834
461 484
463 590
464 641
464 602
465 696
465 766
466 855
466 764
466 719
468 627
468 595
468 815
469 603
471 760
471 557
471 510
472 540
472 575
473 662
473 743
476 774
476 772
476 502
477 586
477 492
477 725
478 684
479 605
481 706
481 767
481 622
482 545
482 601
482 507
483 752
483 531
483 680
483 899
484 544
484 779
486 754
486 742
486 765
487 825
487 770
487 499
488 496
488 842
489 668
489 819
491 723
492 680
492 715
492 635
493 821
495 516
495 721
495 664
496 851
497 532
497 623
498 864
498 612
498 804
498 743
498 842
499 804
499 665
499 841
500 744
501 634
501 755
502 539
503 854
503 601
505 599
506 775
508 537
508 614
508 665
509 874
510 806
511 538
511 546
512 584
514 769
514 774
514 807
514 664
514 517
516 597
517 622
518 818
519 752
520 835
520 648
520 862
521 852
522 714
522 869
522 798
524 816
525 775
527 784
527 786
528 535
530 622
530 826
530 837
531 592
531 610
531 601
531 667
532 662
532 577
532 861
533 824
534 838
535 662
535 836
536 611
536 597
536 774
536 845
537 800
537 567
538 667
539 576
539 758
540 689
540 868
540 770
541 607
542 801
542 883
542 810
542 765
544 729
545 731
545 642
548 842
549 811
550 615
550 589
552 737
552 763
552 620
553 641
554 684
557 872
557 574
558 741
559 784
559 883
559 633
560 581
561 786
561 647
564 745
568 838
568 672
570 884
571 715
572 726
573 767
574 875
575 899
575 871
576 756
576 632
578 898
578 846
578 613
579 694
580 782
581 887
581 641
582 667
582 777
583 603
584 879
588 856
588 740
590 874
592 668
593 890
597 661
597 800
598 754
598 814
599 605
599 703
601 656
603 763
603 705
604 616
605 786
606 669
606 879
608 738
609 694
610 774
611 880
612 625
613 673
613 714
615 823
615 750
616 676
617 710
619 715
621 750
622 643
622 753
622 829
623 694
624 733
625 806
626 655
627 650
627 892
633 895
634 737
635 723
637 745
638 784
638 753
639 730
641 877
644 872
652 889
653 707
653 815
662 782
667 833
667 882
668 685
670 884
670 725
671 798
674 868
676 730
678 770
679 693
681 864
683 697
684 701
685 811
686 843
693 763
696 807
704 807
708 720
709 792
709 855
710 723
713 736
713 837
720 864
720 777
725 779
726 787
726 729
727 881
729 764
730 777
730 794
734 888
735 859
735 795
736 756
744 878
747 867
751 790
756 850
758 897
765 845
766 850
768 826
768 799
769 826
774 813
798 829
806 830
807 816
807 889
811 826
814 839
815 841
815 878
817 856
822 880
835 886
844 895
846 899
850 892
857 896
864 896
876 884
880 891
881 885
883 890
