0 512
0 1
0 2
0 3
0 4
0 5
0 6
0 7
0 8
0 9
0 10
0 11
0 12
0 13
0 14
0 15
0 16
0 17
0 18
0 19
0 20
0 21
0 22
0 23
0 24
0 25
0 26
0 27
0 28
0 29
0 30
0 31
0 32
0 33
0 34
0 35
0 36
0 37
0 38
0 39
0 40
0 41
0 42
0 43
0 44
0 45
0 46
0 47
0 48
0 49
0 50
0 51
0 52
0 53
0 54
0 55
0 56
0 57
0 58
0 59
0 60
0 61
0 62
0 63
0 64
0 65
0 66
0 67
0 68
0 69
0 70
0 71
0 72
0 73
0 74
0 75
0 76
0 77
0 78
0 79
0 80
0 81
0 82
0 83
0 84
0 85
0 86
0 87
0 88
0 89
0 90
0 93
0 95
0 96
0 97
0 98
0 100
0 102
0 103
0 104
0 105
0 107
0 108
0 109
0 110
0 111
0 112
0 113
0 114
0 115
0 117
0 118
0 121
0 123
0 124
0 126
0 127
0 128
0 129
0 130
0 131
0 132
0 133
0 134
0 135
0 136
0 137
0 138
0 535
0 141
0 142
0 143
0 145
0 146
0 148
0 151
0 152
0 153
0 154
0 155
0 156
0 157
0 158
0 161
0 163
0 164
0 165
0 166
0 167
0 168
0 169
0 172
0 173
0 174
0 175
0 176
0 177
0 178
0 179
0 182
0 184
0 185
0 186
0 187
0 188
0 189
0 190
0 191
0 192
0 194
0 195
0 532
0 197
0 198
0 199
0 201
0 202
0 203
0 204
0 205
0 207
0 209
0 210
0 212
0 217
0 219
0 221
0 222
0 225
0 226
0 228
0 229
0 536
0 231
0 238
0 242
0 243
0 244
0 247
0 248
0 250
0 251
0 253
0 255
0 256
0 258
0 259
0 537
0 261
0 520
0 265
0 267
0 528
0 274
0 275
0 276
0 278
0 284
0 288
0 290
0 292
0 294
0 300
0 302
0 303
0 309
0 311
0 312
0 316
0 317
0 318
0 320
0 321
0 324
0 326
0 328
0 329
0 330
0 331
0 332
0 333
0 334
0 335
0 337
0 339
0 341
0 343
0 347
0 348
0 517
0 350
0 357
0 358
0 359
0 362
0 363
0 365
0 366
0 368
0 369
0 370
0 373
0 374
0 375
0 376
0 377
0 380
0 383
0 384
0 388
0 390
0 391
0 395
0 548
0 398
0 531
0 402
0 408
0 410
0 514
0 525
0 414
0 422
0 425
0 426
0 427
0 433
0 538
0 443
0 453
0 454
0 455
0 458
0 459
0 463
0 467
0 469
0 470
0 476
0 479
0 480
0 482
0 516
0 489
0 494
0 495
0 497
0 502
0 504
0 506
0 508
1 513
1 2
1 3
1 4
1 5
1 6
1 7
1 8
1 9
1 10
1 11
1 12
1 13
1 14
1 15
1 16
1 17
1 18
1 19
1 20
1 21
1 22
1 23
1 24
1 25
1 26
1 27
1 28
1 29
1 30
1 31
1 32
1 33
1 34
1 35
1 36
1 37
1 38
1 39
1 40
1 41
1 43
1 44
1 46
1 47
1 48
1 49
1 50
1 51
1 53
1 54
1 55
1 56
1 57
1 58
1 60
1 61
1 62
1 63
1 64
1 66
1 67
1 68
1 69
1 70
1 72
1 73
1 77
1 78
1 80
1 81
1 82
1 83
1 85
1 86
1 87
1 89
1 91
1 92
1 96
1 528
1 98
1 100
1 529
1 104
1 105
1 106
1 108
1 109
1 110
1 111
1 114
1 117
1 119
1 122
1 123
1 125
1 126
1 533
1 129
1 134
1 135
1 136
1 137
1 521
1 140
1 141
1 143
1 146
1 149
1 150
1 151
1 154
1 155
1 156
1 157
1 164
1 165
1 167
1 541
1 178
1 188
1 190
1 192
1 195
1 196
1 545
1 202
1 204
1 205
1 210
1 213
1 215
1 548
1 219
1 224
1 230
1 233
1 239
1 241
1 244
1 250
1 252
1 255
1 259
1 260
1 261
1 262
1 275
1 276
1 279
1 280
1 283
1 287
1 288
1 538
1 292
1 296
1 301
1 304
1 307
1 527
1 316
1 522
1 325
1 327
1 328
1 329
1 334
1 336
1 338
1 357
1 361
1 367
1 373
1 377
1 378
1 387
1 388
1 390
1 392
1 393
1 394
1 396
1 398
1 404
1 408
1 410
1 411
1 417
1 425
1 427
1 434
1 437
1 438
1 439
1 446
1 450
1 457
1 460
1 461
1 463
1 468
1 470
1 472
1 476
1 477
1 478
1 481
1 493
1 498
1 502
1 507
1 508
2 3
2 4
2 5
2 6
2 7
2 8
2 9
2 10
2 11
2 12
2 13
2 14
2 15
2 16
2 17
2 18
2 19
2 20
2 21
2 22
2 23
2 24
2 25
2 26
2 27
2 28
2 29
2 30
2 31
2 33
2 547
2 37
2 38
2 39
2 40
2 41
2 42
2 43
2 45
2 46
2 47
2 48
2 49
2 50
2 51
2 52
2 54
2 55
2 57
2 58
2 60
2 61
2 62
2 64
2 66
2 67
2 69
2 71
2 74
2 84
2 87
2 89
2 91
2 93
2 97
2 98
2 99
2 101
2 102
2 105
2 108
2 112
2 115
2 116
2 117
2 120
2 125
2 126
2 132
2 133
2 134
2 135
2 137
2 139
2 142
2 144
2 145
2 146
2 148
2 149
2 152
2 153
2 156
2 157
2 158
2 160
2 164
2 169
2 534
2 171
2 175
2 177
2 185
2 186
2 191
2 193
2 196
2 197
2 198
2 202
2 203
2 206
2 207
2 208
2 210
2 213
2 218
2 220
2 225
2 229
2 230
2 519
2 233
2 235
2 241
2 245
2 246
2 247
2 251
2 256
2 266
2 271
2 275
2 276
2 277
2 279
2 286
2 287
2 291
2 292
2 294
2 304
2 306
2 308
2 312
2 527
2 329
2 332
2 336
2 338
2 339
2 350
2 354
2 356
2 362
2 363
2 368
2 374
2 376
2 378
2 380
2 388
2 391
2 392
2 394
2 397
2 398
2 402
2 416
2 425
2 427
2 433
2 434
2 447
2 450
2 472
2 477
2 489
2 528
2 506
3 4
3 5
3 6
3 7
3 8
3 9
3 10
3 11
3 12
3 13
3 14
3 15
3 16
3 17
3 18
3 19
3 20
3 21
3 22
3 23
3 24
3 25
3 26
3 27
3 29
3 31
3 32
3 33
3 34
3 35
3 38
3 40
3 41
3 43
3 300
3 306
3 47
3 48
3 50
3 52
3 53
3 56
3 314
3 60
3 317
3 62
3 63
3 320
3 65
3 67
3 68
3 69
3 72
3 76
3 333
3 79
3 80
3 81
3 84
3 85
3 87
3 89
3 348
3 94
3 97
3 98
3 101
3 102
3 105
3 106
3 110
3 445
3 114
3 115
3 116
3 117
3 118
3 120
3 121
3 125
3 533
3 456
3 389
3 137
3 138
3 139
3 396
3 398
3 399
3 146
3 147
3 408
3 153
3 412
3 157
3 163
3 261
3 167
3 425
3 171
3 304
3 177
3 371
3 181
3 182
3 183
3 543
3 187
3 189
3 413
3 447
3 279
3 288
3 194
3 200
3 395
3 206
3 213
3 485
3 233
3 235
3 492
3 237
3 496
3 498
3 243
3 244
3 248
3 249
3 350
3 254
4 5
4 6
4 7
4 8
4 9
4 10
4 11
4 12
4 13
4 14
4 15
4 16
4 18
4 19
4 20
4 22
4 24
4 25
4 26
4 27
4 28
4 29
4 31
4 33
4 35
4 37
4 38
4 39
4 40
4 41
4 42
4 43
4 257
4 45
4 303
4 49
4 51
4 309
4 54
4 58
4 59
4 60
4 63
4 65
4 67
4 69
4 360
4 71
4 268
4 75
4 333
4 334
4 525
4 81
4 514
4 83
4 270
4 89
4 346
4 314
4 485
4 98
4 99
4 256
4 359
4 104
4 316
4 106
4 365
4 113
4 117
4 121
4 125
4 384
4 386
4 131
4 135
4 138
4 147
4 149
4 151
4 154
4 156
4 414
4 325
4 162
4 163
4 420
4 421
4 166
4 423
4 168
4 170
4 430
4 431
4 178
4 435
4 180
4 437
4 193
4 199
4 211
4 215
4 377
4 294
4 381
4 242
4 499
4 502
4 506
5 6
5 7
5 8
5 9
5 10
5 11
5 12
5 13
5 14
5 15
5 16
5 17
5 18
5 275
5 20
5 21
5 22
5 24
5 25
5 26
5 28
5 29
5 30
5 31
5 32
5 33
5 34
5 35
5 36
5 39
5 40
5 43
5 44
5 302
5 49
5 306
5 51
5 498
5 60
5 61
5 318
5 64
5 66
5 67
5 69
5 70
5 396
5 75
5 79
5 340
5 85
5 86
5 87
5 89
5 91
5 348
5 93
5 96
5 97
5 101
5 103
5 105
5 106
5 113
5 120
5 124
5 127
5 128
5 129
5 130
5 131
5 260
5 369
5 147
5 148
5 149
5 153
5 154
5 157
5 491
5 162
5 326
5 167
5 168
5 171
5 428
5 173
5 175
5 432
5 177
5 413
5 287
5 188
5 190
5 447
5 450
5 457
5 202
5 459
5 204
5 207
5 376
5 467
5 469
5 215
5 548
5 478
5 480
5 483
5 228
5 487
5 235
5 237
5 424
5 242
5 245
5 247
6 7
6 8
6 9
6 10
6 11
6 12
6 13
6 14
6 15
6 16
6 17
6 18
6 19
6 22
6 23
6 24
6 26
6 284
6 30
6 31
6 33
6 290
6 35
6 433
6 41
6 299
6 47
6 264
6 50
6 53
6 55
6 312
6 60
6 62
6 309
6 68
6 326
6 327
6 72
6 73
6 311
6 82
6 270
6 87
6 88
6 89
6 97
6 100
6 101
6 259
6 107
6 109
6 366
6 113
6 116
6 373
6 118
6 122
6 125
6 131
6 406
6 391
6 142
6 145
6 146
6 150
6 151
6 155
6 163
6 164
6 427
6 174
6 177
6 180
6 398
6 183
6 186
6 190
6 191
6 450
6 289
6 200
6 514
6 209
6 210
6 468
6 217
6 475
6 222
6 236
6 494
6 239
6 240
6 248
6 505
6 250
6 509
6 254
7 8
7 9
7 10
7 12
7 13
7 14
7 15
7 16
7 529
7 18
7 19
7 20
7 21
7 22
7 89
7 25
7 26
7 27
7 28
7 32
7 34
7 36
7 518
7 41
7 298
7 44
7 49
7 265
7 59
7 61
7 64
7 321
7 322
7 67
7 70
7 71
7 522
7 269
7 345
7 93
7 94
7 96
7 98
7 102
7 103
7 105
7 109
7 110
7 367
7 117
7 119
7 377
7 389
7 135
7 140
7 398
7 154
7 111
7 157
7 172
7 178
7 521
7 185
7 192
7 195
7 453
7 203
7 205
7 207
7 469
7 121
7 472
7 476
7 549
7 230
7 235
7 236
7 239
7 240
7 243
7 244
7 504
7 253
7 255
8 9
8 10
8 11
8 12
8 13
8 15
8 17
8 18
8 275
8 21
8 23
8 24
8 346
8 32
8 393
8 34
8 39
8 424
8 44
8 174
8 47
8 49
8 436
8 54
8 311
8 56
8 58
8 151
8 63
8 192
8 65
8 197
8 70
8 545
8 72
8 73
8 76
8 525
8 208
8 213
8 218
8 529
8 360
8 456
8 236
8 496
8 531
8 372
8 373
8 108
8 503
8 413
8 506
8 509
8 382
9 10
9 11
9 12
9 13
9 14
9 237
9 16
9 17
9 195
9 20
9 21
9 278
9 23
9 25
9 179
9 27
9 28
9 157
9 543
9 160
9 417
9 34
9 36
9 295
9 41
9 263
9 172
9 45
9 174
9 385
9 49
9 50
9 51
9 52
9 56
9 57
9 58
9 61
9 63
9 192
9 480
9 435
9 139
9 68
9 71
9 268
9 338
9 525
9 208
9 257
9 462
9 284
9 228
9 91
9 250
9 222
9 95
9 367
9 528
9 136
9 100
9 104
9 106
9 363
9 364
9 109
9 238
9 239
9 360
9 498
9 243
9 116
9 276
9 122
9 452
10 11
10 12
10 13
10 14
10 15
10 16
10 17
10 18
10 20
10 533
10 22
10 23
10 27
10 28
10 30
10 261
10 33
10 291
10 292
10 37
10 38
10 295
10 41
10 42
10 45
10 46
10 306
10 51
10 55
10 57
10 58
10 315
10 62
10 63
10 68
10 328
10 74
10 332
10 77
10 79
10 84
10 87
10 346
10 271
10 349
10 354
10 103
10 104
10 113
10 382
10 127
10 131
10 388
10 133
10 391
10 521
10 140
10 141
10 145
10 405
10 154
10 159
10 283
10 167
10 425
10 436
10 286
10 445
10 207
10 213
10 218
10 549
10 228
10 230
10 487
10 488
10 235
10 492
10 241
10 255
11 391
11 13
11 173
11 16
11 17
11 18
11 19
11 20
11 22
11 535
11 137
11 25
11 490
11 346
11 31
11 474
11 33
11 292
11 166
11 40
11 42
11 43
11 45
11 302
11 176
11 178
11 52
11 53
11 55
11 184
11 57
11 59
11 377
11 189
11 191
11 64
11 65
11 195
11 70
11 72
11 389
11 74
11 204
11 79
11 505
11 465
11 84
11 87
11 88
11 152
11 91
11 100
11 358
11 105
11 106
11 107
11 108
11 437
11 111
11 168
11 275
11 120
11 148
11 123
11 381
12 395
12 13
12 16
12 18
12 19
12 277
12 22
12 279
12 26
12 27
12 265
12 29
12 30
12 133
12 33
12 549
12 35
12 37
12 38
12 167
12 291
12 170
12 43
12 47
12 48
12 51
12 52
12 53
12 54
12 183
12 372
12 376
12 352
12 435
12 451
12 68
12 182
12 198
12 201
12 75
12 76
12 77
12 141
12 248
12 83
12 84
12 85
12 86
12 471
12 332
12 207
12 479
12 224
12 400
12 105
12 106
12 107
12 274
12 113
12 243
12 204
12 297
12 241
12 505
12 124
12 234
13 175
13 142
13 513
13 17
13 367
13 404
13 149
13 22
13 152
13 388
13 26
13 27
13 540
13 542
13 31
13 32
13 133
13 34
13 35
13 423
13 214
13 167
13 296
13 298
13 300
13 419
13 302
13 47
13 52
13 381
13 185
13 60
13 266
13 63
13 448
13 194
13 196
13 325
13 70
13 327
13 268
13 269
13 227
13 24
13 90
13 92
13 350
13 357
13 226
13 99
13 101
13 102
13 361
13 106
13 107
13 492
13 109
13 317
13 116
13 117
13 118
13 374
13 191
13 253
14 516
14 143
14 152
14 146
14 21
14 23
14 24
14 281
14 27
14 29
14 30
14 209
14 160
14 34
14 283
14 134
14 42
14 43
14 517
14 45
14 47
14 304
14 50
14 51
14 438
14 55
14 56
14 58
14 60
14 189
14 62
14 32
14 522
14 198
14 427
14 75
14 290
14 461
14 81
14 213
14 482
14 429
14 347
14 390
14 37
14 165
14 353
14 354
14 100
14 485
14 103
14 421
14 106
14 402
14 367
14 115
14 245
14 375
14 249
14 378
14 253
14 426
15 473
15 143
15 272
15 17
15 18
15 20
15 23
15 132
15 410
15 27
15 28
15 31
15 32
15 417
15 549
15 325
15 129
15 41
15 44
15 46
15 47
15 48
15 178
15 311
15 441
15 223
15 138
15 62
15 319
15 323
15 68
15 69
15 71
15 74
15 331
15 78
15 208
15 209
15 338
15 213
15 342
15 89
15 220
15 95
15 354
15 100
15 337
15 236
15 238
15 40
15 114
15 115
15 244
15 297
15 376
15 276
15 507
15 253
15 126
15 255
16 144
16 17
16 18
16 19
16 149
16 512
16 538
16 30
16 160
16 164
16 293
16 168
16 175
16 178
16 307
16 308
16 56
16 436
16 138
16 32
16 452
16 200
16 524
16 459
16 78
16 349
16 336
16 81
16 338
16 342
16 471
16 88
16 474
16 93
16 480
16 99
16 101
16 230
16 489
16 106
16 363
16 146
16 296
16 114
16 118
16 449
16 124
17 277
17 524
17 143
17 401
17 18
17 147
17 20
17 21
17 22
17 151
17 26
17 413
17 31
17 33
17 34
17 37
17 406
17 425
17 44
17 49
17 51
17 181
17 55
17 185
17 442
17 315
17 60
17 138
17 194
17 130
17 353
17 493
17 435
17 79
17 85
17 144
17 355
17 101
17 359
17 105
17 146
17 61
17 19
17 373
17 246
17 148
17 255
17 252
17 443
17 149
18 514
18 19
18 24
18 153
18 303
18 29
18 133
18 304
18 36
18 166
18 41
18 263
18 47
18 287
18 305
18 53
18 392
18 59
18 317
18 190
18 181
18 323
18 197
18 78
18 87
18 88
18 420
18 221
18 480
18 99
18 229
18 273
18 104
18 113
18 114
18 245
18 374
18 247
18 121
18 250
18 380
18 443
19 264
19 399
19 259
19 148
19 150
19 154
19 155
19 31
19 160
19 34
19 37
19 39
19 41
19 42
19 391
19 49
19 52
19 54
19 183
19 180
19 317
19 66
19 197
19 140
19 74
19 375
19 76
19 333
19 254
19 218
19 223
19 480
19 97
19 488
19 233
19 240
19 243
19 245
19 118
19 297
19 248
19 123
19 124
19 126
19 127
20 397
20 142
20 147
20 174
20 22
20 23
20 27
20 29
20 161
20 162
20 283
20 36
20 37
20 40
20 42
20 259
20 52
20 57
20 187
20 190
20 192
20 502
20 200
20 204
20 34
20 88
20 219
20 96
20 229
20 360
20 232
20 499
20 374
20 503
20 127
21 435
21 146
21 24
21 283
21 157
21 30
21 31
21 261
21 165
21 39
21 44
21 45
21 48
21 50
21 51
21 398
21 543
21 57
21 187
21 61
21 64
21 66
21 196
21 328
21 75
21 332
21 85
21 89
21 92
21 101
21 100
21 229
21 487
21 253
21 510
22 136
22 272
22 146
22 415
22 32
22 35
22 294
22 42
22 327
22 175
22 436
22 57
22 68
22 199
22 330
22 211
22 43
22 473
22 219
22 93
22 400
22 38
22 107
22 108
22 238
22 114
22 510
22 247
22 121
22 382
23 260
23 129
23 140
23 34
23 402
23 546
23 537
23 407
23 25
23 26
23 27
23 29
23 290
23 291
23 134
23 42
23 43
23 50
23 46
23 178
23 52
23 57
23 60
23 320
23 325
23 205
23 467
23 468
23 215
23 232
23 105
23 106
23 367
23 245
23 375
23 248
23 249
23 251
24 267
24 237
24 401
24 303
24 82
24 147
24 340
24 151
24 152
24 196
24 228
24 27
24 158
24 130
24 323
24 219
24 36
24 227
24 384
24 106
24 299
24 174
24 109
24 110
24 111
24 51
24 494
24 246
24 57
25 522
25 140
25 270
25 144
25 148
25 26
25 155
25 157
25 261
25 160
25 34
25 420
25 38
25 423
25 193
25 427
25 44
25 46
25 56
25 64
25 32
25 75
25 211
25 135
25 93
25 353
25 98
25 100
25 104
25 295
25 494
25 373
25 118
25 125
25 126
26 128
26 147
26 534
26 411
26 28
26 285
26 286
26 260
26 41
26 427
26 44
26 47
26 316
26 189
26 62
26 66
26 196
26 199
26 73
26 141
26 71
26 220
26 351
26 354
26 483
26 366
26 496
26 113
26 243
26 118
26 125
26 126
27 30
27 160
27 42
27 300
27 48
27 435
27 308
27 181
27 138
27 56
27 266
27 446
27 53
27 32
27 326
27 200
27 201
27 75
27 346
27 95
27 480
27 104
27 234
27 109
27 241
27 117
27 119
27 120
27 122
27 106
28 323
28 68
28 200
28 290
28 77
28 529
28 88
28 89
28 463
28 538
28 199
28 223
28 96
28 523
28 98
28 310
28 296
28 43
28 379
28 424
28 371
28 52
28 54
28 247
28 543
28 436
28 127
28 507
28 74
28 63
29 321
29 324
29 144
29 401
29 213
29 196
29 93
29 31
29 34
29 477
29 373
29 490
29 171
29 494
29 239
29 48
29 114
29 243
29 52
29 117
29 438
29 184
29 340
29 314
29 447
29 62
29 63
30 195
30 135
30 268
30 525
30 290
30 399
30 403
30 340
30 470
30 345
30 152
30 332
30 409
30 222
30 95
30 33
30 34
30 155
30 37
30 296
30 425
30 490
30 327
30 365
30 51
30 373
30 248
30 315
30 59
30 74
30 62
30 213
31 194
31 467
31 274
31 84
31 88
31 411
31 230
31 165
31 224
31 545
31 67
31 101
31 38
31 308
31 168
31 42
31 173
31 174
31 221
31 296
31 275
31 180
31 117
31 376
31 121
31 508
31 106
32 172
32 531
32 280
32 410
32 541
32 34
32 539
32 166
32 295
32 43
32 300
32 61
32 303
32 51
32 183
32 428
32 445
32 193
32 201
32 203
32 77
32 120
32 92
32 222
32 351
32 38
32 111
32 242
32 371
32 246
32 504
32 250
33 65
33 328
33 130
33 141
33 82
33 259
33 85
33 150
33 514
33 156
33 378
33 37
33 134
33 209
33 323
33 199
33 44
33 48
33 275
33 390
33 293
33 379
33 444
33 318
34 51
34 138
34 396
34 411
34 161
34 35
34 420
34 294
34 519
34 46
34 50
34 115
34 309
34 66
34 67
34 461
34 78
34 80
34 218
34 475
34 357
34 103
34 323
34 109
34 110
34 113
34 371
34 281
34 125
34 127
35 144
35 209
35 275
35 84
35 535
35 537
35 218
35 348
35 221
35 94
35 517
35 289
35 36
35 506
35 424
35 534
35 235
35 176
35 113
35 179
35 180
35 117
35 184
35 436
35 186
35 251
35 445
35 181
36 130
36 131
36 68
36 65
36 136
36 203
36 82
36 324
36 282
36 220
36 361
36 374
36 167
36 41
36 303
36 49
36 449
36 435
36 118
36 105
36 84
36 125
36 319
37 259
37 72
37 151
37 141
37 84
37 78
37 512
37 57
37 91
37 287
37 165
37 103
37 145
37 39
37 387
37 47
37 479
37 55
37 447
37 533
37 446
37 319
38 70
38 456
38 66
38 273
38 227
38 86
38 348
38 90
38 283
38 156
38 285
38 99
38 356
38 169
38 306
38 48
38 50
38 53
38 266
38 59
38 61
38 318
39 461
39 141
39 462
39 369
39 278
39 279
39 153
39 179
39 92
39 359
39 296
39 348
39 170
39 177
39 243
39 54
39 56
39 62
40 65
40 265
40 76
40 337
40 75
40 153
40 474
40 283
40 69
40 503
40 422
40 295
40 63
40 234
40 45
40 46
40 177
40 243
40 181
40 479
40 55
40 59
40 127
41 69
41 66
41 83
41 86
41 536
41 228
41 91
41 351
41 167
41 129
41 105
41 492
41 116
41 53
41 56
42 278
42 134
42 535
42 137
42 76
42 66
42 79
42 152
42 346
42 91
42 292
42 106
42 111
42 368
42 50
42 170
42 505
42 60
42 61
43 71
43 332
43 81
43 210
43 154
43 256
43 105
43 257
43 306
43 178
43 54
43 251
43 189
43 382
44 516
44 82
44 220
44 101
44 488
44 64
44 299
44 492
44 246
44 186
44 124
44 126
45 193
45 67
45 311
45 385
45 284
45 345
45 88
45 196
45 411
45 220
45 96
45 425
45 418
45 231
45 156
45 431
45 112
45 128
45 55
45 126
45 247
46 67
46 327
46 73
46 320
46 81
46 195
46 472
46 91
46 506
46 400
46 549
46 358
46 465
46 169
46 323
46 235
46 50
46 121
46 58
46 123
46 61
46 127
47 326
47 71
47 140
47 83
47 532
47 214
47 87
47 344
47 281
47 286
47 409
47 327
47 164
47 230
47 232
47 64
47 235
47 236
47 113
47 204
47 56
47 382
47 319
48 72
48 73
48 194
48 82
48 333
48 221
48 159
48 227
48 296
48 427
48 157
48 60
49 67
49 518
49 78
49 214
49 282
49 219
49 351
49 163
49 293
49 295
49 168
49 234
49 363
49 303
49 59
49 147
49 256
49 120
49 57
49 123
49 296
50 75
50 524
50 207
50 220
50 92
50 489
50 156
50 172
50 176
50 306
50 73
50 312
50 250
50 60
51 200
51 392
51 194
51 269
51 336
51 352
51 332
51 90
51 91
51 69
51 107
51 108
51 173
51 96
51 241
51 192
51 128
51 245
51 398
51 248
51 189
51 63
52 385
52 135
52 57
52 84
52 267
52 484
52 480
52 162
52 420
52 294
52 519
52 83
52 181
52 121
52 87
52 445
53 326
53 453
53 64
53 144
53 505
53 146
53 451
53 139
53 279
53 217
53 412
53 101
53 59
53 70
53 108
53 223
53 303
53 311
53 312
53 148
53 186
53 123
53 126
54 69
54 326
54 275
54 332
54 530
54 448
54 277
54 278
54 151
54 536
54 92
54 413
54 94
54 133
54 518
54 230
54 169
54 512
54 136
54 179
54 436
54 56
54 187
54 125
55 72
55 457
55 162
55 528
55 147
55 142
55 223
55 98
55 59
55 100
55 486
55 105
55 236
55 128
55 56
55 123
56 69
56 420
56 320
56 286
56 451
56 148
56 91
56 442
56 222
56 228
56 165
56 230
56 300
56 374
56 392
56 243
56 190
56 377
56 58
56 187
56 126
57 451
57 129
57 268
57 66
57 82
57 474
57 225
57 315
57 100
57 241
57 105
57 107
57 109
57 114
57 73
57 251
57 60
58 67
58 69
58 70
58 193
58 64
58 81
58 471
58 538
58 92
58 97
58 59
58 454
58 166
58 273
58 385
58 180
58 313
58 504
58 187
59 65
59 311
59 264
59 519
59 82
59 147
59 216
59 155
59 357
59 482
59 227
59 326
59 167
59 135
59 308
59 504
59 185
59 251
60 71
60 73
60 139
60 192
60 276
60 142
60 267
60 196
60 218
60 538
60 306
60 431
60 334
60 183
60 332
60 314
60 125
60 469
61 209
61 140
61 450
61 276
61 69
61 159
61 102
61 167
61 449
61 393
61 138
62 142
62 80
62 323
62 151
62 390
62 107
62 115
62 116
62 122
62 447
62 63
63 134
63 173
63 211
63 84
63 154
63 351
63 96
63 390
63 423
63 109
63 175
63 190
63 314
63 123
63 202
64 70
64 521
64 82
64 213
64 197
64 454
64 230
64 365
64 306
64 309
65 66
65 534
65 328
65 268
65 465
65 213
65 150
65 88
65 352
65 228
65 293
65 171
65 238
65 495
65 124
66 72
66 142
66 399
66 401
66 146
66 283
66 284
66 224
66 226
66 356
66 298
66 107
66 304
66 514
66 311
66 123
66 252
66 253
67 72
67 493
67 81
67 212
67 122
67 414
67 153
67 411
67 157
67 286
67 357
67 166
67 169
67 307
67 245
67 377
68 263
68 75
68 205
68 78
68 209
68 195
68 270
68 90
68 92
68 218
68 94
68 211
68 226
68 163
68 427
68 301
68 176
68 140
68 179
68 440
68 449
69 199
69 83
69 148
69 213
69 86
69 536
69 218
69 282
69 98
69 355
69 455
69 172
69 105
70 454
70 71
70 329
70 82
70 83
70 84
70 213
70 214
70 344
70 90
70 221
70 94
70 197
70 100
70 102
70 437
70 321
70 176
70 369
70 211
70 373
71 128
71 517
71 202
71 144
71 146
71 532
71 542
71 415
71 485
71 230
71 499
71 180
71 248
72 128
72 460
72 270
72 527
72 531
72 151
72 283
72 94
72 358
72 241
72 211
72 510
73 195
73 324
73 433
73 284
73 394
73 349
73 264
73 346
74 353
74 536
74 520
74 265
74 546
74 113
74 498
74 425
74 280
74 89
74 298
74 254
75 129
75 79
75 430
75 246
75 312
75 94
75 351
76 100
76 503
76 203
76 367
76 437
76 119
76 410
76 315
76 442
76 413
76 264
76 127
77 387
77 133
77 294
77 252
77 107
77 419
77 483
77 416
77 180
77 246
77 472
77 212
77 122
77 189
77 390
78 334
78 142
78 145
78 82
78 275
78 149
78 320
78 471
78 88
78 220
78 166
78 470
78 92
78 495
78 244
78 181
78 185
79 129
79 263
79 140
79 108
79 207
79 288
79 107
79 84
79 439
79 383
79 188
79 127
80 133
80 170
80 258
80 496
80 341
80 330
80 511
81 198
81 449
81 460
81 334
81 214
81 159
81 379
81 294
81 166
81 361
81 171
81 113
81 447
81 191
81 255
82 201
82 279
82 345
82 475
82 350
82 159
82 171
82 442
82 134
83 523
83 360
83 107
83 237
83 144
83 192
83 416
83 215
83 420
83 196
83 460
83 125
84 513
84 455
84 392
84 265
84 400
84 475
84 363
84 492
84 373
84 251
84 190
84 318
85 487
85 486
85 371
85 140
85 142
85 401
85 163
85 150
85 124
85 157
85 382
85 479
86 451
86 100
86 471
86 270
86 274
86 340
86 309
86 94
86 95
87 103
87 107
87 342
87 495
87 544
87 415
87 93
87 158
87 231
88 525
88 291
88 338
88 175
88 499
88 397
88 223
89 520
89 140
89 226
89 482
89 147
89 207
89 162
89 167
89 104
89 174
89 176
89 500
89 119
89 376
89 122
89 507
89 189
90 131
90 135
90 392
90 459
90 465
90 210
90 404
90 149
90 474
90 485
90 363
90 466
90 302
90 432
90 241
90 187
91 229
91 417
91 212
91 526
91 383
92 387
92 549
92 171
92 237
92 432
92 113
92 471
92 505
92 527
93 129
93 390
93 271
93 275
93 223
93 356
93 170
93 107
93 257
93 432
93 241
93 179
93 244
93 246
93 125
93 383
94 465
94 451
94 533
94 157
94 354
94 163
94 103
94 169
94 492
94 301
94 434
94 244
94 122
94 125
95 262
95 396
95 333
95 144
95 355
95 471
95 415
95 419
95 227
95 198
95 103
95 168
95 234
95 108
95 237
95 318
95 127
96 454
96 447
96 335
96 288
96 164
96 229
96 234
96 107
96 177
96 498
96 243
96 180
96 117
96 375
96 123
97 192
97 204
97 514
97 527
97 368
97 145
97 118
97 317
97 254
98 354
98 338
98 141
98 367
98 178
98 459
99 294
99 178
99 121
99 379
99 276
100 261
100 394
100 208
100 549
100 160
100 169
100 108
100 440
100 250
100 124
101 230
101 209
101 328
101 362
101 370
101 496
101 118
101 311
101 184
101 257
102 524
102 369
102 494
102 301
102 113
102 178
102 501
102 281
102 155
102 511
103 353
103 359
103 263
103 175
103 416
103 213
104 327
104 205
104 336
104 355
104 470
104 151
104 196
104 154
104 220
104 540
104 227
104 156
104 298
104 364
104 547
105 121
105 159
105 353
105 109
105 494
105 111
105 116
105 189
106 148
106 149
106 329
106 480
106 422
106 137
106 151
107 256
107 135
107 337
107 150
107 223
107 485
107 242
108 423
108 421
108 273
108 142
108 113
108 282
108 543
108 474
109 322
109 444
109 162
109 400
109 320
109 210
109 469
109 471
109 427
109 236
109 169
109 316
110 313
110 298
110 403
110 287
111 518
111 166
111 366
111 144
111 209
111 323
111 468
111 171
111 380
111 126
112 160
112 387
112 169
112 467
112 499
112 464
112 179
112 283
112 125
112 191
113 130
113 194
113 268
113 267
113 141
113 270
113 144
113 150
113 535
113 431
113 288
113 289
113 422
113 488
113 114
114 484
114 293
114 400
114 463
114 192
114 525
114 142
114 131
114 387
114 126
115 384
115 137
115 362
115 525
115 396
115 141
115 259
115 126
115 303
115 444
116 251
116 234
116 267
116 338
116 463
116 146
116 123
116 298
116 159
117 296
117 469
117 154
118 205
118 305
118 120
119 276
119 311
119 280
119 446
120 136
120 259
120 162
120 240
120 210
120 163
120 501
120 153
120 125
120 459
120 191
121 128
121 130
121 406
121 175
121 430
121 248
121 473
121 507
121 414
122 128
122 130
122 391
122 396
122 398
122 337
122 338
122 259
122 218
122 224
122 515
122 190
122 373
123 267
123 161
123 142
123 192
123 385
124 547
124 328
124 170
124 399
124 492
124 276
124 279
124 189
125 384
125 200
125 273
125 535
125 155
125 160
125 226
125 419
125 423
125 447
126 132
126 160
126 145
126 436
126 352
127 131
127 134
127 422
127 507
127 429
127 219
128 161
128 311
128 365
128 304
128 306
128 284
129 343
129 230
129 332
129 180
129 184
129 473
130 164
130 536
130 136
130 139
130 206
130 384
131 290
131 229
131 133
131 433
131 452
131 429
131 272
131 209
131 187
131 541
132 504
132 133
132 166
132 351
132 329
132 374
132 271
133 288
133 226
133 372
133 265
134 219
134 379
134 191
134 272
134 520
134 211
134 149
134 504
134 282
135 184
136 195
136 522
136 497
136 146
136 371
136 309
136 297
136 153
137 164
137 496
137 269
137 240
137 178
137 405
137 376
137 266
137 284
137 254
137 415
138 285
138 199
138 265
138 499
138 180
138 244
138 445
139 196
139 264
139 523
139 272
139 248
139 175
139 156
140 193
140 547
140 448
140 509
140 171
140 239
140 372
140 376
140 287
141 235
141 263
141 305
141 178
141 182
141 343
142 513
142 204
142 223
142 545
142 493
142 246
142 250
142 383
143 307
143 357
143 287
143 541
144 145
144 424
144 538
144 175
145 161
145 520
145 170
145 225
145 371
145 346
145 444
146 393
146 202
146 525
146 277
146 348
146 291
146 380
146 445
147 379
147 172
147 206
147 339
148 369
148 302
148 250
149 163
149 386
149 521
149 501
149 336
149 475
149 157
149 479
150 259
150 197
150 460
150 362
150 267
150 332
150 305
150 375
150 512
150 343
150 378
151 450
151 487
151 338
151 179
151 540
152 161
152 549
152 168
152 303
152 206
152 344
152 243
152 158
152 157
153 547
153 378
153 381
153 351
154 354
154 431
154 400
154 345
154 381
154 510
155 385
155 296
155 426
155 488
155 250
155 197
156 328
156 417
157 192
157 205
158 234
158 162
158 472
158 182
158 537
158 413
158 159
159 291
159 167
159 306
159 393
159 250
160 198
160 392
160 445
160 313
160 181
160 217
161 195
161 328
161 201
161 323
161 544
162 518
162 171
162 272
162 209
162 242
162 211
162 286
163 224
163 241
163 364
163 204
163 399
163 449
163 396
163 283
164 424
164 401
164 306
164 303
165 226
165 411
165 200
165 169
165 219
166 454
166 401
166 335
166 507
167 211
167 481
167 172
167 234
168 176
168 323
168 455
168 361
168 443
168 343
168 185
168 349
168 190
169 176
169 208
169 512
169 416
169 326
169 527
169 441
169 374
169 411
169 474
170 289
170 228
170 200
170 204
170 364
171 198
171 178
171 502
171 267
171 406
171 327
171 410
172 239
172 185
172 249
172 361
173 178
173 441
173 216
173 380
173 253
174 291
174 548
174 236
174 401
174 222
175 486
175 303
175 341
176 504
176 219
176 509
177 452
177 358
178 297
178 222
179 433
179 213
179 186
180 235
180 501
180 285
181 546
181 529
181 286
182 533
183 364
184 266
184 402
184 288
184 210
184 372
184 213
184 343
184 344
184 404
184 335
185 291
185 194
185 272
185 498
185 413
186 449
186 394
186 269
186 494
186 376
187 529
187 541
187 401
187 350
188 229
188 193
188 295
188 206
188 278
188 408
188 474
188 411
189 432
189 519
189 212
189 302
189 278
189 474
189 478
190 387
190 393
190 428
190 273
190 255
191 355
191 472
191 206
191 317
192 284
192 372
193 224
193 360
193 540
193 302
193 279
193 507
193 442
194 400
194 260
194 308
194 502
195 343
195 539
195 229
195 522
195 517
195 240
195 254
195 505
195 219
195 383
196 427
196 540
196 462
196 400
196 382
196 383
197 497
197 290
198 420
198 354
198 275
198 414
199 353
199 237
200 209
200 405
200 345
200 223
201 235
201 296
201 457
202 263
202 329
202 316
202 254
202 223
203 423
203 365
203 386
203 468
203 440
203 255
204 424
204 467
204 331
204 283
204 319
205 233
205 298
205 460
205 476
205 270
205 449
205 308
205 321
205 284
205 255
206 230
206 410
206 434
207 516
207 392
207 240
207 437
207 314
207 479
207 542
207 319
208 390
209 212
210 472
210 480
211 416
211 366
211 479
211 222
212 465
212 232
212 348
212 503
212 445
212 402
212 259
212 495
212 375
212 344
212 218
212 220
213 232
213 427
213 441
214 388
214 378
214 539
214 321
215 424
215 307
215 253
216 368
216 339
216 333
217 400
217 328
217 491
217 316
218 326
218 239
218 285
218 438
218 503
218 253
218 511
219 433
220 288
220 449
220 426
220 290
220 304
220 529
220 548
220 283
221 293
221 361
221 466
221 244
221 341
221 489
222 236
222 429
222 376
223 418
223 336
223 247
224 503
224 541
224 449
224 250
225 355
225 298
225 287
226 308
226 476
227 431
228 241
228 363
228 236
228 253
228 338
228 531
228 445
228 421
229 230
229 338
229 386
229 502
230 238
230 379
230 426
231 360
231 405
232 408
232 375
232 477
232 420
233 433
233 344
233 258
234 450
234 518
234 368
234 274
234 371
235 353
235 537
236 284
237 326
237 380
238 295
238 264
238 540
239 263
239 397
239 494
239 409
240 305
241 277
242 482
242 287
243 309
243 374
243 471
243 542
245 321
245 292
245 263
245 452
245 496
245 376
245 388
245 325
246 499
246 306
247 283
247 441
248 324
248 410
248 313
249 352
249 250
249 391
250 356
250 310
251 411
252 304
252 525
252 418
252 303
253 320
253 258
253 292
253 255
254 421
254 497
254 467
254 401
255 320
255 535
256 279
257 350
257 334
258 436
258 512
258 407
258 296
258 461
259 516
259 472
259 535
259 389
261 337
261 280
261 413
261 303
262 390
263 374
263 418
264 272
264 355
265 474
265 402
265 406
266 290
266 333
267 344
267 445
267 381
268 546
268 433
268 500
268 372
268 378
268 538
269 419
269 426
269 399
270 352
270 324
270 356
271 460
272 506
273 353
273 526
273 494
274 546
274 294
274 439
274 543
274 285
274 510
275 522
275 311
275 472
276 387
277 461
277 429
278 399
278 383
279 396
280 417
280 328
280 453
281 310
282 336
282 419
282 391
282 444
283 478
284 422
284 403
284 373
284 415
285 305
285 299
285 414
285 303
286 344
286 408
287 522
287 340
287 526
287 399
288 503
289 354
289 296
290 544
290 420
290 524
291 301
291 375
292 529
293 387
293 366
293 432
293 535
293 465
293 316
295 516
295 398
295 378
296 404
297 356
297 313
297 315
298 323
298 339
298 476
298 330
299 373
299 526
299 302
299 351
300 435
301 376
301 317
302 303
303 412
303 548
303 530
304 445
305 404
306 325
306 390
307 384
307 525
307 382
308 360
310 530
311 347
312 536
312 431
313 477
315 436
315 349
316 515
316 417
316 463
316 547
316 404
316 542
318 499
318 538
319 449
319 438
319 537
320 491
321 489
321 485
321 361
321 467
321 439
322 490
322 357
323 463
324 433
324 373
324 347
325 491
325 508
326 543
327 367
327 526
328 357
328 400
328 510
329 453
329 363
329 450
333 358
334 466
334 422
335 413
336 513
336 495
337 448
338 458
339 531
340 449
341 474
341 543
343 466
343 382
344 379
344 433
344 484
345 506
346 368
347 471
348 447
350 483
351 467
352 392
353 388
353 358
353 405
354 378
356 427
359 449
361 472
362 408
362 482
363 445
364 393
366 476
368 437
368 482
369 454
369 431
370 452
370 412
370 421
371 393
372 395
373 494
374 498
375 523
375 469
375 541
376 469
379 380
379 443
379 548
382 505
382 419
383 441
384 446
387 545
388 468
388 457
390 410
392 429
392 462
393 476
393 418
395 414
397 500
398 534
399 478
400 403
402 492
404 431
405 412
406 432
406 453
406 536
406 486
407 408
407 418
407 486
410 486
411 492
413 512
413 456
415 482
415 424
417 524
418 536
418 428
420 512
421 533
422 544
422 522
424 545
424 526
425 537
426 465
427 519
427 468
428 493
429 475
429 431
431 461
432 447
433 487
435 498
439 517
439 486
439 479
442 464
442 453
442 454
442 470
443 528
444 446
446 481
448 456
450 466
454 479
455 525
456 493
460 463
461 462
464 476
465 511
475 547
475 493
478 519
483 542
484 534
487 509
489 509
492 502
499 546
499 540
500 533
502 518
507 530
507 542
508 513
509 533
520 528
538 544
