0 1
0 2
0 3
0 4
0 5
0 6
0 7
0 8
0 9
0 10
0 11
0 12
0 13
0 14
0 15
0 16
0 17
0 18
0 19
0 20
0 21
0 22
0 23
0 24
0 25
0 26
0 27
0 28
0 29
0 30
0 31
0 32
0 33
0 34
0 35
0 36
0 37
0 38
0 39
0 40
0 41
0 42
0 43
0 44
0 45
0 46
0 47
0 48
0 49
0 50
0 51
0 52
0 53
0 54
0 55
0 56
0 57
0 58
0 59
0 60
0 61
0 62
0 63
0 64
0 65
0 66
0 67
0 68
0 69
0 70
0 71
0 72
0 73
0 74
0 75
0 76
0 77
0 78
0 79
0 80
0 81
0 82
0 83
0 84
0 85
0 86
0 87
0 88
0 89
0 90
0 91
0 92
0 93
0 94
0 95
0 96
0 97
0 98
0 99
0 100
0 101
0 102
0 103
0 104
0 105
0 106
0 107
0 108
0 109
0 110
0 111
0 112
0 113
0 114
0 115
0 116
0 117
0 118
0 119
0 120
0 121
0 123
0 124
0 125
0 126
0 127
0 128
0 129
0 130
0 131
0 132
0 133
0 134
0 136
0 138
0 139
0 140
0 141
0 142
0 143
0 145
0 147
0 148
0 149
0 150
0 152
0 153
0 154
0 155
0 156
0 157
0 158
0 159
0 160
0 161
0 162
0 163
0 164
0 167
0 168
0 169
0 170
0 171
0 173
0 174
0 175
0 177
0 178
0 179
0 180
0 181
0 182
0 184
0 185
0 186
0 187
0 188
0 191
0 192
0 194
0 195
0 196
0 197
0 198
0 199
0 200
0 203
0 204
0 205
0 206
0 207
0 208
0 211
0 212
0 213
0 214
0 215
0 216
0 217
0 219
0 220
0 222
0 224
0 226
0 227
0 228
0 229
0 233
0 235
0 236
0 238
0 239
0 240
0 241
0 245
0 248
0 252
0 254
0 255
0 257
0 260
0 261
0 262
0 265
0 268
0 269
0 276
0 278
0 280
0 281
0 282
0 283
0 287
0 288
0 289
0 292
0 293
0 295
0 297
0 299
1 2
1 3
1 4
1 5
1 6
1 7
1 8
1 9
1 10
1 11
1 12
1 13
1 14
1 15
1 16
1 17
1 18
1 19
1 20
1 21
1 22
1 23
1 24
1 25
1 26
1 27
1 28
1 29
1 30
1 31
1 32
1 33
1 34
1 35
1 36
1 37
1 38
1 39
1 40
1 41
1 42
1 43
1 44
1 45
1 46
1 47
1 48
1 49
1 50
1 51
1 52
1 53
1 54
1 55
1 56
1 57
1 58
1 59
1 60
1 61
1 62
1 63
1 64
1 65
1 66
1 67
1 69
1 70
1 71
1 74
1 75
1 76
1 77
1 79
1 80
1 84
1 85
1 86
1 87
1 89
1 90
1 91
1 94
1 95
1 96
1 97
1 98
1 99
1 101
1 102
1 103
1 104
1 106
1 107
1 108
1 109
1 110
1 111
1 112
1 114
1 115
1 116
1 119
1 120
1 122
1 124
1 126
1 127
1 128
1 131
1 133
1 134
1 136
1 137
1 139
1 140
1 141
1 142
1 144
1 145
1 146
1 148
1 150
1 152
1 155
1 158
1 159
1 161
1 163
1 165
1 166
1 167
1 169
1 170
1 171
1 172
1 175
1 179
1 180
1 191
1 193
1 194
1 195
1 196
1 197
1 198
1 199
1 202
1 203
1 204
1 206
1 209
1 210
1 211
1 216
1 217
1 218
1 220
1 221
1 222
1 223
1 225
1 227
1 229
1 230
1 238
1 240
1 241
1 243
1 247
1 249
1 254
1 256
1 260
1 263
1 265
1 267
1 271
1 273
1 275
1 281
1 283
1 291
1 295
2 3
2 4
2 5
2 6
2 7
2 8
2 9
2 10
2 11
2 12
2 13
2 14
2 15
2 16
2 17
2 18
2 19
2 20
2 21
2 22
2 23
2 24
2 25
2 26
2 27
2 28
2 29
2 30
2 31
2 32
2 33
2 34
2 35
2 36
2 37
2 38
2 39
2 40
2 41
2 42
2 43
2 44
2 45
2 46
2 47
2 48
2 49
2 51
2 52
2 53
2 54
2 55
2 56
2 57
2 58
2 59
2 61
2 62
2 64
2 65
2 66
2 67
2 69
2 70
2 268
2 74
2 77
2 78
2 79
2 80
2 81
2 83
2 84
2 90
2 92
2 95
2 97
2 98
2 99
2 100
2 101
2 104
2 105
2 109
2 275
2 116
2 117
2 122
2 124
2 125
2 126
2 277
2 129
2 130
2 133
2 134
2 136
2 138
2 139
2 140
2 144
2 146
2 148
2 150
2 153
2 155
2 156
2 159
2 161
2 163
2 165
2 166
2 167
2 168
2 169
2 172
2 174
2 175
2 180
2 182
2 184
2 186
2 287
2 190
2 295
2 262
2 202
2 204
2 208
2 209
2 211
2 214
2 219
2 222
2 263
2 225
2 230
2 235
2 236
2 239
2 240
2 242
2 243
2 245
2 248
2 250
2 251
2 252
2 254
3 4
3 5
3 6
3 7
3 8
3 9
3 10
3 11
3 12
3 13
3 14
3 15
3 16
3 17
3 18
3 19
3 20
3 21
3 22
3 23
3 24
3 25
3 26
3 27
3 28
3 29
3 30
3 31
3 33
3 34
3 35
3 36
3 262
3 38
3 39
3 296
3 41
3 43
3 44
3 45
3 46
3 264
3 50
3 51
3 52
3 53
3 55
3 56
3 57
3 59
3 61
3 63
3 64
3 65
3 67
3 68
3 69
3 275
3 72
3 74
3 85
3 87
3 90
3 94
3 95
3 96
3 97
3 99
3 100
3 101
3 102
3 103
3 104
3 105
3 106
3 107
3 108
3 109
3 111
3 112
3 258
3 118
3 120
3 122
3 123
3 126
3 127
3 131
3 277
3 134
3 136
3 137
3 138
3 139
3 142
3 143
3 144
3 145
3 151
3 153
3 156
3 157
3 158
3 160
3 163
3 171
3 172
3 174
3 285
3 286
3 184
3 189
3 279
3 195
3 197
3 199
3 200
3 202
3 205
3 207
3 208
3 211
3 212
3 214
3 216
3 219
3 257
3 229
3 232
3 241
3 249
3 250
3 281
4 5
4 6
4 7
4 8
4 9
4 10
4 11
4 12
4 13
4 14
4 15
4 16
4 17
4 18
4 19
4 20
4 21
4 22
4 23
4 24
4 25
4 26
4 27
4 28
4 29
4 32
4 33
4 34
4 291
4 36
4 262
4 296
4 44
4 45
4 46
4 47
4 48
4 50
4 51
4 58
4 59
4 60
4 61
4 64
4 65
4 66
4 69
4 70
4 71
4 73
4 75
4 76
4 77
4 269
4 84
4 85
4 87
4 88
4 271
4 92
4 93
4 99
4 276
4 104
4 105
4 107
4 108
4 109
4 112
4 113
4 114
4 116
4 118
4 119
4 121
4 122
4 123
4 135
4 142
4 145
4 146
4 148
4 149
4 151
4 156
4 282
4 159
4 162
4 283
4 167
4 169
4 172
4 178
4 180
4 181
4 184
4 186
4 189
4 197
4 198
4 202
4 209
4 257
4 223
4 232
4 238
4 242
4 248
4 252
4 254
5 261
5 6
5 7
5 8
5 9
5 10
5 11
5 12
5 13
5 14
5 15
5 16
5 17
5 18
5 19
5 20
5 21
5 22
5 24
5 26
5 27
5 28
5 29
5 30
5 35
5 36
5 39
5 40
5 42
5 43
5 45
5 47
5 48
5 50
5 52
5 56
5 57
5 58
5 62
5 68
5 70
5 256
5 76
5 77
5 82
5 85
5 87
5 88
5 96
5 98
5 99
5 105
5 116
5 121
5 124
5 127
5 130
5 131
5 277
5 141
5 149
5 150
5 157
5 159
5 283
5 166
5 167
5 171
5 176
5 177
5 286
5 183
5 185
5 190
5 192
5 193
5 194
5 198
5 201
5 204
5 206
5 221
5 263
5 232
5 233
6 7
6 8
6 9
6 10
6 11
6 12
6 13
6 14
6 15
6 16
6 17
6 18
6 19
6 20
6 21
6 23
6 24
6 25
6 26
6 27
6 28
6 29
6 286
6 31
6 32
6 34
6 35
6 37
6 38
6 43
6 47
6 49
6 50
6 51
6 52
6 56
6 57
6 58
6 61
6 62
6 66
6 67
6 74
6 75
6 77
6 78
6 80
6 82
6 85
6 86
6 92
6 97
6 98
6 99
6 102
6 120
6 124
6 128
6 133
6 137
6 145
6 146
6 151
6 155
6 282
6 160
6 166
6 172
6 173
6 183
6 188
6 290
6 206
6 224
6 226
6 228
6 229
6 244
6 254
6 250
6 281
6 264
6 255
7 8
7 9
7 10
7 11
7 12
7 13
7 14
7 15
7 16
7 17
7 18
7 19
7 20
7 21
7 22
7 23
7 280
7 25
7 27
7 156
7 286
7 31
7 32
7 33
7 162
7 35
7 36
7 38
7 272
7 40
7 41
7 170
7 299
7 45
7 46
7 47
7 48
7 155
7 138
7 201
7 57
7 58
7 59
7 61
7 160
7 194
7 139
7 256
7 73
7 74
7 265
7 78
7 80
7 173
7 297
7 83
7 270
7 88
7 164
7 143
7 186
7 208
7 227
7 229
7 103
7 104
7 295
7 108
7 238
7 240
7 113
7 245
7 118
7 119
7 255
7 126
7 127
8 9
8 10
8 11
8 12
8 13
8 14
8 138
8 16
8 18
8 19
8 20
8 21
8 22
8 25
8 155
8 28
8 30
8 31
8 133
8 34
8 291
8 36
8 134
8 272
8 40
8 42
8 299
8 44
8 46
8 47
8 176
8 49
8 51
8 52
8 54
8 56
8 244
8 58
8 59
8 60
8 61
8 63
8 194
8 67
8 70
8 72
8 129
8 260
8 76
8 77
8 78
8 79
8 139
8 87
8 88
8 89
8 218
8 92
8 93
8 95
8 165
8 98
8 131
8 259
8 110
8 240
8 168
8 147
8 116
8 117
8 251
8 170
8 126
9 10
9 11
9 12
9 13
9 15
9 16
9 17
9 18
9 19
9 20
9 22
9 23
9 25
9 26
9 28
9 29
9 150
9 31
9 161
9 34
9 35
9 39
9 40
9 156
9 48
9 54
9 56
9 159
9 60
9 194
9 139
9 69
9 241
9 76
9 290
9 206
9 80
9 184
9 83
9 212
9 88
9 91
9 131
9 109
9 111
9 168
9 287
9 254
9 169
9 120
9 276
9 122
9 281
9 125
9 132
10 11
10 273
10 13
10 15
10 17
10 18
10 19
10 148
10 21
10 279
10 24
10 25
10 26
10 27
10 29
10 31
10 288
10 164
10 134
10 39
10 40
10 42
10 43
10 257
10 45
10 46
10 285
10 51
10 54
10 55
10 57
10 59
10 62
10 64
10 258
10 147
10 69
10 72
10 204
10 74
10 76
10 80
10 211
10 85
10 214
10 215
10 94
10 223
10 225
10 131
10 101
10 102
10 145
10 106
10 115
10 244
10 120
10 137
11 267
11 12
11 13
11 14
11 16
11 17
11 19
11 21
11 23
11 24
11 260
11 26
11 29
11 261
11 32
11 289
11 162
11 36
11 166
11 40
11 42
11 45
11 46
11 157
11 50
11 51
11 52
11 243
11 55
11 290
11 58
11 62
11 245
11 193
11 68
11 70
11 77
11 80
11 215
11 88
11 164
11 220
11 221
11 280
11 96
11 225
11 229
11 178
11 106
11 242
11 115
11 116
11 117
11 118
11 124
11 170
11 149
12 140
12 13
12 14
12 15
12 16
12 278
12 153
12 25
12 27
12 28
12 31
12 36
12 134
12 169
12 43
12 142
12 47
12 48
12 51
12 180
12 54
12 265
12 56
12 159
12 60
12 61
12 63
12 260
12 139
12 68
12 71
12 73
12 74
12 203
12 208
12 82
12 83
12 84
12 85
12 86
12 216
12 90
12 91
12 220
12 297
12 199
12 95
12 263
12 144
12 98
12 101
12 232
12 210
12 111
12 117
12 247
12 262
12 121
12 255
12 252
12 254
12 213
13 14
13 144
13 17
13 18
13 276
13 21
13 23
13 24
13 26
13 155
13 29
13 30
13 31
13 32
13 33
13 163
13 164
13 37
13 41
13 42
13 43
13 44
13 47
13 176
13 200
13 181
13 57
13 59
13 188
13 134
13 64
13 69
13 71
13 72
13 73
13 80
13 274
13 216
13 92
13 93
13 96
13 101
13 102
13 234
13 237
13 111
13 113
13 285
13 169
13 249
13 124
13 125
13 126
14 15
14 144
14 273
14 19
14 20
14 21
14 281
14 152
14 25
14 26
14 260
14 29
14 31
14 32
14 219
14 37
14 39
14 40
14 42
14 43
14 44
14 46
14 176
14 243
14 52
14 53
14 55
14 186
14 62
14 194
14 195
14 72
14 129
14 83
14 84
14 91
14 95
14 165
14 102
14 103
14 104
14 233
14 231
14 112
14 147
14 299
14 122
14 251
14 126
15 136
15 141
15 237
15 17
15 18
15 19
15 149
15 23
15 24
15 248
15 31
15 34
15 165
15 166
15 129
15 135
15 176
15 51
15 54
15 55
15 185
15 58
15 188
15 63
15 193
15 67
15 269
15 81
15 84
15 142
15 93
15 97
15 109
15 238
15 240
15 120
15 127
16 128
16 194
16 142
16 143
16 17
16 19
16 21
16 24
16 25
16 29
16 32
16 33
16 35
16 134
16 166
16 41
16 178
16 175
16 48
16 50
16 55
16 138
16 64
16 65
16 66
16 67
16 68
16 228
16 70
16 256
16 73
16 78
16 211
16 139
16 87
16 89
16 152
16 94
16 95
16 97
16 226
16 100
16 273
16 104
16 108
16 109
16 112
16 140
16 212
17 140
17 131
17 20
17 21
17 150
17 132
17 51
17 288
17 278
17 291
17 39
17 40
17 47
17 178
17 179
17 181
17 56
17 58
17 190
17 193
17 67
17 69
17 199
17 200
17 201
17 202
17 76
17 290
17 80
17 89
17 224
17 272
17 226
17 103
17 275
17 234
17 108
17 113
17 115
17 204
17 62
17 249
17 122
18 140
18 146
18 147
18 20
18 21
18 282
18 27
18 156
18 30
18 253
18 36
18 37
18 41
18 298
18 171
18 174
18 47
18 51
18 54
18 55
18 56
18 186
18 192
18 64
18 65
18 258
18 77
18 206
18 80
18 209
18 292
18 228
18 231
18 46
18 61
18 241
18 243
18 117
18 119
18 125
19 21
19 284
19 30
19 32
19 163
19 243
19 166
19 39
19 168
19 44
19 45
19 47
19 176
19 49
19 51
19 180
19 182
19 56
19 186
19 66
19 67
19 256
19 206
19 81
19 92
19 95
19 226
19 99
19 295
19 108
19 109
19 111
19 240
19 115
19 121
19 277
20 141
20 131
20 21
20 22
20 26
20 150
20 288
20 34
20 36
20 38
20 129
20 44
20 45
20 46
20 137
20 66
20 68
20 69
20 70
20 200
20 78
20 269
20 85
20 90
20 98
20 102
20 232
20 111
20 113
20 114
20 118
21 265
21 141
21 24
21 282
21 28
21 266
21 165
21 39
21 41
21 135
21 180
21 211
21 58
21 59
21 188
21 189
21 62
21 65
21 67
21 70
21 77
21 79
21 80
21 81
21 83
21 85
21 214
21 130
21 94
21 95
21 224
21 102
21 232
21 109
21 253
21 113
21 115
21 245
21 118
21 297
21 123
21 125
22 128
22 151
22 78
22 143
22 81
22 275
22 196
22 23
22 68
22 154
22 92
22 29
22 148
22 228
22 39
22 28
22 42
22 295
22 45
22 174
22 285
22 112
22 264
22 209
22 117
22 246
22 57
23 25
23 24
23 153
23 154
23 28
23 31
23 32
23 33
23 34
23 36
23 37
23 38
23 129
23 169
23 135
23 296
23 46
23 52
23 181
23 60
23 190
23 63
23 65
23 69
23 72
23 201
23 80
23 208
23 109
23 168
23 117
23 120
23 250
24 136
24 146
24 154
24 27
24 28
24 29
24 30
24 133
24 32
24 289
24 283
24 39
24 44
24 45
24 49
24 50
24 179
24 201
24 56
24 57
24 63
24 267
24 71
24 73
24 141
24 81
24 90
24 92
24 272
24 107
24 108
24 110
24 244
24 120
24 127
25 265
25 81
25 196
25 84
25 149
25 132
25 218
25 28
25 30
25 260
25 32
25 70
25 231
25 41
25 42
25 43
25 51
25 222
25 268
25 137
25 121
25 220
25 298
25 273
26 72
26 209
26 274
26 67
26 68
26 94
26 162
26 227
26 164
26 70
26 195
26 241
26 168
26 41
26 106
26 43
26 44
26 49
26 236
26 233
26 58
27 139
27 141
27 275
27 155
27 31
27 32
27 166
27 167
27 168
27 171
27 173
27 51
27 180
27 60
27 64
27 65
27 113
27 268
27 75
27 78
27 79
27 83
27 88
27 92
27 95
27 233
27 234
27 235
27 110
27 40
27 241
27 121
27 124
28 267
28 98
28 271
28 201
28 91
28 86
28 159
28 218
28 68
28 32
28 97
28 34
28 37
28 167
28 196
28 295
28 108
28 45
28 241
28 55
28 137
28 59
28 277
29 97
29 140
29 205
29 75
29 131
29 148
29 89
29 68
29 30
29 214
29 33
29 230
29 193
29 171
29 125
29 49
29 50
29 116
29 55
29 153
29 191
29 61
29 63
30 196
30 71
30 279
30 152
30 85
30 215
30 284
30 133
30 96
30 162
30 35
30 164
30 101
30 102
30 295
30 106
30 235
30 44
30 238
30 48
30 177
30 261
30 55
30 57
30 170
30 191
31 273
31 281
31 288
31 163
31 294
31 42
31 219
31 61
31 62
31 204
31 76
31 205
31 207
31 270
31 86
31 217
31 143
31 93
31 94
31 223
31 227
31 228
31 103
31 236
31 125
31 242
31 115
31 249
31 298
31 253
32 75
32 143
32 89
32 82
32 84
32 263
32 80
32 226
32 35
32 36
32 139
32 39
32 124
32 43
32 45
32 176
32 114
32 51
32 53
32 54
32 119
32 249
32 250
32 60
32 61
33 179
33 64
33 81
33 85
33 278
33 282
33 160
33 226
33 129
33 277
33 44
33 110
33 221
33 112
33 104
33 51
33 168
33 264
33 127
34 192
34 256
34 89
34 155
34 221
34 222
34 260
34 99
34 165
34 38
34 40
34 239
34 112
34 113
34 181
34 54
34 119
34 104
34 60
35 75
35 192
35 66
35 77
35 248
35 252
35 150
35 90
35 135
35 227
35 100
35 166
35 103
35 41
35 234
35 71
35 44
35 241
35 172
35 53
35 56
35 59
35 60
36 78
36 109
36 142
36 216
36 221
36 69
36 99
36 37
36 64
36 193
36 44
36 45
36 46
36 111
36 206
36 136
36 95
36 298
37 68
37 70
37 65
37 136
37 201
37 256
37 267
37 80
37 222
37 85
37 150
37 152
37 281
37 94
37 166
37 194
37 42
37 82
37 46
37 284
37 49
37 115
37 53
37 118
37 119
37 266
37 106
38 69
38 64
38 139
38 76
38 269
38 158
38 144
38 83
38 88
38 220
38 94
38 291
38 40
38 297
38 46
38 48
38 136
38 117
38 182
38 55
38 187
38 124
38 61
38 191
39 70
39 193
39 264
39 272
39 186
39 154
39 78
39 197
39 225
39 101
39 169
39 122
39 44
39 109
39 110
39 108
39 55
39 57
39 58
39 188
39 138
39 277
40 141
40 277
40 160
40 161
40 155
40 296
40 257
40 45
40 46
40 52
40 58
40 59
40 66
40 67
40 194
40 74
40 247
40 77
40 78
40 212
40 86
40 89
40 90
40 219
40 221
40 102
40 230
40 145
40 104
40 107
40 119
41 65
41 256
41 141
41 43
41 163
41 87
41 168
41 171
41 172
41 45
41 47
41 112
41 113
41 114
41 118
41 56
41 58
41 270
41 189
41 299
41 127
42 235
42 204
42 237
42 272
42 280
42 89
42 94
42 98
42 171
42 173
42 47
42 50
42 183
42 59
42 189
42 126
42 63
43 260
43 75
43 66
43 195
43 92
43 292
43 293
43 111
43 125
43 255
44 69
44 135
44 82
44 150
44 289
44 188
44 45
44 189
44 48
44 50
44 179
44 56
44 124
44 61
45 137
45 224
45 80
45 216
45 90
45 97
45 103
45 106
45 167
45 113
45 51
45 169
45 276
45 168
46 129
46 211
46 213
46 236
46 146
46 47
46 49
46 178
46 51
46 57
46 127
47 75
47 77
47 219
47 94
47 95
47 98
47 99
47 166
47 82
47 115
47 55
47 250
47 127
48 67
48 75
48 77
48 205
48 286
48 85
48 151
48 68
48 228
48 156
48 100
48 299
48 109
48 238
48 116
48 53
48 118
48 132
48 121
48 60
48 65
49 65
49 130
49 208
49 276
49 101
49 263
49 161
49 232
49 105
49 171
49 50
49 211
49 181
49 59
50 71
50 136
50 265
50 266
50 77
50 209
50 274
50 188
50 95
50 227
50 169
50 178
50 244
50 124
50 254
50 63
51 71
51 76
51 275
51 271
51 276
51 222
51 243
51 99
51 164
51 165
51 230
51 161
51 79
51 53
51 61
52 263
52 192
52 130
52 82
52 102
52 103
52 234
52 110
52 255
52 116
52 186
52 63
52 126
52 127
53 197
53 263
53 139
53 192
53 271
53 142
53 91
53 229
53 168
53 180
53 186
53 123
54 171
54 197
54 70
54 65
54 160
54 141
54 272
54 91
54 135
54 146
54 245
54 184
54 123
54 138
54 62
55 196
55 228
55 129
55 80
55 195
55 153
55 155
55 161
55 102
55 232
55 105
55 117
55 233
55 124
56 128
56 130
56 256
56 148
56 151
56 221
56 69
56 98
56 236
56 182
56 184
56 58
57 68
57 267
57 82
57 213
57 215
57 278
57 165
57 169
57 299
57 173
57 240
57 114
57 121
58 82
58 237
58 84
58 288
58 227
58 229
58 103
58 146
58 183
58 123
59 261
59 134
59 206
59 277
59 213
59 278
59 157
59 159
59 61
60 67
60 69
60 262
60 203
60 206
60 81
60 83
60 238
60 88
60 164
60 110
60 118
60 121
60 192
61 133
61 201
61 241
61 143
61 198
61 99
61 101
61 177
61 255
61 72
61 252
61 127
62 263
62 64
62 268
62 192
62 141
62 142
62 212
62 86
62 152
62 91
62 128
62 160
62 70
62 297
62 106
62 242
62 115
62 185
63 226
63 145
63 217
63 207
63 96
63 98
63 292
63 231
63 297
63 237
63 174
63 177
64 199
64 205
64 131
64 149
64 91
64 231
64 296
64 105
64 107
64 208
64 177
64 114
64 243
64 249
64 277
65 215
65 140
65 224
65 256
65 144
65 67
65 84
65 165
65 96
65 176
65 117
66 261
66 192
66 288
66 87
66 160
66 100
66 101
66 166
66 104
66 114
66 83
66 124
66 134
67 246
67 141
67 86
67 279
67 91
67 162
67 227
67 166
67 299
67 114
67 243
67 118
67 283
68 192
68 136
68 77
68 78
68 85
68 153
68 229
68 97
68 212
68 239
68 179
68 186
68 187
68 213
69 75
69 173
69 208
69 83
69 91
69 161
69 162
69 170
69 151
69 128
69 84
69 127
70 195
70 201
70 147
70 150
70 292
70 167
70 173
70 200
70 121
70 126
71 130
71 107
71 205
71 112
71 285
71 85
71 154
71 155
71 93
72 203
72 125
72 104
72 82
72 147
72 149
72 86
72 152
73 198
73 140
73 142
73 79
73 144
73 145
73 210
73 149
73 216
73 159
73 162
73 103
73 248
73 125
73 127
74 143
74 275
74 119
74 92
74 192
75 298
75 192
75 77
75 206
75 114
75 211
75 88
75 121
76 256
76 129
76 142
76 80
76 96
76 164
76 257
76 238
76 245
76 120
76 250
77 97
77 249
77 157
77 263
78 256
78 235
78 138
78 207
78 79
78 80
78 145
78 82
78 94
78 162
78 166
78 103
78 298
79 99
79 142
79 171
79 110
79 236
79 109
79 206
79 114
79 120
79 240
79 126
80 194
80 141
80 143
80 82
80 193
80 174
80 137
81 227
81 100
81 118
81 103
81 231
81 120
81 178
81 151
81 85
82 129
82 260
82 96
82 224
82 211
82 88
82 111
82 250
82 197
82 116
82 171
82 182
82 120
83 99
83 113
83 195
83 148
83 124
83 220
83 181
84 149
84 235
84 141
84 114
84 246
84 283
84 282
84 127
85 205
85 131
85 218
85 221
85 94
85 133
85 103
85 171
85 167
85 241
85 273
85 189
85 277
86 199
86 138
86 195
86 286
86 224
86 294
86 104
86 238
86 254
86 120
86 126
86 191
87 134
87 289
87 239
87 185
87 91
87 157
87 94
87 197
88 134
88 269
88 144
88 139
88 213
88 215
88 132
88 90
88 92
88 93
88 223
88 289
88 162
88 281
88 265
89 263
89 208
89 272
89 178
89 276
89 153
89 121
89 217
89 127
90 163
90 172
90 160
90 285
90 236
90 93
90 159
91 198
91 146
91 281
91 155
91 246
91 165
91 103
91 200
91 244
91 189
92 171
92 166
92 253
92 284
92 202
93 193
93 133
93 273
93 270
93 173
93 260
93 122
94 153
94 103
94 104
94 108
94 237
94 110
94 232
94 191
95 213
95 264
95 215
95 152
95 220
95 254
95 117
96 105
96 177
96 169
96 283
97 215
97 256
97 173
97 279
97 99
97 292
97 241
97 181
97 185
97 252
98 227
98 230
98 287
98 136
98 147
98 143
98 126
99 257
99 269
99 208
99 146
99 116
99 124
100 203
100 143
100 215
100 285
100 223
101 133
101 134
101 194
101 204
101 206
101 106
101 185
101 149
102 259
102 160
102 238
102 242
102 243
103 140
103 275
103 278
103 216
103 282
103 228
103 174
103 251
104 129
104 137
104 290
104 278
104 216
104 164
104 234
105 143
105 176
105 250
105 188
106 136
106 208
106 264
106 187
107 144
107 227
107 150
107 151
107 283
108 226
108 169
108 117
108 115
108 184
109 201
109 188
109 266
109 126
109 255
110 277
110 165
110 294
110 169
110 298
110 120
110 115
110 181
110 119
110 127
111 133
111 138
111 242
111 137
111 185
112 175
112 114
112 243
112 277
112 132
112 188
112 221
113 226
113 268
113 278
113 151
113 155
113 287
113 289
113 165
113 247
113 184
113 185
114 129
114 205
114 145
114 132
114 289
114 226
114 224
114 126
115 264
115 169
115 184
116 230
116 172
116 221
116 160
116 249
116 260
116 158
116 165
117 163
117 181
117 140
117 285
118 208
118 131
118 266
118 202
118 133
119 273
119 264
119 238
119 280
119 249
120 292
120 209
120 225
120 122
121 299
121 136
121 178
121 183
122 184
122 125
122 195
122 155
122 127
123 192
123 213
123 197
123 135
123 267
123 195
123 220
124 131
124 202
124 152
124 281
124 125
124 253
125 138
125 152
125 137
126 242
126 169
126 241
126 163
126 205
127 180
127 251
128 296
128 214
128 240
129 227
129 260
129 230
129 273
129 291
129 248
130 225
130 257
131 203
131 281
131 207
131 233
131 148
131 136
131 234
132 136
132 206
132 147
132 180
132 182
132 154
132 158
133 225
133 142
133 136
133 286
133 166
134 174
134 177
134 188
135 168
135 217
136 225
136 189
136 215
137 201
137 143
138 176
138 259
139 260
139 197
139 256
139 276
139 213
139 231
139 174
139 268
140 274
140 180
140 252
140 254
141 290
141 264
141 211
141 284
142 192
143 165
143 183
143 157
143 210
143 147
143 251
144 206
144 145
144 163
144 148
144 171
144 215
144 251
144 297
145 215
145 157
146 296
146 245
147 293
148 201
148 256
148 156
148 287
149 257
149 233
149 280
149 222
150 162
150 281
151 160
151 234
151 294
151 274
151 181
151 215
152 188
152 171
152 205
152 157
152 243
153 172
153 155
154 271
154 211
154 275
154 175
155 237
155 189
155 295
156 242
157 193
157 226
157 184
157 286
157 178
157 245
157 219
157 158
158 263
158 208
158 285
159 199
159 264
159 267
159 229
160 241
161 163
161 192
161 194
161 286
162 227
163 248
164 292
164 237
164 221
165 293
165 199
166 221
167 237
167 227
167 187
168 259
168 235
169 201
170 242
170 294
170 254
170 245
171 216
172 244
172 199
172 286
173 260
173 201
173 271
173 177
173 215
173 186
174 204
174 175
174 241
175 180
175 276
176 239
176 223
177 231
177 272
177 178
177 248
178 247
179 240
180 209
181 200
182 286
183 265
183 187
184 268
184 286
185 192
186 292
186 279
187 219
187 230
187 276
188 296
188 270
188 216
188 276
189 256
190 282
190 205
191 240
192 270
192 290
193 202
195 243
195 232
195 265
195 222
195 223
196 244
196 298
196 273
198 279
199 244
199 284
200 291
200 208
200 285
201 257
201 287
202 213
203 230
203 292
203 219
203 286
204 264
205 285
206 278
207 251
207 221
208 247
209 229
209 295
209 298
210 224
211 283
212 296
213 255
213 250
216 245
219 230
219 239
220 224
220 274
220 277
222 288
224 241
226 232
227 241
228 248
230 238
230 264
231 294
231 273
233 262
233 266
234 246
234 235
234 255
235 241
237 263
237 273
237 242
238 296
238 263
239 241
241 257
243 277
243 267
249 298
250 253
251 291
252 264
253 275
256 288
257 272
257 277
259 265
259 296
262 265
263 273
266 269
266 281
279 280
279 296
286 289
288 293
291 294
294 295
