0 1
0 2
0 3
0 4
0 5
0 6
0 7
0 8
0 9
0 10
0 11
0 12
0 13
0 14
0 15
0 16
0 17
0 18
0 19
0 20
0 21
0 22
0 23
0 24
0 25
0 26
0 27
0 28
0 29
0 30
0 31
0 32
0 33
0 34
0 35
0 36
0 37
0 38
0 39
0 40
0 41
0 42
0 43
0 44
0 45
0 46
0 47
0 48
0 49
0 50
0 51
0 52
0 53
0 54
0 55
0 56
0 57
0 58
0 59
0 60
0 61
0 62
0 63
0 64
0 65
0 66
0 67
0 68
0 69
0 70
0 71
0 72
0 73
0 74
0 75
0 76
0 77
0 78
0 79
0 80
0 81
0 82
0 83
0 84
0 85
0 86
0 87
0 88
0 89
0 90
0 91
0 92
0 93
0 94
0 95
0 96
0 97
0 98
0 99
0 100
0 101
0 102
0 103
0 104
0 106
0 107
0 108
0 109
0 110
0 111
0 112
0 113
0 114
0 115
0 116
0 117
0 118
0 119
0 120
0 121
0 123
0 125
0 126
0 127
0 128
0 129
0 130
0 131
0 132
0 134
0 135
0 136
0 137
0 138
0 139
0 140
0 141
0 142
0 143
0 144
0 146
0 147
0 149
0 151
0 152
0 153
0 154
0 155
0 157
0 159
0 160
0 161
0 163
0 164
0 167
0 168
0 170
0 171
0 172
0 173
0 174
0 175
0 176
0 177
0 178
0 180
0 181
0 183
0 184
0 185
0 186
0 189
0 190
0 191
0 192
0 195
0 198
0 203
0 205
0 206
0 207
0 209
0 210
0 211
0 212
0 213
0 214
0 216
0 217
0 218
0 221
0 222
0 223
0 225
0 227
0 228
0 230
0 231
0 239
0 240
0 241
0 242
0 243
0 244
0 245
0 246
0 247
0 248
0 249
0 252
0 254
0 258
0 262
0 264
0 265
0 266
0 269
0 270
0 271
0 272
0 276
0 278
0 280
0 282
0 287
0 288
0 290
0 291
0 292
0 293
0 294
0 296
0 298
0 299
0 302
0 303
0 305
0 308
0 310
0 311
0 312
0 313
0 315
0 320
0 321
0 322
0 324
0 327
0 328
0 330
0 331
0 333
0 335
0 336
0 337
0 341
0 348
0 353
0 354
0 355
0 356
0 361
0 363
0 371
0 378
0 385
0 386
0 391
0 392
0 394
0 395
0 404
0 406
0 408
0 410
0 411
0 415
0 416
0 422
0 424
0 425
0 426
0 430
0 434
0 438
0 440
0 443
0 446
1 2
1 3
1 4
1 5
1 6
1 7
1 8
1 9
1 10
1 11
1 12
1 13
1 14
1 15
1 16
1 17
1 18
1 19
1 20
1 21
1 22
1 23
1 24
1 25
1 26
1 27
1 28
1 29
1 30
1 31
1 32
1 33
1 34
1 35
1 36
1 37
1 38
1 39
1 40
1 41
1 42
1 43
1 44
1 45
1 46
1 47
1 48
1 49
1 50
1 51
1 52
1 53
1 54
1 55
1 57
1 58
1 59
1 60
1 62
1 63
1 64
1 66
1 68
1 69
1 72
1 73
1 74
1 76
1 77
1 78
1 81
1 82
1 84
1 88
1 93
1 94
1 95
1 96
1 100
1 102
1 103
1 105
1 106
1 110
1 112
1 113
1 114
1 115
1 116
1 118
1 119
1 120
1 122
1 123
1 124
1 126
1 132
1 133
1 135
1 137
1 139
1 142
1 145
1 146
1 149
1 150
1 153
1 157
1 160
1 161
1 162
1 165
1 166
1 167
1 168
1 170
1 171
1 172
1 174
1 177
1 182
1 183
1 185
1 192
1 194
1 196
1 197
1 199
1 200
1 201
1 205
1 211
1 213
1 217
1 218
1 224
1 226
1 234
1 235
1 244
1 245
1 250
1 251
1 253
1 257
1 262
1 263
1 264
1 269
1 272
1 275
1 279
1 280
1 282
1 283
1 286
1 289
1 295
1 297
1 298
1 301
1 303
1 312
1 319
1 320
1 322
1 323
1 327
1 330
1 332
1 337
1 338
1 339
1 340
1 341
1 343
1 344
1 345
1 353
1 356
1 358
1 359
1 374
1 377
1 381
1 386
1 389
1 398
1 401
1 402
1 403
1 404
1 407
1 409
1 411
1 419
1 426
1 427
1 437
1 446
2 3
2 4
2 5
2 6
2 7
2 8
2 9
2 10
2 11
2 12
2 13
2 14
2 15
2 16
2 17
2 18
2 19
2 20
2 21
2 22
2 23
2 24
2 25
2 26
2 27
2 28
2 29
2 30
2 31
2 32
2 33
2 34
2 291
2 36
2 293
2 38
2 40
2 41
2 42
2 43
2 44
2 45
2 46
2 303
2 48
2 264
2 51
2 52
2 53
2 54
2 55
2 56
2 57
2 59
2 60
2 317
2 63
2 64
2 65
2 435
2 67
2 69
2 70
2 72
2 73
2 331
2 76
2 78
2 79
2 80
2 81
2 83
2 84
2 85
2 86
2 87
2 267
2 346
2 347
2 395
2 351
2 96
2 97
2 99
2 356
2 358
2 102
2 361
2 107
2 364
2 114
2 116
2 120
2 378
2 124
2 125
2 126
2 127
2 386
2 363
2 132
2 133
2 134
2 321
2 136
2 137
2 138
2 139
2 143
2 144
2 401
2 323
2 153
2 156
2 282
2 325
2 160
2 161
2 162
2 163
2 164
2 165
2 422
2 170
2 173
2 175
2 178
2 179
2 185
2 186
2 187
2 188
2 192
2 193
2 195
2 279
2 200
2 332
2 203
2 209
2 210
2 419
2 213
2 214
2 278
2 218
2 222
2 224
2 226
2 337
2 340
2 233
2 236
2 242
2 246
2 297
2 315
3 427
3 4
3 5
3 6
3 7
3 8
3 9
3 10
3 11
3 12
3 13
3 14
3 15
3 16
3 17
3 18
3 19
3 20
3 21
3 22
3 23
3 25
3 26
3 27
3 28
3 30
3 31
3 32
3 34
3 35
3 36
3 37
3 39
3 42
3 45
3 304
3 49
3 50
3 51
3 53
3 54
3 55
3 56
3 58
3 315
3 61
3 320
3 65
3 66
3 67
3 326
3 71
3 73
3 74
3 331
3 76
3 77
3 79
3 80
3 82
3 83
3 84
3 270
3 86
3 90
3 347
3 93
3 96
3 272
3 354
3 100
3 101
3 360
3 107
3 274
3 111
3 113
3 115
3 373
3 276
3 124
3 125
3 126
3 127
3 128
3 131
3 132
3 133
3 138
3 143
3 146
3 147
3 148
3 150
3 151
3 439
3 157
3 159
3 278
3 283
3 164
3 167
3 424
3 169
3 171
3 430
3 433
3 178
3 179
3 342
3 329
3 440
3 399
3 190
3 201
3 305
3 209
3 212
3 217
3 219
3 225
3 227
3 228
3 269
3 232
3 234
3 238
3 241
3 247
3 332
3 249
3 252
3 298
4 260
4 5
4 6
4 7
4 8
4 9
4 10
4 11
4 12
4 13
4 14
4 15
4 16
4 17
4 18
4 19
4 20
4 22
4 23
4 24
4 25
4 26
4 27
4 28
4 29
4 31
4 32
4 33
4 35
4 36
4 37
4 296
4 43
4 44
4 46
4 49
4 50
4 51
4 54
4 55
4 60
4 61
4 63
4 64
4 324
4 69
4 72
4 76
4 79
4 337
4 338
4 83
4 86
4 88
4 356
4 348
4 93
4 95
4 352
4 100
4 358
4 102
4 316
4 108
4 110
4 367
4 115
4 116
4 117
4 375
4 380
4 127
4 129
4 386
4 133
4 393
4 400
4 280
4 404
4 150
4 151
4 152
4 157
4 158
4 419
4 169
4 429
4 175
4 179
4 414
4 439
4 441
4 186
4 190
4 198
4 200
4 332
4 207
4 210
4 213
4 293
4 224
4 230
4 307
4 383
4 244
4 264
4 251
4 254
5 261
5 6
5 7
5 8
5 9
5 10
5 11
5 12
5 13
5 14
5 429
5 16
5 17
5 18
5 19
5 20
5 21
5 22
5 23
5 24
5 25
5 26
5 27
5 284
5 31
5 34
5 35
5 36
5 37
5 38
5 39
5 40
5 41
5 42
5 44
5 93
5 48
5 50
5 51
5 310
5 300
5 56
5 57
5 59
5 62
5 65
5 267
5 328
5 338
5 270
5 342
5 87
5 345
5 349
5 99
5 100
5 360
5 105
5 108
5 274
5 111
5 318
5 378
5 278
5 86
5 143
5 401
5 404
5 149
5 409
5 412
5 282
5 416
5 419
5 164
5 425
5 428
5 173
5 179
5 180
5 439
5 184
5 443
5 448
5 199
5 212
5 227
5 234
5 82
5 238
5 248
6 7
6 8
6 9
6 10
6 11
6 12
6 13
6 14
6 15
6 16
6 19
6 20
6 21
6 22
6 23
6 27
6 28
6 29
6 31
6 32
6 33
6 36
6 390
6 39
6 42
6 43
6 304
6 49
6 51
6 52
6 53
6 54
6 55
6 56
6 58
6 394
6 62
6 64
6 65
6 326
6 73
6 330
6 78
6 337
6 82
6 85
6 399
6 99
6 102
6 104
6 361
6 364
6 110
6 115
6 376
6 127
6 385
6 132
6 389
6 134
6 136
6 137
6 138
6 139
6 143
6 400
6 146
6 155
6 413
6 159
6 393
6 418
6 440
6 48
6 169
6 426
6 427
6 176
6 177
6 184
6 192
6 193
6 199
6 205
6 120
6 216
6 227
6 231
6 295
6 242
6 255
7 257
7 8
7 9
7 10
7 11
7 12
7 14
7 15
7 16
7 18
7 19
7 21
7 22
7 23
7 280
7 25
7 26
7 28
7 261
7 33
7 35
7 36
7 262
7 39
7 40
7 302
7 303
7 49
7 50
7 53
7 265
7 60
7 61
7 67
7 69
7 72
7 73
7 330
7 75
7 334
7 82
7 339
7 270
7 86
7 88
7 89
7 90
7 91
7 93
7 353
7 102
7 103
7 106
7 112
7 114
7 115
7 373
7 118
7 120
7 121
7 385
7 387
7 24
7 323
7 448
7 418
7 169
7 174
7 178
7 437
7 182
7 183
7 186
7 445
7 192
7 78
7 338
7 240
7 296
7 250
8 10
8 11
8 12
8 13
8 14
8 15
8 16
8 427
8 147
8 148
8 21
8 22
8 153
8 24
8 25
8 26
8 29
8 30
8 31
8 161
8 35
8 36
8 390
8 422
8 39
8 168
8 41
8 299
8 175
8 385
8 432
8 53
8 54
8 57
8 58
8 138
8 191
8 192
8 195
8 324
8 198
8 356
8 202
8 77
8 376
8 213
8 215
8 88
8 292
8 346
8 91
8 220
8 442
8 95
8 99
8 228
8 357
8 104
8 234
8 167
8 389
8 239
8 362
8 244
8 447
8 118
8 120
8 377
8 378
8 319
8 125
8 254
8 127
9 10
9 11
9 12
9 13
9 421
9 15
9 16
9 17
9 18
9 19
9 21
9 279
9 24
9 196
9 282
9 27
9 28
9 158
9 31
9 368
9 35
9 36
9 37
9 38
9 39
9 42
9 391
9 45
9 48
9 49
9 52
9 244
9 223
9 63
9 192
9 194
9 395
9 68
9 69
9 275
9 268
9 74
9 262
9 79
9 80
9 338
9 211
9 84
9 86
9 87
9 216
9 228
9 93
9 95
9 97
9 98
9 227
9 131
9 101
9 102
9 231
9 233
9 167
9 293
9 147
9 116
9 245
9 118
9 122
9 191
10 11
10 12
10 230
10 14
10 201
10 17
10 18
10 131
10 20
10 149
10 22
10 23
10 24
10 260
10 26
10 156
10 29
10 30
10 31
10 33
10 34
10 163
10 420
10 37
10 166
10 42
10 135
10 46
10 47
10 414
10 438
10 137
10 312
10 441
10 60
10 202
10 190
10 193
10 66
10 323
10 337
10 140
10 74
10 76
10 290
10 334
10 81
10 84
10 343
10 90
10 395
10 101
10 102
10 145
10 444
10 110
10 154
10 157
10 113
10 258
10 150
10 117
10 246
10 276
10 378
10 125
11 407
11 13
11 14
11 15
11 16
11 17
11 21
11 22
11 279
11 24
11 25
11 179
11 27
11 28
11 29
11 416
11 289
11 162
11 35
11 342
11 37
11 38
11 423
11 40
11 41
11 171
11 401
11 411
11 307
11 48
11 49
11 178
11 51
11 236
11 283
11 186
11 400
11 188
11 61
11 62
11 63
11 320
11 323
11 68
11 70
11 72
11 73
11 74
11 418
11 145
11 141
11 312
11 210
11 86
11 88
11 152
11 92
11 223
11 97
11 354
11 230
11 103
11 106
11 108
11 109
11 110
11 189
11 113
11 370
11 118
11 430
11 123
11 380
11 253
12 13
12 14
12 145
12 19
12 21
12 23
12 152
12 411
12 156
12 292
12 37
12 167
12 296
12 28
12 327
12 44
12 45
12 47
12 49
12 434
12 51
12 53
12 54
12 311
12 348
12 314
12 223
12 318
12 63
12 65
12 66
12 195
12 256
12 72
12 201
12 330
12 435
12 207
12 424
12 211
12 212
12 85
12 88
12 89
12 220
12 222
12 95
12 224
12 225
12 356
12 231
12 105
12 366
12 113
12 403
12 123
12 126
13 135
13 19
13 150
13 409
13 28
13 287
13 33
13 419
13 164
13 139
13 166
13 295
13 40
13 41
13 42
13 430
13 349
13 432
13 49
13 334
13 372
13 73
13 392
13 57
13 134
13 192
13 66
13 67
13 70
13 72
13 140
13 74
13 75
13 205
13 78
13 210
13 339
13 84
13 206
13 284
13 215
13 36
13 93
13 94
13 228
13 230
13 108
13 338
13 113
13 244
13 62
13 169
13 376
13 251
13 183
14 270
14 15
14 16
14 17
14 18
14 323
14 20
14 174
14 22
14 152
14 28
14 34
14 37
14 423
14 41
14 274
14 426
14 46
14 431
14 48
14 52
14 54
14 57
14 59
14 138
14 63
14 64
14 322
14 67
14 68
14 69
14 327
14 200
14 331
14 77
14 81
14 237
14 219
14 92
14 94
14 400
14 100
14 229
14 102
14 209
14 233
14 235
14 109
14 117
14 248
14 123
14 252
14 253
14 405
15 45
15 16
15 273
15 18
15 19
15 20
15 280
15 25
15 26
15 27
15 28
15 29
15 31
15 32
15 33
15 197
15 164
15 422
15 173
15 303
15 50
15 51
15 52
15 310
15 55
15 441
15 58
15 443
15 61
15 66
15 67
15 69
15 70
15 72
15 73
15 79
15 339
15 314
15 272
15 101
15 102
15 105
15 364
15 381
15 113
15 246
15 413
15 253
16 138
16 194
16 401
16 18
16 350
16 149
16 388
16 26
16 155
16 28
16 29
16 286
16 33
16 35
16 36
16 166
16 39
16 41
16 43
16 45
16 47
16 264
16 52
16 181
16 438
16 137
16 312
16 446
16 66
16 326
16 328
16 329
16 247
16 77
16 79
16 80
16 83
16 86
16 87
16 218
16 271
16 135
16 222
16 96
16 97
16 99
16 391
16 101
16 230
16 231
16 362
16 364
16 243
16 119
16 265
16 377
16 122
16 123
16 380
16 125
16 127
17 145
17 149
17 24
17 26
17 27
17 28
17 158
17 166
17 41
17 43
17 47
17 309
17 319
17 55
17 60
17 189
17 63
17 64
17 65
17 395
17 73
17 74
17 78
17 209
17 210
17 343
17 216
17 90
17 91
17 94
17 97
17 251
17 229
17 105
17 367
17 113
17 243
17 248
17 121
17 38
17 255
18 243
18 72
18 194
18 259
18 448
18 21
18 73
18 218
18 250
18 26
18 91
18 167
18 31
18 163
18 36
18 165
18 38
18 39
18 43
18 307
18 359
18 178
18 115
18 117
18 55
18 58
18 59
18 188
18 317
18 446
19 43
19 26
19 21
19 406
19 282
19 411
19 154
19 160
19 419
19 36
19 134
19 39
19 296
19 171
19 306
19 302
19 29
19 50
19 54
19 265
19 184
19 423
19 60
19 445
19 318
19 448
19 32
19 195
19 197
19 70
19 89
19 97
19 102
19 107
19 237
19 367
19 113
19 245
19 430
19 250
19 253
19 254
20 279
20 143
20 273
20 387
20 22
20 23
20 410
20 27
20 29
20 30
20 31
20 304
20 35
20 421
20 297
20 298
20 352
20 45
20 174
20 48
20 49
20 158
20 442
20 59
20 60
20 190
20 373
20 65
20 322
20 328
20 74
20 77
20 206
20 80
20 209
20 213
20 342
20 88
20 92
20 221
20 95
20 96
20 344
20 101
20 239
20 62
20 118
20 126
21 130
21 399
21 273
21 281
21 25
21 154
21 28
21 31
21 32
21 176
21 35
21 146
21 41
21 42
21 43
21 44
21 173
21 46
21 48
21 50
21 432
21 52
21 53
21 393
21 312
21 58
21 59
21 63
21 326
21 439
21 77
21 78
21 274
21 84
21 342
21 88
21 217
21 93
21 225
21 101
21 102
21 360
21 107
21 387
21 109
21 111
21 368
21 114
21 378
21 252
21 255
22 130
22 131
22 149
22 152
22 26
22 27
22 28
22 30
22 297
22 257
22 175
22 392
22 306
22 414
22 54
22 57
22 437
22 320
22 139
22 201
22 204
22 141
22 208
22 218
22 92
22 94
22 96
22 225
22 355
22 105
22 236
22 244
22 374
22 122
22 126
23 64
23 201
23 142
23 145
23 433
23 299
23 155
23 350
23 69
23 304
23 187
23 256
23 38
23 305
23 40
23 71
23 44
23 45
23 302
23 47
23 112
23 104
23 55
23 120
23 31
23 60
23 317
24 396
24 258
24 142
24 272
24 146
24 148
24 150
24 25
24 27
24 28
24 33
24 164
24 40
24 42
24 71
24 301
24 46
24 49
24 57
24 316
24 190
24 324
24 199
24 332
24 78
24 83
24 84
24 398
24 346
24 100
24 362
24 424
24 115
24 116
24 382
24 119
24 120
24 122
24 380
24 254
25 138
25 194
25 320
25 424
25 193
25 150
25 215
25 29
25 69
25 224
25 237
25 289
25 420
25 231
25 296
25 106
25 45
25 47
25 264
25 403
25 376
25 63
25 202
25 318
25 191
26 139
26 268
26 281
26 29
26 419
26 36
26 42
26 44
26 46
26 52
26 311
26 184
26 441
26 189
26 318
26 66
26 67
26 97
26 205
26 337
26 83
26 85
26 89
26 90
26 92
26 401
26 144
26 230
26 103
26 362
26 146
26 125
26 370
26 244
26 250
26 253
26 395
27 135
27 141
27 28
27 32
27 292
27 262
27 156
27 431
27 48
27 49
27 54
27 137
27 56
27 60
27 61
27 192
27 193
27 204
27 339
27 90
27 399
27 94
27 354
27 102
27 233
27 408
27 108
27 237
27 368
27 241
27 245
27 248
27 249
28 278
28 146
28 281
28 260
28 156
28 33
28 35
28 39
28 40
28 42
28 44
28 173
28 175
28 48
28 54
28 55
28 347
28 315
28 66
28 67
28 325
28 74
28 332
28 211
28 142
28 87
28 217
28 271
28 97
28 227
28 101
28 118
28 119
28 255
29 427
29 141
29 368
29 34
29 134
29 38
29 39
29 41
29 171
29 48
29 183
29 314
29 60
29 394
29 62
29 78
29 207
29 206
29 86
29 217
29 218
29 79
29 220
29 100
29 231
29 361
29 112
29 114
29 371
29 120
29 252
30 33
30 129
30 305
30 337
30 280
30 155
30 287
30 97
30 423
30 358
30 231
30 40
30 43
30 437
30 72
30 53
30 202
30 253
30 255
31 142
31 144
31 137
31 157
31 393
31 164
31 422
31 169
31 44
31 45
31 46
31 264
31 51
31 311
31 187
31 60
31 191
31 205
31 85
31 343
31 219
31 223
31 355
31 100
31 102
31 360
31 237
31 112
31 375
31 122
32 71
32 74
32 130
32 207
32 216
32 88
32 132
32 284
32 93
32 287
32 34
32 163
32 37
32 195
32 129
32 171
32 67
32 364
32 45
32 157
32 177
32 178
32 79
32 436
32 122
32 138
32 296
33 203
33 204
33 78
33 205
33 227
33 349
33 176
33 35
33 386
33 168
33 272
33 175
33 48
33 116
33 286
33 183
33 57
33 442
33 74
34 332
34 139
34 140
34 258
34 190
34 254
34 338
34 215
34 149
34 87
34 216
34 93
34 95
34 315
34 228
34 295
34 40
34 78
34 48
34 270
34 181
34 55
34 276
34 187
34 62
34 127
35 373
35 202
35 204
35 442
35 161
35 81
35 186
35 153
35 93
35 197
35 290
35 100
35 101
35 38
35 298
35 41
35 42
35 44
35 237
35 157
35 112
35 243
35 256
35 371
35 139
35 123
35 61
35 309
36 75
36 76
36 79
36 269
36 301
36 203
36 151
36 344
36 222
36 97
36 278
36 355
36 38
36 40
36 380
36 419
36 289
36 305
36 180
36 53
36 118
36 55
36 290
36 378
36 60
37 197
37 257
37 145
37 131
37 352
37 235
37 344
37 217
37 282
37 283
37 92
37 226
37 251
37 39
37 168
37 103
37 429
37 223
37 431
37 76
37 49
37 287
37 378
37 159
37 255
38 75
38 322
38 398
38 144
38 139
38 203
38 100
38 69
38 95
38 400
38 278
38 105
38 43
38 236
38 210
38 240
38 49
38 115
38 286
38 41
38 420
38 55
38 314
38 159
39 331
39 77
39 398
39 145
39 86
39 89
39 91
39 95
39 360
39 106
39 235
39 402
39 239
39 49
39 179
39 52
39 59
39 426
39 127
40 299
40 328
40 391
40 396
40 334
40 207
40 91
40 389
40 359
40 380
40 107
40 257
40 429
40 302
40 239
40 49
40 50
40 350
40 449
40 151
41 193
41 194
41 83
41 409
41 91
41 69
41 224
41 98
41 256
41 430
41 413
41 136
41 246
41 213
42 257
42 76
42 66
42 248
42 384
42 84
42 333
42 421
42 251
42 364
42 46
42 47
42 241
42 371
42 52
42 53
42 137
42 184
42 314
42 187
42 252
43 65
43 136
43 74
43 279
43 219
43 285
43 101
43 161
43 99
43 134
43 232
43 425
43 391
43 364
43 109
43 424
43 114
43 57
43 59
43 444
43 443
44 282
44 199
44 79
44 86
44 324
44 143
44 92
44 90
44 168
44 257
44 413
44 181
44 219
44 233
44 56
44 62
44 63
45 366
45 86
45 219
45 222
45 171
45 46
45 52
45 158
45 187
46 392
46 73
46 75
46 399
46 147
46 388
46 412
46 443
46 357
46 296
46 174
46 175
46 51
46 53
46 378
46 59
46 252
46 63
47 132
47 70
47 64
47 73
47 147
47 86
47 68
47 350
47 101
47 360
47 425
47 242
47 182
47 312
47 58
47 444
47 74
47 62
48 387
48 141
48 337
48 82
48 278
48 130
48 99
48 292
48 235
48 368
48 181
48 120
48 377
48 59
48 380
48 253
49 66
49 264
49 79
49 331
49 281
49 90
49 414
49 95
49 165
49 107
49 109
49 110
49 296
49 268
49 55
49 184
49 441
50 66
50 137
50 130
50 80
50 82
50 215
50 397
50 196
50 95
50 291
50 101
50 166
50 428
50 302
50 303
50 117
50 375
50 440
50 121
50 383
51 65
51 128
51 76
51 141
51 79
51 402
51 216
51 217
51 234
51 71
51 52
51 265
51 56
51 121
51 59
51 330
52 438
52 311
52 82
52 147
52 84
52 365
52 153
52 417
52 162
52 232
52 105
52 338
52 372
52 398
52 265
52 62
53 132
53 138
53 66
53 79
53 84
53 215
53 153
53 410
53 94
53 160
53 98
53 101
53 321
53 363
53 300
53 378
53 124
54 327
54 339
54 224
54 195
54 89
54 90
54 93
54 188
54 416
54 354
54 165
54 124
54 246
54 249
54 442
54 60
54 254
55 71
55 72
55 66
55 256
55 212
55 164
55 219
55 222
55 287
55 347
55 105
55 257
55 366
55 112
55 179
55 436
55 119
55 376
55 57
55 124
55 61
55 382
55 63
56 64
56 260
56 384
56 300
56 407
56 192
56 271
56 210
56 87
56 89
56 285
56 94
56 99
56 101
56 423
56 232
56 176
56 360
56 121
56 443
56 445
56 191
57 137
57 320
57 407
57 92
57 352
57 420
57 165
57 167
57 64
57 108
57 237
57 242
57 249
58 68
58 197
58 393
58 151
58 280
58 154
58 156
58 158
58 261
58 294
58 360
58 234
58 172
58 109
58 113
58 244
58 72
58 121
58 442
58 63
58 318
58 85
59 203
59 339
59 216
59 331
59 352
59 290
59 448
59 107
59 108
59 310
59 190
60 195
60 261
60 65
60 200
60 137
60 203
60 204
60 206
60 147
60 299
60 224
60 393
60 148
60 165
60 358
60 104
60 105
60 110
60 253
60 177
60 128
60 201
60 121
60 61
61 320
61 72
61 144
61 276
61 286
61 95
61 98
61 99
61 241
61 250
61 379
61 125
62 354
62 71
62 64
62 202
62 335
62 401
62 82
62 150
62 163
62 164
62 177
62 109
62 113
62 84
62 123
62 445
63 375
63 69
63 135
63 77
63 400
63 210
63 151
63 219
63 351
63 228
63 104
63 76
64 325
64 331
64 396
64 335
64 81
64 152
64 345
64 160
64 98
64 374
64 429
64 110
64 118
65 198
65 72
65 78
65 110
65 406
65 427
65 405
66 71
66 384
66 147
66 230
66 257
66 176
66 120
66 138
67 132
67 197
67 200
67 267
67 145
67 82
67 84
67 150
67 151
67 154
67 223
67 163
67 164
67 71
67 300
67 434
67 306
67 180
67 122
67 444
67 126
68 197
68 422
68 200
68 110
68 157
68 352
68 90
68 85
68 381
68 122
68 411
69 166
69 128
69 103
69 321
69 302
69 135
69 222
70 129
70 325
70 311
70 135
70 226
70 330
70 256
70 401
70 173
70 82
70 117
70 247
70 280
70 122
71 268
71 143
71 400
71 131
71 215
71 154
71 346
71 442
71 292
71 104
71 361
71 301
71 189
71 248
71 87
71 253
72 299
72 264
72 140
72 141
72 275
72 448
72 85
72 151
72 413
72 429
72 321
72 112
72 376
72 188
73 140
73 270
73 195
73 86
73 152
73 237
73 390
73 297
73 193
73 203
73 109
73 176
73 377
74 274
74 352
74 344
74 216
74 349
74 115
74 119
74 381
74 247
75 353
75 392
75 195
75 136
75 329
75 362
75 239
75 144
75 177
75 84
75 249
75 168
76 128
76 194
76 338
76 147
76 215
76 280
76 282
76 347
76 93
76 357
76 232
76 244
76 252
76 126
77 327
77 100
77 422
77 135
77 78
77 104
77 227
77 164
78 131
78 213
78 270
78 212
78 152
78 395
78 158
78 223
78 228
78 104
78 173
78 110
78 115
78 180
78 245
78 118
78 440
78 249
78 276
78 191
79 388
79 85
79 152
79 217
79 411
79 265
79 158
79 98
79 419
79 237
79 114
79 310
79 183
79 441
79 127
80 321
80 195
80 379
80 106
80 337
80 163
80 150
80 183
80 91
80 252
81 259
81 322
81 334
81 352
81 163
81 221
81 96
81 289
81 231
81 104
81 234
81 93
81 99
81 246
81 319
82 136
82 149
82 150
82 154
82 419
82 259
82 306
82 111
82 200
82 115
82 186
82 380
82 189
83 358
83 200
83 139
83 268
83 365
83 414
84 132
84 325
84 390
84 146
84 218
84 286
84 424
84 298
84 107
84 306
84 310
85 170
85 98
85 110
85 424
85 114
85 362
86 198
86 300
86 89
86 290
86 426
86 307
86 108
86 114
86 243
87 352
87 138
87 386
87 147
87 347
87 381
87 261
88 259
88 134
88 205
88 215
88 89
88 94
88 105
88 365
88 302
88 111
88 246
88 297
88 191
89 257
89 137
89 397
89 270
89 273
89 147
89 212
89 151
89 216
89 221
89 302
89 111
90 289
90 421
90 331
90 113
90 119
90 312
90 185
91 108
91 142
91 111
91 430
91 250
91 303
91 167
91 264
91 95
92 160
92 171
92 161
92 329
92 417
92 121
92 428
92 381
92 410
93 290
93 269
93 212
93 342
93 215
93 327
93 260
93 298
93 135
93 238
93 111
93 116
93 426
94 182
94 143
94 304
94 415
94 281
94 197
95 257
95 271
95 440
95 213
95 230
95 238
95 310
95 265
95 312
96 164
96 118
96 202
96 107
96 402
96 436
96 444
97 179
97 273
97 268
97 301
97 309
97 169
97 217
97 122
97 191
98 407
98 229
98 325
98 289
98 422
98 299
98 218
98 431
98 426
98 190
99 139
99 432
99 151
99 190
99 223
100 322
100 193
100 143
100 272
100 427
100 147
100 162
100 422
100 103
100 231
100 242
100 438
100 253
100 325
101 449
101 102
102 208
102 212
102 206
102 157
102 164
102 221
102 114
102 437
102 255
102 254
103 267
103 134
103 200
103 265
103 234
103 368
103 401
103 446
103 117
103 247
103 153
103 395
103 345
104 135
104 344
104 221
104 415
104 224
104 354
104 169
104 112
104 244
104 309
104 119
104 248
104 372
104 379
105 259
105 225
105 380
105 138
105 107
105 353
105 372
105 257
106 132
106 263
106 232
106 220
106 274
106 206
106 288
106 178
106 275
106 150
106 156
107 179
107 139
107 120
107 253
107 117
108 384
108 136
108 271
108 144
108 279
108 354
108 420
108 424
108 115
108 116
108 245
108 439
108 383
109 197
109 200
109 306
109 178
109 408
110 322
110 139
110 209
110 279
110 160
110 357
110 120
110 314
110 125
111 394
111 270
111 335
111 291
112 295
112 348
112 429
112 163
112 251
112 328
112 414
113 168
113 428
113 119
113 143
113 383
114 259
114 208
114 186
115 423
115 416
115 407
115 123
115 202
115 134
116 358
116 200
116 402
116 276
116 245
116 151
116 411
116 223
117 322
117 195
117 251
117 132
117 219
117 124
118 196
118 398
118 157
118 227
118 177
118 429
118 305
118 250
118 200
118 126
118 383
119 388
119 294
119 278
119 377
120 268
120 140
120 430
120 186
120 165
120 300
120 178
120 242
120 374
120 250
121 193
121 132
121 293
121 225
121 143
121 220
121 310
122 136
122 167
122 264
122 341
122 215
122 412
122 447
122 348
123 229
123 225
123 323
123 139
123 152
124 172
124 334
124 430
124 216
124 185
124 281
125 164
125 428
125 364
125 143
125 360
125 211
125 183
125 191
126 132
126 423
126 215
126 143
126 137
126 152
126 324
126 268
126 343
127 416
127 166
127 137
127 174
127 434
127 355
127 412
128 256
128 147
128 275
128 140
128 444
128 433
128 300
128 420
128 283
128 188
128 351
129 424
129 280
129 250
129 138
129 220
129 154
130 406
130 169
130 202
130 235
130 396
130 340
130 314
131 194
131 140
131 442
131 182
132 168
132 371
132 396
132 407
132 303
133 424
133 389
133 353
133 392
133 212
134 243
134 166
134 297
134 394
134 206
134 184
134 310
134 179
134 284
135 411
135 361
135 171
135 143
135 238
135 443
135 341
135 202
135 284
136 449
136 261
136 172
136 412
136 181
136 156
136 415
137 262
137 167
137 183
137 380
137 270
137 394
138 192
138 398
138 410
138 347
138 368
138 179
138 311
138 248
139 260
139 266
139 398
139 269
139 144
139 159
139 376
139 253
140 422
140 437
140 154
140 382
141 200
141 234
141 270
141 143
141 274
141 186
142 306
142 439
142 374
142 257
144 244
144 149
145 190
145 247
146 385
146 363
146 224
146 216
146 310
147 324
147 395
147 392
147 179
147 218
147 367
147 222
148 336
148 305
148 217
149 199
149 304
149 174
149 271
149 244
150 290
150 163
150 262
150 264
150 208
150 220
150 159
151 278
151 292
151 297
151 267
151 172
151 164
152 323
152 438
152 429
152 433
152 172
152 308
152 248
153 311
153 330
153 279
154 260
154 200
154 171
154 269
154 434
154 424
154 352
154 345
154 217
154 395
155 244
155 344
155 234
155 359
155 156
155 351
156 388
156 300
156 275
156 277
157 237
157 303
157 433
157 185
157 367
157 426
158 363
158 331
158 243
158 253
159 279
159 167
159 247
159 182
159 223
160 163
160 260
160 358
160 302
160 401
160 308
161 213
161 391
161 240
161 270
162 167
162 360
162 361
162 170
162 335
162 176
162 277
163 357
163 177
163 211
163 376
163 447
163 319
164 330
164 174
164 281
164 415
164 284
165 292
165 389
165 358
165 264
165 265
165 330
165 210
165 301
165 189
166 227
166 292
166 203
166 204
166 243
166 388
166 330
167 330
167 209
168 392
168 171
168 205
168 308
168 310
168 311
168 196
168 219
168 445
169 448
169 225
169 296
169 403
169 245
169 343
169 324
169 189
169 350
170 328
170 361
170 202
170 300
170 414
170 191
171 290
171 320
171 182
171 184
172 227
172 388
172 293
172 174
172 430
172 420
172 221
172 222
173 247
173 389
173 317
174 322
174 389
174 176
174 321
175 231
175 378
175 327
176 192
176 177
176 402
176 441
176 188
177 420
177 429
177 239
178 293
178 202
178 227
178 351
179 304
179 359
179 218
179 222
180 194
180 442
180 251
180 237
180 223
181 202
181 251
181 434
182 270
182 334
183 355
183 277
183 346
183 252
184 354
184 391
184 297
184 361
184 394
185 427
185 198
185 346
186 197
186 291
186 203
186 306
187 383
187 253
187 275
187 238
188 195
188 205
188 248
188 313
188 444
188 382
189 423
189 408
189 437
190 235
190 268
190 331
190 246
190 315
190 314
191 386
191 337
191 333
191 245
192 299
192 207
192 297
193 364
193 396
193 381
194 391
194 267
194 216
194 428
194 287
195 438
195 252
195 429
195 371
196 352
196 291
196 301
196 334
197 203
197 434
197 252
200 209
200 254
201 432
201 373
201 315
202 409
202 295
202 242
202 302
202 311
202 280
202 346
203 385
203 299
203 398
203 310
203 361
204 348
205 295
205 207
205 272
205 310
205 315
206 258
207 441
207 400
207 216
208 294
208 334
208 262
208 343
208 396
209 233
209 423
209 248
210 235
210 322
210 340
210 279
211 324
211 389
211 264
211 246
211 393
211 377
212 268
212 242
212 435
212 250
212 361
213 397
213 432
213 352
213 342
214 300
214 334
215 303
215 222
215 277
216 283
216 357
216 224
216 245
216 223
217 299
218 291
218 234
218 245
218 249
219 379
220 435
220 305
221 303
221 398
221 296
222 263
222 243
222 242
222 342
222 445
222 414
223 230
223 305
223 235
224 242
224 428
225 393
225 354
226 308
226 406
226 290
226 333
227 261
227 231
227 309
228 407
229 277
229 360
229 402
230 355
230 356
232 261
232 233
232 367
233 283
233 360
233 429
234 354
234 307
234 273
234 239
234 329
235 366
235 369
236 256
236 419
236 345
236 338
236 277
237 389
237 447
237 375
237 427
237 431
237 316
238 353
238 262
238 393
238 428
238 447
238 342
238 440
238 314
238 286
239 440
240 326
240 266
240 352
241 384
241 385
242 395
243 436
243 440
244 438
244 395
244 352
244 439
245 353
246 440
246 367
247 260
247 424
247 388
247 282
248 273
248 278
248 287
249 400
249 388
249 397
250 262
250 369
250 432
250 337
251 395
251 435
252 403
252 430
252 442
253 360
253 425
253 304
254 307
256 418
257 406
257 309
258 363
258 445
259 299
260 293
260 326
260 391
260 367
261 409
261 379
262 416
263 416
264 281
265 287
266 402
266 434
266 270
267 427
267 325
268 405
269 449
270 417
270 272
270 300
270 430
270 369
270 435
270 309
271 440
271 351
271 333
272 446
272 352
273 421
274 277
274 414
275 424
275 327
276 353
276 368
276 376
277 370
277 341
278 289
278 387
279 422
279 321
279 428
281 334
281 401
282 392
282 312
284 312
285 365
286 296
286 324
286 377
286 335
287 427
287 391
288 299
288 370
288 439
289 368
289 331
289 319
290 425
290 435
290 394
291 399
292 342
292 328
296 385
296 319
297 391
297 354
298 370
298 308
298 327
300 395
301 326
302 425
303 427
303 308
303 356
304 350
304 393
305 409
305 437
306 316
306 434
307 378
307 370
308 335
308 370
308 430
309 350
309 366
310 421
310 414
311 441
311 324
311 396
311 439
311 428
315 432
315 350
315 319
316 420
317 372
319 438
320 397
321 336
321 395
321 380
322 421
322 331
323 355
324 398
325 349
326 384
327 344
327 348
328 396
329 346
330 404
332 422
332 350
333 374
334 445
338 422
338 413
340 421
340 397
341 431
342 409
343 437
343 344
344 420
345 380
346 368
346 420
347 443
347 397
348 412
348 361
349 443
350 407
351 407
353 375
354 398
355 449
355 422
355 363
355 369
357 363
358 382
358 403
359 436
360 427
361 373
363 384
363 399
364 442
367 442
367 372
368 376
372 406
373 390
373 375
374 444
378 428
380 410
381 407
389 394
391 424
393 405
394 403
394 415
398 411
401 430
403 439
406 422
411 415
421 447
423 429
