0 512
0 1
0 2
0 3
0 4
0 5
0 6
0 7
0 8
0 9
0 10
0 11
0 12
0 13
0 14
0 15
0 16
0 17
0 18
0 19
0 20
0 21
0 22
0 23
0 24
0 25
0 26
0 27
0 28
0 29
0 30
0 31
0 32
0 33
0 34
0 35
0 36
0 37
0 38
0 39
0 40
0 41
0 42
0 43
0 44
0 45
0 46
0 47
0 48
0 49
0 50
0 51
0 52
0 53
0 54
0 55
0 56
0 57
0 58
0 59
0 60
0 61
0 62
0 63
0 64
0 65
0 66
0 67
0 68
0 69
0 70
0 71
0 72
0 73
0 74
0 75
0 76
0 77
0 78
0 79
0 80
0 81
0 82
0 83
0 84
0 85
0 86
0 87
0 88
0 89
0 90
0 91
0 92
0 93
0 94
0 96
0 97
0 98
0 99
0 100
0 101
0 102
0 103
0 600
0 105
0 106
0 107
0 108
0 110
0 623
0 113
0 114
0 627
0 116
0 118
0 119
0 121
0 634
0 123
0 124
0 125
0 126
0 127
0 641
0 130
0 619
0 132
0 534
0 134
0 135
0 519
0 138
0 139
0 140
0 706
0 142
0 144
0 145
0 146
0 147
0 660
0 150
0 663
0 152
0 153
0 618
0 155
0 156
0 601
0 160
0 161
0 674
0 163
0 602
0 677
0 166
0 167
0 168
0 540
0 170
0 517
0 173
0 176
0 177
0 178
0 691
0 665
0 183
0 184
0 185
0 186
0 187
0 188
0 189
0 192
0 194
0 707
0 196
0 516
0 204
0 717
0 206
0 207
0 211
0 212
0 684
0 215
0 615
0 217
0 221
0 734
0 225
0 536
0 232
0 233
0 234
0 236
0 241
0 723
0 245
0 547
0 247
0 248
0 724
0 253
0 256
0 257
0 260
0 262
0 264
0 267
0 269
0 270
0 557
0 272
0 273
0 274
0 643
0 276
0 277
0 278
0 745
0 644
0 285
0 291
0 297
0 300
0 562
0 302
0 303
0 304
0 307
0 309
0 649
0 313
0 314
0 315
0 317
0 585
0 321
0 322
0 323
0 566
0 329
0 614
0 335
0 336
0 693
0 339
0 654
0 642
0 569
0 344
0 345
0 347
0 570
0 350
0 351
0 352
0 353
0 354
0 571
0 357
0 360
0 361
0 363
0 364
0 616
0 368
0 370
0 371
0 373
0 609
0 376
0 380
0 746
0 387
0 388
0 389
0 393
0 394
0 397
0 664
0 402
0 407
0 414
0 415
0 419
0 582
0 422
0 423
0 668
0 583
0 428
0 432
0 628
0 439
0 526
0 671
0 444
0 446
0 450
0 748
0 588
0 458
0 459
0 675
0 468
0 590
0 472
0 473
0 474
0 478
0 479
0 482
0 483
0 486
0 487
0 679
0 493
0 504
0 507
1 513
1 2
1 3
1 4
1 5
1 6
1 7
1 8
1 9
1 10
1 11
1 12
1 13
1 14
1 15
1 16
1 17
1 18
1 19
1 20
1 21
1 22
1 23
1 24
1 25
1 26
1 27
1 28
1 29
1 30
1 31
1 32
1 33
1 34
1 35
1 36
1 37
1 38
1 39
1 40
1 42
1 43
1 45
1 46
1 47
1 48
1 49
1 50
1 51
1 56
1 57
1 58
1 571
1 60
1 61
1 63
1 65
1 66
1 67
1 69
1 70
1 71
1 584
1 73
1 74
1 75
1 76
1 77
1 78
1 79
1 82
1 83
1 89
1 602
1 91
1 93
1 95
1 96
1 99
1 101
1 618
1 109
1 110
1 111
1 114
1 115
1 118
1 631
1 532
1 124
1 125
1 126
1 127
1 129
1 131
1 133
1 648
1 140
1 653
1 142
1 143
1 145
1 147
1 152
1 154
1 157
1 163
1 166
1 168
1 681
1 170
1 172
1 691
1 181
1 182
1 185
1 190
1 193
1 194
1 199
1 202
1 203
1 206
1 207
1 547
1 213
1 216
1 218
1 734
1 549
1 225
1 227
1 228
1 745
1 551
1 237
1 245
1 247
1 251
1 270
1 271
1 273
1 278
1 279
1 283
1 589
1 288
1 290
1 561
1 298
1 299
1 300
1 301
1 304
1 307
1 321
1 326
1 340
1 341
1 343
1 344
1 347
1 348
1 557
1 353
1 357
1 359
1 572
1 364
1 370
1 375
1 387
1 542
1 411
1 525
1 666
1 415
1 419
1 582
1 426
1 538
1 428
1 447
1 562
1 456
1 457
1 463
1 466
1 473
1 476
1 483
1 489
1 499
1 500
2 3
2 4
2 5
2 6
2 7
2 8
2 9
2 10
2 11
2 12
2 13
2 14
2 15
2 16
2 17
2 18
2 19
2 20
2 21
2 22
2 23
2 24
2 25
2 26
2 27
2 28
2 29
2 30
2 31
2 33
2 36
2 37
2 38
2 39
2 40
2 41
2 42
2 44
2 45
2 48
2 520
2 50
2 563
2 52
2 54
2 57
2 60
2 61
2 64
2 65
2 579
2 68
2 69
2 70
2 71
2 73
2 83
2 86
2 87
2 89
2 91
2 93
2 95
2 96
2 97
2 99
2 100
2 101
2 102
2 103
2 105
2 107
2 620
2 110
2 515
2 113
2 115
2 116
2 638
2 533
2 534
2 136
2 139
2 141
2 142
2 147
2 148
2 662
2 152
2 153
2 666
2 667
2 158
2 197
2 160
2 112
2 162
2 163
2 164
2 165
2 167
2 169
2 170
2 186
2 702
2 193
2 709
2 712
2 201
2 202
2 719
2 726
2 729
2 221
2 223
2 224
2 226
2 227
2 228
2 229
2 232
2 551
2 240
2 126
2 247
2 673
2 554
2 255
2 262
2 263
2 275
2 278
2 287
2 288
2 290
2 317
2 330
2 333
2 335
2 342
2 344
2 345
2 741
2 352
2 354
2 358
2 359
2 363
2 364
2 371
2 374
2 378
2 384
2 399
2 403
2 412
2 417
2 419
2 425
2 431
2 245
2 161
2 463
2 466
2 471
2 472
2 481
2 482
2 498
2 499
2 506
3 4
3 5
3 6
3 7
3 8
3 9
3 10
3 11
3 12
3 13
3 14
3 15
3 16
3 17
3 18
3 531
3 21
3 23
3 24
3 27
3 28
3 29
3 31
3 33
3 34
3 35
3 36
3 37
3 39
3 40
3 41
3 274
3 257
3 723
3 48
3 264
3 52
3 53
3 54
3 308
3 58
3 571
3 60
3 61
3 62
3 63
3 608
3 525
3 67
3 68
3 73
3 75
3 269
3 569
3 337
3 339
3 87
3 88
3 412
3 349
3 540
3 95
3 96
3 98
3 100
3 102
3 103
3 105
3 107
3 108
3 109
3 110
3 367
3 112
3 319
3 114
3 115
3 116
3 117
3 118
3 123
3 380
3 637
3 524
3 127
3 277
3 647
3 137
3 650
3 651
3 141
3 499
3 280
3 579
3 660
3 154
3 156
3 673
3 418
3 539
3 261
3 169
3 682
3 500
3 430
3 177
3 434
3 435
3 457
3 184
3 372
3 700
3 383
3 449
3 195
3 453
3 198
3 712
3 201
3 714
3 203
3 290
3 206
3 211
3 561
3 470
3 473
3 474
3 741
3 224
3 570
3 229
3 487
3 494
3 243
3 244
3 503
3 251
4 516
4 5
4 6
4 7
4 8
4 9
4 10
4 11
4 12
4 13
4 14
4 429
4 16
4 17
4 18
4 19
4 20
4 21
4 22
4 25
4 29
4 30
4 31
4 33
4 34
4 35
4 37
4 38
4 49
4 40
4 42
4 300
4 302
4 303
4 304
4 305
4 53
4 55
4 60
4 266
4 63
4 576
4 65
4 522
4 523
4 438
4 326
4 72
4 329
4 332
4 565
4 78
4 79
4 80
4 82
4 595
4 84
4 85
4 87
4 344
4 89
4 90
4 606
4 351
4 97
4 610
4 614
4 102
4 273
4 616
4 107
4 365
4 701
4 624
4 628
4 118
4 378
4 123
4 125
4 639
4 640
4 129
4 130
4 388
4 133
4 137
4 141
4 145
4 146
4 149
4 150
4 407
4 409
4 158
4 671
4 165
4 173
4 431
4 689
4 178
4 179
4 692
4 181
4 182
4 183
4 697
4 186
4 189
4 449
4 456
4 459
4 578
4 213
4 214
4 472
4 225
4 227
4 488
4 500
5 6
5 7
5 8
5 9
5 10
5 11
5 12
5 13
5 14
5 271
5 16
5 18
5 19
5 532
5 22
5 23
5 24
5 25
5 28
5 33
5 35
5 646
5 42
5 391
5 44
5 45
5 302
5 48
5 49
5 50
5 51
5 569
5 59
5 60
5 585
5 74
5 79
5 531
5 82
5 659
5 87
5 88
5 90
5 91
5 352
5 272
5 99
5 100
5 101
5 614
5 365
5 512
5 368
5 114
5 275
5 118
5 376
5 122
5 123
5 637
5 126
5 640
5 704
5 390
5 135
5 395
5 712
5 450
5 400
5 147
5 149
5 412
5 669
5 414
5 496
5 675
5 169
5 173
5 688
5 456
5 181
5 187
5 444
5 446
5 447
5 192
5 194
5 710
5 711
5 200
5 202
5 461
5 719
5 212
5 470
5 728
5 730
5 219
5 735
5 263
5 230
5 231
5 234
5 236
5 239
5 240
5 515
5 248
5 249
5 250
6 7
6 8
6 9
6 10
6 11
6 12
6 13
6 14
6 557
6 16
6 273
6 530
6 21
6 22
6 23
6 24
6 27
6 29
6 645
6 32
6 33
6 34
6 37
6 38
6 551
6 41
6 45
6 46
6 47
6 53
6 311
6 56
6 316
6 522
6 565
6 64
6 66
6 68
6 69
6 70
6 72
6 73
6 55
6 76
6 333
6 269
6 80
6 81
6 83
6 84
6 87
6 612
6 92
6 94
6 272
6 98
6 356
6 110
6 369
6 114
6 373
6 268
6 121
6 380
6 524
6 132
6 133
6 449
6 584
6 280
6 661
6 409
6 154
6 411
6 525
6 157
6 163
6 164
6 421
6 169
6 626
6 430
6 175
6 433
6 442
6 187
6 192
6 288
6 194
6 195
6 452
6 453
6 289
6 714
6 324
6 208
6 465
6 724
6 462
6 420
6 732
6 737
6 226
6 234
6 497
6 595
7 8
7 9
7 12
7 269
7 14
7 15
7 16
7 17
7 18
7 19
7 20
7 21
7 22
7 260
7 26
7 283
7 28
7 31
7 293
7 550
7 40
7 41
7 61
7 51
7 52
7 56
7 58
7 60
7 317
7 62
7 321
7 67
7 76
7 590
7 339
7 84
7 605
7 352
7 97
7 615
7 104
7 363
7 512
7 371
7 373
7 376
7 686
7 133
7 646
7 65
7 392
7 393
7 397
7 656
7 323
7 153
7 665
7 678
7 167
7 680
7 540
7 174
7 692
7 437
7 439
7 189
7 195
7 198
7 455
7 200
7 205
7 462
7 463
7 120
7 470
7 217
7 238
7 500
7 501
7 246
7 169
8 9
8 10
8 12
8 14
8 15
8 16
8 17
8 275
8 20
8 171
8 22
8 151
8 24
8 27
8 28
8 602
8 150
8 581
8 155
8 36
8 262
8 38
8 39
8 552
8 43
8 434
8 45
8 46
8 47
8 48
8 50
8 729
8 52
8 438
8 55
8 185
8 699
8 573
8 574
8 65
8 66
8 69
8 441
8 583
8 311
8 332
8 333
8 462
8 85
8 87
8 250
8 90
8 527
8 221
8 94
8 351
8 352
8 227
8 422
8 359
8 616
8 106
8 107
8 108
8 238
8 367
8 634
8 242
8 531
8 235
8 702
8 605
8 376
8 660
8 122
8 345
8 469
9 137
9 10
9 12
9 14
9 16
9 17
9 18
9 23
9 152
9 25
9 27
9 670
9 31
9 555
9 34
9 35
9 134
9 550
9 423
9 42
9 427
9 257
9 557
9 176
9 270
9 155
9 53
9 54
9 55
9 59
9 572
9 62
9 64
9 481
9 706
9 708
9 197
9 199
9 714
9 290
9 206
9 84
9 213
9 24
9 88
9 90
9 91
9 92
9 221
9 95
9 353
9 354
9 310
9 212
9 101
9 664
9 679
9 110
9 371
9 373
9 528
9 248
9 121
9 737
9 253
10 135
10 128
10 407
10 12
10 15
10 16
10 273
10 384
10 403
10 661
10 22
10 25
10 132
10 26
10 27
10 28
10 285
10 33
10 35
10 423
10 422
10 48
10 40
10 41
10 534
10 666
10 176
10 177
10 388
10 565
10 440
10 60
10 266
10 296
10 64
10 65
10 199
10 712
10 329
10 76
10 77
10 547
10 214
10 88
10 89
10 412
10 219
10 477
10 478
10 354
10 227
10 613
10 103
10 104
10 618
10 107
10 616
10 701
10 240
10 113
10 375
10 634
10 746
11 135
11 266
11 140
11 13
11 14
11 145
11 18
11 131
11 149
11 473
11 24
11 25
11 26
11 27
11 158
11 31
11 35
11 36
11 38
11 40
11 169
11 43
11 172
11 435
11 53
11 577
11 55
11 56
11 59
11 63
11 65
11 331
11 70
11 71
11 456
11 373
11 311
11 333
11 78
11 612
11 291
11 718
11 87
11 216
11 217
11 218
11 257
11 280
11 95
11 96
11 100
11 166
11 615
11 106
11 237
11 112
11 741
11 117
11 634
11 508
11 255
12 631
12 194
12 16
12 531
12 276
12 21
12 554
12 24
12 154
12 28
12 285
12 521
12 34
12 291
12 164
12 42
12 683
12 174
12 303
12 48
12 689
12 435
12 181
12 438
12 55
12 56
12 706
12 186
12 571
12 701
12 62
12 192
12 66
12 451
12 643
12 420
12 332
12 77
12 462
12 465
12 471
12 88
12 36
12 90
12 348
12 95
12 97
12 227
12 100
12 682
12 107
12 108
12 727
12 115
12 500
12 117
12 119
12 120
12 378
12 381
12 533
13 265
13 14
13 499
13 16
13 19
13 20
13 22
13 23
13 665
13 26
13 284
13 29
13 30
13 51
13 35
13 36
13 555
13 46
13 285
13 48
13 49
13 50
13 179
13 415
13 414
13 438
13 521
13 473
13 58
13 59
13 61
13 191
13 66
13 195
13 70
13 200
13 585
13 586
13 587
13 207
13 531
13 81
13 463
13 87
13 292
13 91
13 314
13 523
13 592
13 323
13 625
13 114
13 371
13 117
13 247
13 532
14 15
14 375
14 17
14 532
14 430
14 23
14 137
14 281
14 154
14 156
14 26
14 288
14 673
14 521
14 165
14 688
14 41
14 42
14 391
14 321
14 29
14 176
14 306
14 691
14 52
14 693
14 265
14 607
14 315
14 572
14 189
14 320
14 65
14 267
14 325
14 247
14 224
14 335
14 208
14 284
14 728
14 89
14 331
14 91
14 92
14 93
14 293
14 96
14 481
14 668
14 227
14 103
14 106
14 169
14 576
14 345
15 130
15 109
15 546
15 20
15 23
15 280
15 25
15 283
15 589
15 160
15 33
15 34
15 35
15 293
15 166
15 41
15 43
15 46
15 688
15 49
15 51
15 53
15 55
15 526
15 699
15 188
15 452
15 75
15 76
15 418
15 207
15 81
15 467
15 270
15 343
15 94
15 225
15 738
15 102
15 700
15 365
15 495
15 114
15 659
15 116
15 373
15 299
16 343
16 17
16 18
16 25
16 132
16 286
16 588
16 33
16 290
16 292
16 293
16 166
16 625
16 40
16 301
16 47
16 385
16 498
16 311
16 168
16 63
16 704
16 68
16 69
16 70
16 73
16 330
16 76
16 646
16 141
16 121
16 344
16 729
16 335
16 378
16 37
16 97
16 362
16 110
16 113
16 370
16 500
16 374
16 249
16 122
16 125
16 126
17 262
17 141
17 18
17 579
17 20
17 22
17 410
17 28
17 413
17 165
17 678
17 129
17 48
17 562
17 183
17 186
17 223
17 445
17 323
17 69
17 198
17 201
17 74
17 55
17 725
17 215
17 473
17 346
17 91
17 349
17 95
17 272
17 99
17 103
17 360
17 573
17 570
17 114
17 499
17 372
17 636
18 136
18 128
18 529
18 512
18 23
18 24
18 153
18 28
18 30
18 133
18 33
18 34
18 675
18 164
18 39
18 168
18 720
18 44
18 477
18 178
18 54
18 137
18 185
18 58
18 61
18 192
18 706
18 68
18 460
18 226
18 79
18 208
18 82
18 85
18 36
18 257
18 592
18 98
18 103
18 365
18 238
18 369
18 376
18 380
18 255
19 130
19 271
19 141
19 145
19 147
19 22
19 25
19 26
19 30
19 31
19 278
19 164
19 167
19 41
19 426
19 683
19 301
19 430
19 47
19 54
19 184
19 58
19 446
19 66
19 68
19 202
19 77
19 334
19 450
19 213
19 220
19 478
19 483
19 662
19 111
19 241
19 118
19 169
20 86
20 129
20 394
20 651
20 21
20 23
20 24
20 388
20 175
20 30
20 159
20 289
20 546
20 303
20 304
20 520
20 53
20 54
20 55
20 312
20 317
20 65
20 68
20 327
20 73
20 74
20 204
20 34
20 586
20 214
20 727
20 602
20 741
20 232
20 113
20 115
20 559
20 376
20 577
20 126
20 127
21 748
21 393
21 614
21 525
21 400
21 312
21 402
21 387
21 110
21 22
21 23
21 88
21 25
21 346
21 27
21 33
21 396
21 262
21 102
21 568
21 361
21 43
21 236
21 46
21 640
21 368
21 51
21 502
21 609
21 56
21 624
21 217
21 345
22 527
22 144
22 658
22 25
22 152
22 409
22 27
22 157
22 414
22 33
22 34
22 36
22 37
22 295
22 552
22 558
22 687
22 690
22 54
22 440
22 573
22 192
22 65
22 451
22 460
22 334
22 340
22 342
22 216
22 350
22 223
22 101
22 145
22 745
22 423
22 112
22 147
22 121
22 254
23 263
23 392
23 128
23 25
23 541
23 286
23 167
23 470
23 41
23 43
23 385
23 54
23 457
23 185
23 187
23 394
23 193
23 323
23 130
23 96
23 258
23 76
23 590
23 525
23 465
23 85
23 342
23 90
23 725
23 477
23 224
23 356
23 232
23 233
23 493
23 116
23 501
23 127
23 252
23 383
24 260
24 263
24 655
24 272
24 149
24 408
24 665
24 26
24 29
24 30
24 31
24 133
24 555
24 261
24 552
24 41
24 171
24 430
24 52
24 393
24 185
24 314
24 574
24 67
24 709
24 140
24 203
24 513
24 57
24 89
24 346
24 219
24 220
24 459
24 98
24 485
24 744
24 106
24 364
24 109
24 622
24 111
24 242
24 627
24 490
25 518
25 258
25 529
25 29
25 30
25 278
25 422
25 169
25 429
25 181
25 694
25 393
25 56
25 441
25 193
25 395
25 407
25 199
25 74
25 55
25 162
25 531
25 211
25 340
25 728
25 89
25 143
25 94
25 96
25 481
25 354
25 611
25 228
25 103
25 363
25 623
25 147
25 375
25 123
25 636
25 127
26 68
26 197
26 194
26 350
26 405
26 471
26 91
26 220
26 647
26 94
26 737
26 714
26 678
26 166
26 105
26 135
26 620
26 30
26 119
26 55
26 123
26 458
26 191
27 534
27 455
27 528
27 148
27 537
27 281
27 668
27 31
27 35
27 37
27 46
27 176
27 49
27 242
27 180
27 565
27 694
27 264
27 506
27 123
27 254
28 748
28 130
28 515
28 404
28 277
28 542
28 261
28 672
28 35
28 36
28 550
28 177
28 50
28 670
28 56
28 64
28 195
28 580
28 325
28 454
28 547
28 84
28 213
28 603
28 224
28 354
28 233
28 148
28 108
28 497
28 242
28 372
28 503
28 340
28 252
28 637
28 254
29 136
29 143
29 529
29 643
29 601
29 152
29 410
29 34
29 547
29 37
29 241
29 298
29 301
29 46
29 440
29 60
29 63
29 68
29 69
29 456
29 330
29 204
29 418
29 344
29 473
29 475
29 220
29 733
29 223
29 536
29 107
29 493
29 240
29 369
29 122
29 254
30 198
30 456
30 388
30 79
30 144
30 504
30 568
30 342
30 347
30 92
30 413
30 260
30 448
30 293
30 305
30 40
30 714
30 234
30 427
30 45
30 642
30 49
30 147
30 629
30 56
30 58
30 59
30 253
31 513
31 712
31 202
31 77
31 144
31 145
31 596
31 598
31 92
31 229
31 32
31 353
31 408
31 37
31 102
31 104
31 233
31 427
31 46
31 613
31 368
31 369
31 244
31 53
31 201
31 216
31 441
31 555
32 131
32 68
32 257
32 264
32 585
32 74
32 523
32 672
32 557
32 146
32 404
32 282
32 91
32 94
32 352
32 293
32 552
32 454
32 299
32 44
32 45
32 434
33 641
33 258
33 276
33 388
33 389
33 416
33 40
33 170
33 199
33 557
33 561
33 182
33 56
33 60
33 65
33 67
33 70
33 327
33 459
33 80
33 465
33 212
33 215
33 71
33 93
33 736
33 97
33 226
33 231
33 108
33 238
33 336
33 372
33 509
34 65
34 200
34 74
34 144
34 721
34 272
34 90
34 96
34 225
34 37
34 103
34 748
34 274
34 238
34 466
34 392
34 243
34 437
34 377
34 122
34 394
35 514
35 268
35 320
35 84
35 587
35 730
35 167
35 453
35 546
35 103
35 348
35 171
35 492
35 174
35 304
35 52
35 62
35 55
35 184
35 377
35 634
35 607
35 671
35 126
36 310
36 527
36 554
36 145
36 212
36 216
36 427
36 234
36 290
36 342
36 42
36 363
36 113
36 627
36 52
36 629
36 54
36 116
36 253
37 278
37 673
37 73
37 669
37 66
37 718
37 212
37 313
37 473
37 92
37 93
37 544
37 144
37 422
37 104
37 361
37 618
37 46
37 48
37 245
37 57
37 698
37 636
37 317
37 126
38 133
38 271
38 533
38 87
38 664
38 285
38 293
38 100
38 646
38 492
38 370
38 245
38 503
38 55
38 58
39 135
39 73
39 74
39 396
39 77
39 530
39 451
39 405
39 663
39 347
39 477
39 352
39 667
39 561
39 430
39 369
39 52
39 722
39 62
40 392
40 265
40 130
40 527
40 274
40 515
40 408
40 132
40 647
40 44
40 304
40 49
40 434
40 51
40 437
40 393
40 56
40 313
40 138
40 318
40 580
40 70
40 584
40 653
40 84
40 725
40 727
40 607
40 226
40 103
40 617
40 107
40 244
40 248
40 122
41 151
41 76
41 82
41 147
41 78
41 203
41 540
41 94
41 225
41 101
41 679
41 259
41 489
41 683
41 50
41 83
41 576
41 58
41 582
41 703
42 518
42 647
42 194
42 258
42 463
42 338
42 211
42 73
42 281
42 69
42 47
42 584
42 247
42 59
42 703
43 324
43 694
43 129
43 462
43 144
43 81
43 82
43 83
43 149
43 601
43 346
43 91
43 442
43 414
43 289
43 549
43 337
43 730
43 297
43 554
43 109
43 111
43 117
43 118
43 186
43 190
44 64
44 643
44 647
44 72
44 141
44 568
44 84
44 430
44 722
44 538
44 286
44 709
44 98
44 676
44 103
44 170
44 557
44 46
44 241
44 245
44 55
44 120
44 377
44 635
44 255
45 651
45 132
45 449
45 523
45 270
45 271
45 208
45 212
45 686
45 400
45 425
45 238
45 177
45 52
45 437
45 592
45 116
45 737
46 539
46 364
46 74
46 139
46 80
46 743
46 723
46 532
46 280
46 153
46 91
46 156
46 93
46 423
46 106
46 551
46 376
46 543
46 509
46 254
47 66
47 580
47 69
47 65
47 202
47 267
47 130
47 338
47 532
47 280
47 729
47 603
47 477
47 222
47 482
47 103
47 555
47 177
47 307
47 116
47 54
47 55
47 138
48 198
48 385
48 599
48 76
48 335
48 85
48 151
48 409
48 463
48 719
48 51
48 480
48 734
48 162
48 612
48 101
48 489
48 427
48 428
48 307
48 303
48 688
48 115
48 53
48 332
48 58
48 447
48 245
49 130
49 262
49 65
49 138
49 258
49 211
49 218
49 282
49 709
49 354
49 229
49 742
49 551
49 493
49 494
49 541
49 305
49 310
49 695
49 254
50 199
50 76
50 146
50 345
50 347
50 158
50 517
50 133
50 611
50 293
50 112
50 392
50 117
50 125
51 171
51 133
51 582
51 65
51 64
51 129
51 76
51 336
51 736
51 448
51 86
51 397
51 740
51 309
51 143
51 732
51 285
51 653
51 673
51 411
51 100
51 301
51 662
51 175
51 53
51 185
51 223
51 63
52 309
52 390
52 373
52 77
52 621
52 84
52 601
52 281
52 90
52 348
52 410
52 350
52 97
52 232
52 292
52 276
52 187
52 125
52 255
53 620
53 135
53 268
53 75
53 203
53 471
53 644
53 92
53 416
53 226
53 295
53 108
53 596
53 625
53 54
53 57
53 509
54 709
54 397
54 79
54 80
54 686
54 612
54 348
54 96
54 169
54 110
54 112
54 242
54 692
54 310
54 119
54 440
54 121
54 124
54 313
54 62
55 198
55 514
55 131
55 518
55 142
55 144
55 526
55 278
55 152
55 90
55 476
55 613
55 164
55 134
55 746
55 238
55 691
55 183
55 248
55 661
56 650
56 70
56 73
56 138
56 77
56 654
56 717
56 208
56 86
56 409
56 282
56 95
56 482
56 484
56 65
56 423
56 336
56 104
56 114
56 204
56 181
56 182
56 671
56 232
56 166
57 323
57 452
57 71
57 137
57 204
57 205
57 402
57 515
57 91
57 732
57 94
57 159
57 160
57 230
57 425
57 234
57 620
57 685
57 561
57 434
57 438
57 185
58 140
58 208
58 81
58 448
58 221
58 547
58 551
58 108
58 113
58 442
58 62
58 195
59 578
59 646
59 76
59 77
59 81
59 82
59 276
59 589
59 728
59 156
59 285
59 226
59 163
59 166
59 487
59 424
59 107
59 301
59 605
59 626
59 631
59 440
59 124
59 125
60 134
60 200
60 139
60 140
60 206
60 528
60 274
60 278
60 217
60 540
60 325
60 236
60 430
60 175
60 368
60 305
60 696
61 581
61 454
61 299
61 418
61 194
61 632
61 84
61 471
61 587
61 314
61 123
61 538
61 446
61 223
62 705
62 68
62 652
62 655
62 184
62 324
62 744
62 103
62 76
62 369
62 310
62 248
62 255
62 254
62 319
63 70
63 519
63 128
63 268
63 403
63 165
63 166
63 681
63 235
63 304
63 83
63 312
63 266
63 382
64 669
64 701
64 386
64 143
64 464
64 212
64 87
64 221
64 350
64 95
64 544
64 739
64 484
64 93
64 304
64 596
64 692
64 276
64 443
64 445
65 726
65 520
65 194
65 120
65 227
65 456
65 88
65 89
65 91
65 99
65 549
65 680
65 184
65 84
65 251
65 124
66 194
66 645
66 73
66 335
66 214
66 215
66 473
66 367
66 163
66 174
66 119
66 568
66 378
66 255
67 517
67 70
67 521
67 208
67 466
67 151
67 345
67 94
67 354
67 421
67 425
67 299
67 492
67 429
67 110
67 560
67 689
67 180
67 187
68 288
68 70
68 139
68 163
68 164
68 297
68 556
68 365
68 110
68 561
68 701
69 133
69 519
69 140
69 79
69 143
69 403
69 660
69 245
69 537
69 188
70 198
70 513
70 266
70 588
70 259
70 87
70 152
70 324
70 666
70 155
70 540
70 169
70 747
70 620
70 659
70 617
70 255
71 537
71 393
71 225
71 365
71 718
71 720
71 177
71 339
71 89
71 442
71 730
71 350
72 193
72 610
72 227
72 289
72 143
72 176
72 276
72 431
72 214
72 120
72 420
72 79
72 670
72 127
73 77
73 149
73 740
73 738
73 228
73 294
73 168
73 107
73 626
73 560
73 434
73 124
74 194
74 196
74 134
74 333
74 146
74 341
74 152
74 281
74 220
74 483
74 101
74 294
74 618
74 231
74 431
74 435
74 181
75 386
75 422
75 198
75 97
75 232
75 379
75 160
75 109
75 595
75 500
75 86
75 697
75 123
75 476
75 245
76 491
76 667
76 654
76 320
76 574
76 562
76 547
76 292
76 103
76 199
76 369
76 114
76 545
76 631
76 138
77 643
77 449
77 205
77 79
77 397
77 90
77 540
77 93
77 478
77 552
77 103
77 252
78 197
78 498
78 239
78 210
78 120
78 530
78 348
78 223
79 257
79 172
79 466
79 212
79 91
79 157
79 548
79 363
79 428
79 690
79 179
79 183
80 133
80 324
80 170
80 621
80 678
80 83
80 345
81 226
81 475
81 135
81 282
81 318
82 227
82 263
82 97
82 620
82 206
82 369
82 245
82 541
82 606
83 516
83 328
83 140
83 322
83 144
83 337
83 660
83 281
83 410
83 704
83 415
83 160
83 289
83 682
83 493
83 111
83 240
83 305
83 432
83 553
84 134
84 651
84 567
84 93
84 306
84 149
84 471
84 504
84 384
85 352
85 165
85 678
85 201
85 215
85 178
85 113
85 312
85 345
86 497
86 552
86 354
86 173
86 408
86 642
86 473
86 721
86 187
86 93
86 319
87 135
87 394
87 151
87 344
87 229
87 97
87 297
87 170
87 427
87 304
87 691
87 311
87 122
87 618
87 215
88 292
88 710
88 577
88 712
88 107
88 109
88 336
88 632
88 118
88 151
88 568
89 390
89 662
89 516
89 135
89 484
89 550
89 232
89 321
89 178
89 500
89 375
89 633
89 122
89 446
90 98
90 730
90 158
90 187
90 424
90 701
90 168
90 242
90 692
90 314
90 140
90 189
91 131
91 139
91 144
91 384
91 579
91 468
91 100
91 657
91 234
91 172
91 237
91 111
91 116
91 373
91 250
92 165
92 405
92 384
92 105
92 286
92 115
92 568
92 122
92 155
92 604
92 93
93 630
93 620
93 498
93 481
93 660
93 705
93 509
93 181
94 426
94 160
94 108
94 505
94 707
94 253
94 95
95 581
95 264
95 336
95 410
95 99
95 614
95 743
95 113
95 116
95 186
95 251
95 445
96 740
96 726
96 487
96 746
96 563
96 419
96 344
96 315
96 507
97 202
97 526
97 471
97 280
97 153
97 442
97 680
97 391
97 301
97 690
97 245
97 188
98 523
98 130
98 615
98 275
98 279
98 354
98 227
98 214
98 183
98 641
98 735
98 546
98 471
99 171
99 168
99 135
99 172
99 482
99 656
99 178
99 497
99 705
99 267
99 576
99 122
99 543
99 158
100 452
100 488
100 428
100 205
100 111
100 401
100 403
100 116
100 470
100 317
100 735
101 675
101 164
101 103
101 197
101 207
101 113
101 609
101 292
101 219
101 702
101 182
102 166
102 230
102 556
102 180
102 599
102 281
102 271
102 671
102 221
103 641
103 492
103 141
103 144
103 590
103 351
103 291
103 681
103 237
103 498
103 445
104 289
104 483
104 614
104 211
104 374
104 281
104 668
105 236
105 413
106 421
106 265
106 107
106 653
106 515
106 116
106 425
106 345
106 191
107 646
107 644
107 606
107 225
107 162
107 612
107 295
107 158
107 635
108 455
108 266
108 331
108 371
108 214
108 123
108 541
108 437
109 374
109 263
109 570
109 146
109 139
109 149
109 474
109 381
109 725
110 134
110 231
110 392
110 629
110 244
110 280
110 378
110 123
110 149
111 515
111 194
111 386
111 181
111 420
111 189
112 256
112 232
112 365
112 629
112 722
112 601
112 699
112 220
112 741
113 192
113 389
113 532
113 664
113 473
113 283
113 157
113 545
113 739
113 293
113 174
113 703
113 499
113 501
113 125
113 565
114 267
114 209
114 597
114 345
114 473
114 589
114 409
114 355
114 678
114 495
114 563
114 249
114 192
114 318
115 195
115 609
115 232
115 297
115 203
115 527
115 712
115 211
115 702
115 118
115 727
115 244
115 468
115 510
116 652
116 153
116 538
116 704
116 158
116 747
116 304
116 438
116 250
116 554
116 447
117 193
117 460
117 294
117 360
117 169
117 686
117 719
117 227
117 457
117 585
117 124
117 351
118 435
118 129
118 333
118 207
118 401
118 530
118 275
118 342
118 535
118 280
118 284
118 157
118 197
118 736
118 594
118 430
118 513
118 310
118 509
119 321
119 685
119 450
119 366
119 527
119 593
119 533
119 333
119 223
120 129
120 307
120 306
120 243
120 590
120 407
120 408
120 745
120 348
120 286
121 224
121 610
121 227
121 516
121 135
121 589
121 177
121 387
121 215
121 250
121 672
121 316
122 129
122 343
122 516
122 134
122 204
122 661
122 278
122 407
122 197
122 232
122 435
122 565
122 566
122 247
122 634
123 416
123 748
123 202
123 372
123 245
123 686
124 475
124 167
124 718
124 143
124 384
124 223
125 163
125 241
125 604
125 362
125 205
125 593
125 693
125 470
125 345
125 228
125 250
125 444
125 126
126 695
126 460
126 130
126 334
126 271
126 152
126 540
126 357
126 232
126 682
126 243
126 181
126 503
126 188
126 254
127 354
127 549
127 166
127 523
127 562
127 200
127 306
127 550
127 475
127 313
127 254
127 645
128 731
128 198
128 652
128 201
128 473
128 204
129 264
129 620
129 208
129 156
130 641
130 139
130 173
130 526
130 157
130 287
131 283
131 132
131 293
131 294
131 257
131 588
131 148
131 213
131 216
131 314
131 255
132 465
132 236
132 398
132 173
132 273
132 526
132 153
132 493
132 540
132 253
132 703
133 320
133 424
133 492
133 334
133 180
133 462
133 252
134 401
134 494
134 662
134 350
134 255
135 417
135 651
135 271
135 171
135 150
135 671
135 380
135 702
135 437
136 272
136 656
136 260
136 566
136 375
136 712
136 428
136 270
137 549
137 232
137 173
137 434
137 680
137 412
138 609
138 581
138 169
138 650
138 683
138 374
138 668
139 448
139 556
139 492
139 142
139 496
139 210
139 399
139 216
139 596
139 442
139 155
139 478
139 351
140 203
140 388
140 672
140 548
140 384
140 213
140 281
140 187
140 158
141 326
141 211
141 650
141 238
141 216
141 548
142 323
142 292
142 534
142 321
142 168
142 297
142 334
142 150
143 547
143 292
143 428
143 498
143 643
143 662
143 544
143 154
143 443
143 478
143 229
144 331
144 172
144 686
144 431
144 145
144 530
144 245
144 249
144 247
145 194
145 662
145 710
145 354
145 400
145 276
145 437
145 511
146 699
146 166
146 391
146 649
146 525
146 303
147 423
147 266
147 695
147 684
147 307
147 181
147 183
147 217
147 476
147 602
148 244
148 419
149 520
149 271
149 242
149 693
149 253
150 224
150 741
150 270
150 564
150 554
150 405
151 624
151 241
151 264
151 394
151 203
151 716
151 686
151 374
151 615
151 157
152 230
152 278
152 208
152 369
152 434
152 728
152 233
153 207
153 208
153 275
153 407
154 736
154 290
154 683
154 429
154 241
154 213
154 215
155 272
155 539
155 311
155 591
156 310
156 166
156 628
156 278
156 344
156 699
157 327
157 425
157 364
157 582
157 537
157 317
157 158
158 257
158 259
158 578
158 220
158 612
158 614
158 668
158 176
158 246
158 180
158 317
158 191
159 521
159 182
159 183
159 248
159 617
159 206
160 423
160 456
160 364
160 290
160 370
160 342
160 346
160 223
161 587
161 574
162 387
162 484
162 198
162 230
162 392
162 710
162 651
162 377
162 613
163 404
163 503
163 313
163 282
163 446
163 601
164 306
165 193
165 229
165 231
165 427
165 389
166 201
166 174
166 206
166 374
166 569
167 171
167 671
167 370
167 182
167 282
167 639
167 543
168 198
168 555
168 178
168 403
168 405
169 396
169 194
169 496
169 570
169 255
169 229
170 483
170 487
170 488
170 172
170 514
170 675
171 705
171 539
171 526
171 175
172 285
172 621
173 323
173 278
173 496
173 435
173 276
173 342
173 445
174 260
174 232
174 392
174 717
174 651
174 219
174 344
174 409
174 347
174 606
175 257
175 438
175 420
175 218
176 368
176 366
176 217
177 677
177 392
177 265
177 656
177 628
177 246
177 542
178 338
178 464
178 680
178 243
178 310
179 731
179 517
179 422
179 711
179 266
179 429
179 401
179 210
179 728
179 415
180 593
180 242
180 747
180 393
181 433
181 267
181 685
181 726
181 241
181 310
182 235
182 366
182 558
182 220
182 453
183 307
183 322
183 432
183 438
183 260
183 314
183 361
184 389
184 198
184 391
184 459
184 311
184 440
185 231
185 296
185 500
185 561
185 314
185 442
186 192
186 227
186 298
186 270
186 299
186 250
186 190
187 391
187 309
188 292
188 711
188 457
188 490
188 398
188 463
188 329
189 294
189 232
189 267
189 369
189 558
189 281
190 321
190 204
190 331
190 460
190 301
190 717
190 720
190 724
190 438
190 412
191 240
191 309
191 302
191 261
191 438
191 696
192 277
192 311
192 670
193 295
193 214
193 218
193 315
193 700
194 395
194 307
194 518
194 325
195 737
195 328
195 649
195 396
195 216
196 481
196 496
196 309
196 531
196 556
196 237
196 245
197 420
197 489
198 279
198 503
198 742
198 236
198 723
199 352
199 294
199 685
199 311
199 280
199 492
200 398
200 226
200 412
200 318
201 644
201 606
201 270
201 348
201 382
202 631
202 588
203 468
203 430
204 538
204 679
204 330
204 206
204 337
204 601
204 476
205 321
205 290
205 355
205 330
205 651
205 558
205 239
205 438
205 674
206 226
206 230
206 581
206 294
206 252
206 407
207 229
207 518
207 298
207 437
207 315
208 401
208 611
208 244
208 409
209 256
209 337
209 404
209 693
209 669
209 361
209 650
209 493
209 526
209 383
210 542
210 211
210 442
211 224
211 523
211 299
211 245
211 598
211 732
212 515
212 327
212 241
212 435
213 220
214 492
215 523
215 517
215 501
215 526
215 304
215 725
215 659
215 733
215 479
216 352
216 706
216 726
216 614
216 236
216 693
216 501
216 317
217 512
217 642
217 359
217 614
217 583
217 238
217 337
217 506
217 283
217 341
218 288
218 296
218 554
218 364
218 573
219 387
219 262
220 609
220 324
220 266
220 720
221 423
221 458
221 529
221 307
221 597
221 311
221 348
222 480
222 305
222 226
222 486
222 441
222 495
222 668
223 435
223 542
224 709
224 487
224 303
224 338
224 565
225 432
225 442
225 286
226 231
226 520
226 274
226 463
226 598
226 575
226 570
226 341
227 272
227 317
228 415
228 231
228 621
228 575
228 303
229 584
229 366
229 339
229 547
230 545
230 266
230 332
231 360
231 351
231 749
232 522
232 659
232 702
232 422
232 308
232 373
232 635
233 446
233 694
233 599
233 527
233 254
234 387
234 457
234 665
234 468
235 722
235 292
235 745
235 393
235 251
235 254
236 250
236 268
237 720
237 473
237 299
237 426
238 534
238 731
238 345
239 648
239 284
240 650
241 627
241 259
241 518
241 470
241 276
241 476
242 641
242 706
242 452
242 326
242 463
242 275
243 481
243 292
243 662
243 740
243 349
244 469
245 391
245 384
245 604
245 477
245 354
245 500
245 441
246 576
246 668
247 282
247 395
247 349
248 406
248 253
249 611
249 289
249 686
249 495
250 387
250 745
250 503
250 636
251 272
251 551
251 410
252 711
252 745
252 319
252 253
253 321
253 386
253 742
253 295
253 743
253 269
253 302
253 541
253 413
254 667
254 413
255 691
255 610
256 610
256 705
256 437
256 472
256 298
256 443
256 285
256 478
257 462
257 619
258 523
258 285
259 599
259 666
259 668
259 574
260 715
260 311
260 734
260 702
261 324
261 281
261 396
261 733
262 311
262 458
262 524
263 462
264 580
264 295
264 489
264 622
264 593
265 461
265 349
266 275
266 402
266 278
266 471
266 696
266 381
266 524
267 302
267 496
268 547
268 314
268 395
269 371
270 738
270 451
271 326
271 615
271 654
271 470
271 607
272 469
272 695
273 387
273 456
273 528
273 408
273 281
273 698
273 284
274 627
274 634
274 704
275 502
275 514
275 283
275 349
276 625
276 654
276 559
276 535
277 479
278 612
278 307
278 374
279 368
279 691
279 404
279 281
279 667
280 400
280 675
280 340
282 580
282 329
282 288
283 692
283 472
283 486
284 416
284 644
284 295
284 392
285 593
286 670
286 551
286 366
289 576
289 502
289 479
290 599
291 539
291 403
291 409
292 600
292 713
292 401
292 411
293 353
293 476
294 409
294 561
294 607
294 541
295 676
295 393
295 373
296 305
297 339
297 442
298 327
298 328
298 522
298 523
298 556
298 736
298 376
298 316
299 416
299 516
299 366
300 628
301 450
301 315
302 353
302 419
302 742
302 652
302 622
302 466
302 531
302 347
302 415
303 419
303 515
303 499
304 493
305 422
305 439
305 552
305 387
306 712
306 603
306 364
307 504
307 541
307 446
308 696
308 347
308 508
308 734
309 615
309 494
310 332
310 429
311 379
311 535
311 725
312 557
313 604
314 594
314 693
314 537
316 395
317 405
317 694
317 644
318 342
318 481
318 490
318 714
318 478
318 351
320 329
320 365
321 609
321 672
321 636
322 635
322 420
322 455
324 354
324 568
325 672
325 611
326 486
326 379
328 491
329 368
330 597
331 411
331 566
331 476
332 456
332 716
332 469
333 419
334 400
335 398
336 457
336 749
337 433
337 377
338 701
339 635
340 660
340 618
341 512
341 692
341 433
341 488
341 490
342 728
342 658
343 675
343 536
343 543
343 525
344 387
344 738
344 371
345 485
345 436
345 511
346 498
346 432
346 649
347 619
348 705
348 428
348 365
349 354
349 625
349 649
349 639
350 708
350 453
350 744
350 745
350 715
351 648
351 709
351 620
352 739
353 438
353 431
354 416
354 598
354 430
354 540
355 721
355 372
356 617
356 567
356 358
357 359
358 679
359 373
360 675
360 518
360 440
362 593
363 540
363 414
364 457
364 482
364 393
365 581
365 367
365 561
365 479
366 641
366 427
366 623
367 433
367 375
367 558
368 493
368 398
368 373
368 444
369 691
369 479
370 451
370 452
370 651
370 718
370 690
370 404
370 700
371 586
371 554
371 386
372 397
373 408
374 582
374 456
374 474
374 478
375 451
375 617
376 512
376 399
377 747
377 508
377 509
377 605
377 431
379 412
380 520
381 496
381 614
382 430
384 711
384 516
385 663
385 745
387 624
388 567
388 536
390 542
391 395
391 714
393 632
394 417
395 584
397 565
398 455
399 572
399 507
401 528
402 483
402 632
403 596
404 439
404 451
404 447
405 412
405 471
405 426
406 641
406 500
407 608
407 451
408 695
409 510
410 481
411 576
411 599
412 575
412 666
413 578
413 497
413 601
413 441
414 512
414 571
414 493
415 512
415 433
415 644
415 653
416 461
417 583
417 493
418 640
418 545
418 629
420 448
420 497
420 631
420 482
421 535
422 485
423 448
426 707
426 462
427 649
427 723
427 696
427 540
428 691
428 634
428 743
429 443
429 483
430 433
431 556
432 707
435 736
435 726
435 504
435 443
435 698
437 520
437 640
438 544
438 607
439 510
441 718
443 529
444 613
446 734
446 662
447 456
447 461
447 639
448 697
451 739
451 649
453 535
453 459
454 583
454 557
455 740
456 700
457 484
458 536
461 495
462 587
463 490
464 733
464 614
465 604
465 695
466 674
468 630
468 653
469 574
469 621
469 558
470 645
470 567
473 513
473 724
475 523
477 547
479 497
479 665
479 571
480 721
480 683
482 639
483 687
483 605
484 571
486 689
486 491
486 534
488 555
489 689
489 648
491 709
492 521
493 528
495 598
495 530
496 547
496 726
496 712
497 578
498 570
498 517
498 658
500 742
501 572
502 630
503 652
504 650
505 536
505 719
506 540
507 591
508 633
509 608
516 533
518 617
519 551
520 602
520 715
521 686
521 748
523 535
524 716
526 528
527 603
527 749
528 573
529 665
532 622
534 734
535 608
535 547
535 630
536 558
538 582
538 702
538 589
542 637
543 668
544 731
544 671
546 704
546 601
547 554
547 615
548 602
551 584
551 650
554 701
555 624
555 658
555 604
556 607
560 584
560 694
561 621
567 586
568 718
570 657
573 631
574 602
574 695
575 646
575 721
576 610
576 629
576 681
580 626
581 658
581 638
583 590
584 675
585 606
592 739
592 726
592 637
593 643
596 674
597 684
601 699
602 643
608 614
609 651
609 746
610 662
613 650
615 658
617 642
618 625
618 744
619 622
620 733
624 692
625 666
626 631
630 689
631 660
633 637
634 738
638 660
644 669
648 715
648 696
652 659
658 717
662 723
665 710
675 705
676 747
681 741
681 721
683 746
684 735
685 709
689 717
700 720
703 721
720 727
726 732
743 749
743 748
