0 1
0 2
0 3
0 4
0 5
0 6
0 7
0 8
0 9
0 10
0 11
0 12
0 13
0 14
0 15
0 16
0 17
0 18
0 19
0 20
0 21
0 22
0 23
0 24
0 25
0 26
0 27
0 28
0 29
0 30
0 31
0 32
0 33
0 34
0 35
0 36
0 37
0 38
0 39
0 40
0 41
0 42
0 43
0 44
0 45
0 46
0 47
0 48
0 49
0 50
0 51
0 52
0 53
0 54
0 55
0 56
0 57
0 58
0 59
0 60
0 61
0 62
0 63
0 64
0 65
0 66
0 67
0 68
0 69
0 70
0 71
0 72
0 73
0 74
0 75
0 76
0 77
0 78
0 79
0 80
0 81
0 82
0 83
0 84
0 86
0 87
0 88
0 89
0 90
0 91
0 92
0 93
0 94
0 95
0 96
0 97
0 98
0 99
0 101
0 103
0 104
0 105
0 106
0 107
0 108
0 109
0 110
0 112
0 113
0 114
0 115
0 116
0 118
0 119
0 120
0 121
0 122
0 123
0 124
0 125
0 126
0 128
0 129
0 130
0 131
0 132
0 133
0 134
0 135
0 136
0 137
0 138
0 139
0 140
0 141
0 142
0 143
0 146
0 147
0 148
0 149
0 151
0 152
0 153
0 154
0 155
0 158
0 159
0 160
0 161
0 162
0 164
0 165
0 166
0 167
0 168
0 170
0 172
0 175
0 176
0 177
0 178
0 179
0 182
0 183
0 184
0 185
0 188
0 190
0 192
0 194
0 195
0 196
0 197
0 199
0 205
0 207
0 209
0 210
0 212
0 213
0 214
0 216
0 217
0 219
0 221
0 223
0 224
0 225
0 226
0 227
0 232
0 233
0 239
0 242
0 243
0 245
0 247
0 253
0 255
0 256
0 259
0 260
0 264
0 265
0 267
0 268
0 269
0 270
0 274
0 276
0 277
0 282
0 284
0 285
0 287
0 288
0 289
0 291
0 292
0 304
0 307
0 309
0 311
0 312
0 316
0 317
0 320
0 324
0 332
0 335
0 337
0 341
0 342
0 343
0 344
0 348
0 349
0 354
0 357
0 359
0 361
0 364
0 366
0 367
0 369
0 370
0 372
0 377
0 378
0 379
0 380
0 384
0 391
0 392
0 395
0 396
0 398
0 399
0 400
0 402
0 407
0 408
0 409
0 413
0 414
0 417
0 419
0 423
0 426
0 429
0 430
0 431
0 434
0 436
0 437
0 438
0 439
0 440
0 442
0 446
0 447
0 449
0 454
0 455
0 456
0 457
0 458
0 463
0 466
0 472
0 475
0 483
0 486
0 487
0 490
0 493
1 2
1 3
1 4
1 5
1 6
1 7
1 8
1 9
1 10
1 11
1 12
1 13
1 14
1 15
1 16
1 17
1 18
1 19
1 20
1 21
1 22
1 23
1 24
1 25
1 26
1 27
1 28
1 29
1 30
1 31
1 32
1 33
1 34
1 35
1 36
1 37
1 38
1 39
1 40
1 41
1 42
1 43
1 44
1 45
1 46
1 47
1 48
1 49
1 50
1 51
1 52
1 53
1 54
1 55
1 56
1 57
1 58
1 59
1 60
1 62
1 63
1 64
1 66
1 67
1 69
1 70
1 71
1 73
1 74
1 77
1 78
1 79
1 80
1 81
1 82
1 83
1 84
1 85
1 86
1 87
1 88
1 93
1 96
1 97
1 99
1 103
1 104
1 105
1 107
1 108
1 109
1 111
1 113
1 114
1 115
1 116
1 117
1 119
1 124
1 127
1 129
1 132
1 133
1 134
1 137
1 138
1 139
1 141
1 142
1 145
1 148
1 151
1 156
1 159
1 162
1 164
1 170
1 171
1 176
1 179
1 181
1 183
1 186
1 187
1 188
1 191
1 200
1 201
1 203
1 205
1 207
1 208
1 211
1 214
1 223
1 225
1 226
1 227
1 230
1 233
1 241
1 247
1 256
1 257
1 259
1 260
1 261
1 262
1 263
1 267
1 268
1 269
1 272
1 277
1 279
1 283
1 288
1 291
1 292
1 296
1 297
1 298
1 302
1 303
1 310
1 311
1 313
1 314
1 318
1 319
1 325
1 326
1 339
1 340
1 342
1 343
1 346
1 353
1 354
1 355
1 358
1 360
1 368
1 373
1 377
1 386
1 388
1 393
1 400
1 403
1 404
1 407
1 408
1 416
1 417
1 418
1 425
1 433
1 435
1 443
1 446
1 456
1 457
1 458
1 460
1 475
1 476
1 477
1 478
1 481
1 487
1 493
1 494
2 3
2 4
2 5
2 6
2 7
2 8
2 9
2 10
2 11
2 12
2 13
2 14
2 15
2 16
2 17
2 18
2 19
2 20
2 21
2 22
2 23
2 24
2 25
2 26
2 27
2 28
2 29
2 30
2 31
2 288
2 33
2 34
2 35
2 36
2 37
2 38
2 39
2 40
2 41
2 42
2 43
2 44
2 45
2 46
2 47
2 304
2 50
2 51
2 308
2 53
2 54
2 55
2 56
2 57
2 314
2 315
2 62
2 63
2 64
2 65
2 66
2 67
2 68
2 69
2 70
2 71
2 465
2 268
2 74
2 76
2 77
2 78
2 79
2 337
2 82
2 83
2 84
2 398
2 342
2 343
2 90
2 271
2 442
2 94
2 351
2 98
2 102
2 104
2 363
2 108
2 112
2 287
2 403
2 275
2 378
2 124
2 125
2 126
2 432
2 129
2 130
2 131
2 132
2 134
2 392
2 260
2 142
2 143
2 461
2 146
2 147
2 406
2 152
2 154
2 156
2 410
2 414
2 159
2 474
2 162
2 347
2 164
2 421
2 423
2 168
2 412
2 455
2 285
2 176
2 456
2 371
2 186
2 187
2 445
2 354
2 196
2 197
2 199
2 200
2 332
2 202
2 322
2 290
2 467
2 333
2 209
2 210
2 453
2 215
2 216
2 292
2 218
2 335
2 360
2 222
2 223
2 481
2 229
2 307
2 479
2 239
2 241
2 242
2 339
2 247
2 249
2 250
2 251
2 499
3 4
3 5
3 6
3 7
3 8
3 9
3 10
3 11
3 12
3 13
3 14
3 15
3 16
3 17
3 18
3 19
3 20
3 21
3 22
3 23
3 280
3 25
3 26
3 27
3 284
3 29
3 31
3 393
3 33
3 34
3 35
3 37
3 38
3 39
3 40
3 42
3 43
3 257
3 46
3 47
3 49
3 50
3 51
3 308
3 53
3 55
3 57
3 314
3 59
3 60
3 63
3 302
3 65
3 67
3 324
3 325
3 327
3 331
3 76
3 78
3 79
3 340
3 87
3 93
3 95
3 353
3 354
3 99
3 103
3 104
3 106
3 360
3 114
3 275
3 372
3 375
3 276
3 123
3 380
3 126
3 135
3 136
3 137
3 143
3 144
3 145
3 148
3 150
3 151
3 408
3 153
3 413
3 158
3 285
3 433
3 179
3 457
3 184
3 313
3 475
3 455
3 200
3 201
3 290
3 208
3 291
3 216
3 218
3 219
3 293
3 224
3 228
3 230
3 487
3 232
3 236
3 240
3 499
3 332
3 251
3 255
4 5
4 6
4 7
4 8
4 9
4 10
4 11
4 12
4 13
4 14
4 15
4 16
4 17
4 18
4 19
4 20
4 21
4 22
4 26
4 346
4 286
4 32
4 33
4 486
4 37
4 38
4 295
4 296
4 42
4 44
4 46
4 47
4 49
4 50
4 52
4 54
4 57
4 314
4 59
4 266
4 437
4 64
4 66
4 67
4 70
4 327
4 258
4 76
4 386
4 336
4 87
4 88
4 90
4 92
4 357
4 96
4 97
4 99
4 356
4 293
4 103
4 105
4 108
4 109
4 110
4 275
4 116
4 373
4 120
4 122
4 124
4 381
4 127
4 384
4 129
4 130
4 131
4 277
4 422
4 138
4 139
4 143
4 403
4 404
4 405
4 151
4 408
4 409
4 416
4 420
4 166
4 167
4 425
4 175
4 176
4 181
4 183
4 442
4 187
4 188
4 189
4 190
4 262
4 454
4 199
4 457
4 204
4 461
4 208
4 210
4 211
4 214
4 215
4 475
4 476
4 223
4 480
4 226
4 228
4 294
4 230
4 231
4 380
4 234
4 235
4 236
4 289
4 238
4 498
4 243
4 264
5 6
5 7
5 8
5 9
5 10
5 11
5 12
5 13
5 14
5 15
5 16
5 17
5 18
5 19
5 20
5 21
5 22
5 23
5 24
5 25
5 26
5 283
5 30
5 32
5 33
5 35
5 39
5 40
5 41
5 43
5 44
5 304
5 49
5 51
5 52
5 53
5 56
5 317
5 62
5 63
5 67
5 69
5 71
5 328
5 258
5 76
5 79
5 84
5 270
5 347
5 92
5 93
5 95
5 100
5 101
5 362
5 363
5 110
5 111
5 368
5 370
5 372
5 318
5 120
5 123
5 125
5 384
5 449
5 136
5 140
5 143
5 146
5 148
5 149
5 281
5 408
5 156
5 282
5 414
5 160
5 423
5 424
5 425
5 171
5 428
5 435
5 187
5 74
5 192
5 193
5 196
5 201
5 459
5 461
5 207
5 465
5 213
5 473
5 477
5 224
5 229
5 489
5 234
5 295
5 239
5 240
5 243
5 256
5 253
5 254
6 7
6 8
6 9
6 10
6 11
6 12
6 13
6 14
6 15
6 16
6 17
6 276
6 21
6 22
6 279
6 25
6 26
6 27
6 29
6 31
6 33
6 34
6 36
6 295
6 296
6 45
6 53
6 62
6 65
6 325
6 327
6 330
6 76
6 333
6 78
6 79
6 80
6 339
6 340
6 341
6 87
6 88
6 89
6 271
6 348
6 349
6 94
6 354
6 99
6 356
6 359
6 105
6 106
6 367
6 113
6 117
6 121
6 125
6 127
6 139
6 142
6 399
6 144
6 403
6 406
6 408
6 155
6 69
6 161
6 163
6 165
6 71
6 430
6 175
6 432
6 179
6 180
6 440
6 189
6 194
6 451
6 453
6 460
6 461
6 208
6 210
6 213
6 218
6 336
6 226
6 234
6 237
6 245
6 253
7 8
7 9
7 10
7 11
7 12
7 13
7 14
7 45
7 17
7 18
7 19
7 20
7 22
7 23
7 24
7 25
7 283
7 31
7 33
7 91
7 36
7 37
7 39
7 297
7 301
7 259
7 303
7 49
7 51
7 54
7 312
7 315
7 60
7 266
7 320
7 325
7 74
7 331
7 77
7 335
7 336
7 81
7 86
7 344
7 345
7 90
7 347
7 350
7 100
7 273
7 360
7 105
7 109
7 113
7 370
7 116
7 373
7 119
7 121
7 126
7 138
7 400
7 146
7 147
7 151
7 153
7 427
7 431
7 435
7 441
7 446
7 448
7 193
7 194
7 75
7 201
7 207
7 471
7 292
7 226
7 231
7 356
7 239
7 240
7 498
7 246
7 247
7 281
8 9
8 10
8 11
8 12
8 13
8 399
8 179
8 17
8 18
8 19
8 20
8 405
8 22
8 23
8 152
8 132
8 26
8 27
8 28
8 29
8 286
8 31
8 32
8 33
8 37
8 38
8 39
8 41
8 44
8 45
8 174
8 175
8 48
8 306
8 51
8 53
8 182
8 312
8 57
8 159
8 188
8 266
8 394
8 432
8 195
8 325
8 70
8 200
8 332
8 74
8 76
8 354
8 79
8 82
8 84
8 303
8 441
8 89
8 384
8 222
8 293
8 400
8 330
8 358
8 242
8 423
8 451
8 114
8 258
8 244
8 446
8 169
8 153
8 404
8 396
8 125
9 259
9 10
9 11
9 12
9 175
9 14
9 15
9 401
9 17
9 18
9 19
9 148
9 21
9 409
9 24
9 388
9 27
9 29
9 159
9 33
9 411
9 37
9 38
9 295
9 41
9 42
9 44
9 173
9 46
9 47
9 305
9 52
9 54
9 55
9 440
9 62
9 191
9 448
9 65
9 182
9 140
9 74
9 204
9 78
9 338
9 215
9 493
9 92
9 280
9 224
9 225
9 358
9 103
9 104
9 234
9 359
9 466
9 112
9 319
9 114
9 374
9 247
9 122
9 251
9 125
9 277
10 11
10 12
10 13
10 14
10 15
10 16
10 17
10 275
10 25
10 179
10 28
10 29
10 287
10 32
10 33
10 418
10 243
10 198
10 422
10 433
10 389
10 169
10 178
10 307
10 392
10 50
10 51
10 137
10 56
10 57
10 314
10 64
10 265
10 139
10 70
10 256
10 73
10 258
10 403
10 141
10 464
10 184
10 84
10 301
10 185
10 90
10 93
10 94
10 96
10 97
10 98
10 489
10 484
10 101
10 231
10 105
10 323
10 108
10 370
10 110
10 111
10 424
10 242
10 115
10 244
10 247
10 460
11 139
11 12
11 13
11 143
11 144
11 18
11 259
11 494
11 23
11 30
11 287
11 416
11 33
11 35
11 167
11 41
11 44
11 321
11 431
11 48
11 172
11 310
11 265
11 58
11 59
11 192
11 190
11 64
11 193
11 68
11 197
11 331
11 76
11 205
11 462
11 227
11 272
11 214
11 88
11 97
11 98
11 99
11 357
11 487
11 234
11 483
11 365
11 110
11 239
11 116
11 254
11 169
11 125
11 126
11 469
12 15
12 17
12 20
12 414
12 23
12 24
12 25
12 30
12 32
12 33
12 291
12 164
12 390
12 38
12 40
12 44
12 151
12 47
12 53
12 300
12 188
12 61
12 309
12 64
12 322
12 195
12 452
12 72
12 457
12 439
12 77
12 78
12 210
12 345
12 348
12 481
12 483
12 230
12 360
12 112
12 498
12 383
12 244
12 245
12 119
12 148
12 319
12 255
13 393
13 130
13 15
13 17
13 18
13 20
13 150
13 235
13 25
13 410
13 283
13 156
13 133
13 32
13 161
13 35
13 36
13 38
13 129
13 45
13 47
13 307
13 184
13 317
13 62
13 452
13 325
13 33
13 73
13 420
13 333
13 206
13 269
13 80
13 81
13 82
13 237
13 85
13 214
13 88
13 217
13 220
13 95
13 100
13 233
13 107
13 109
13 112
13 113
13 246
13 375
13 379
13 381
14 136
14 396
14 130
14 15
14 16
14 17
14 19
14 20
14 406
14 151
14 24
14 26
14 154
14 415
14 35
14 36
14 38
14 41
14 42
14 172
14 45
14 53
14 438
14 312
14 314
14 266
14 451
14 196
14 202
14 78
14 82
14 99
14 85
14 86
14 473
14 353
14 227
14 494
14 368
14 241
14 400
14 372
14 374
15 429
15 259
15 405
15 279
15 478
15 25
15 154
15 412
15 410
15 32
15 34
15 134
15 296
15 44
15 242
15 176
15 435
15 52
15 53
15 55
15 312
15 441
15 58
15 59
15 64
15 194
15 323
15 69
15 199
15 258
15 418
15 335
15 208
15 99
15 213
15 214
15 343
15 217
15 493
15 93
15 222
15 353
15 227
15 228
15 231
15 232
15 105
15 109
15 112
15 241
15 114
15 118
15 443
15 255
16 129
16 136
16 128
16 17
16 18
16 275
16 279
16 25
16 27
16 28
16 31
16 288
16 34
16 35
16 165
16 41
16 42
16 171
16 48
16 179
16 53
16 201
16 57
16 445
16 319
16 448
16 388
16 67
16 324
16 69
16 72
16 73
16 75
16 335
16 82
16 469
16 343
16 219
16 476
16 349
16 362
16 492
16 237
16 112
16 244
16 247
16 281
17 19
17 148
17 22
17 25
17 24
17 153
17 287
17 34
17 35
17 37
17 38
17 424
17 43
17 172
17 429
17 46
17 48
17 181
17 184
17 57
17 347
17 191
17 194
17 69
17 199
17 201
17 75
17 204
17 207
17 208
17 81
17 163
17 185
17 91
17 93
17 95
17 224
17 144
17 165
17 103
17 232
17 235
17 365
17 375
17 123
18 145
18 20
18 21
18 25
18 281
18 26
18 284
18 157
18 133
18 32
18 33
18 198
18 422
18 39
18 412
18 304
18 435
18 308
18 132
18 313
18 317
18 63
18 441
18 450
18 70
18 330
18 79
18 338
18 83
18 84
18 470
18 343
18 346
18 353
18 106
18 107
18 492
18 238
18 368
18 369
18 117
18 247
18 124
18 362
19 258
19 25
19 156
19 29
19 419
19 37
19 294
19 44
19 431
19 48
19 52
19 54
19 441
19 60
19 317
19 322
19 256
19 194
19 457
19 203
19 141
19 210
19 35
19 214
19 79
19 220
19 94
19 38
19 230
19 109
19 114
19 371
19 122
19 251
20 109
20 81
20 67
20 148
20 21
20 86
20 345
20 89
20 175
20 29
20 222
20 287
20 34
20 99
20 36
20 38
20 209
20 196
20 78
20 45
20 302
20 47
20 50
20 247
20 249
20 58
20 379
20 317
20 277
21 270
21 387
21 25
21 154
21 27
21 410
21 30
21 33
21 163
21 38
21 170
21 44
21 413
21 53
21 54
21 185
21 58
21 190
21 328
21 332
21 211
21 89
21 91
21 92
21 221
21 94
21 355
21 101
21 487
21 240
21 370
21 119
21 120
21 122
21 126
22 343
22 396
22 131
22 155
22 32
22 291
22 36
22 294
22 41
22 135
22 45
22 49
22 179
22 437
22 372
22 58
22 59
22 316
22 330
22 63
22 65
22 66
22 197
22 71
22 74
22 334
22 336
22 209
22 35
22 85
22 214
22 87
22 88
22 464
22 419
22 109
22 111
22 244
22 297
22 122
22 255
23 262
23 47
23 271
23 403
23 46
23 24
23 26
23 27
23 30
23 33
23 162
23 39
23 41
23 298
23 174
23 303
23 51
23 310
23 62
23 193
23 452
23 112
23 464
23 209
23 82
23 85
23 87
23 89
23 223
23 96
23 98
23 105
23 240
23 372
23 247
23 121
24 131
24 136
24 215
24 269
24 320
24 402
24 26
24 30
24 31
24 43
24 159
24 50
24 52
24 53
24 311
24 187
24 444
24 189
24 63
24 64
24 322
24 68
24 325
24 70
24 200
24 467
24 87
24 489
24 100
24 102
24 233
24 109
24 110
24 370
24 247
25 260
25 137
25 406
25 26
25 29
25 286
25 34
25 35
25 390
25 295
25 44
25 174
25 305
25 179
25 53
25 190
25 117
25 69
25 70
25 201
25 330
25 211
25 348
25 226
25 108
25 366
25 496
25 62
25 268
25 430
25 121
25 250
25 252
25 127
26 201
26 439
26 211
26 196
26 88
26 89
26 90
26 495
26 218
26 280
26 198
26 225
26 99
26 37
26 102
26 44
26 45
26 174
26 47
26 433
26 306
26 414
26 498
26 247
26 120
26 308
26 251
26 252
26 318
26 341
27 389
27 226
27 142
27 397
27 312
27 159
27 463
27 411
27 149
27 93
27 31
27 480
27 161
27 34
27 37
27 102
27 465
27 104
27 298
27 108
27 210
27 46
27 303
27 176
27 136
27 52
27 118
27 134
27 56
27 313
27 123
27 126
27 85
28 131
28 75
28 332
28 34
28 386
28 280
28 82
28 284
28 216
28 282
28 411
28 92
28 221
28 223
28 162
28 36
28 38
28 168
28 41
28 236
28 61
28 264
28 435
28 180
28 374
28 395
28 378
28 202
29 326
29 391
29 369
29 146
29 220
29 354
29 35
29 420
29 262
29 39
29 40
29 64
29 298
29 299
29 108
29 110
29 296
29 181
29 41
29 56
30 387
30 353
30 265
30 128
30 207
30 81
30 338
30 339
30 406
30 153
30 384
30 156
30 69
30 97
30 35
30 356
30 421
30 168
30 45
30 111
30 305
30 245
30 118
30 249
30 217
30 151
30 61
30 382
30 63
31 197
31 265
31 192
31 141
31 142
31 79
31 82
31 348
31 357
31 97
31 293
31 104
31 205
31 234
31 43
31 44
31 385
31 305
31 51
31 54
31 442
31 188
31 126
31 63
32 195
32 134
32 257
32 158
32 77
32 141
32 355
32 212
32 85
32 89
32 156
32 157
32 94
32 485
32 160
32 336
32 290
32 99
32 448
32 38
32 424
32 404
32 365
32 303
32 50
32 179
32 117
32 183
32 184
32 313
32 367
33 131
33 149
33 230
33 164
33 293
33 470
33 170
33 391
33 45
33 175
33 432
33 53
33 439
33 60
33 138
33 327
33 328
33 201
33 258
33 340
33 86
33 87
33 92
33 95
33 101
33 358
33 445
33 147
33 126
33 254
33 277
34 196
34 129
34 204
34 490
34 210
34 67
34 341
34 234
34 90
34 158
34 95
34 193
34 97
34 418
34 390
34 294
34 145
34 232
34 161
34 42
34 46
34 240
34 49
34 369
34 243
34 170
34 376
34 185
34 106
35 73
35 207
35 142
35 234
35 461
35 156
35 96
35 226
35 36
35 178
35 372
35 106
35 352
35 45
35 47
35 240
35 113
35 50
35 285
35 393
35 413
35 121
35 221
35 125
36 150
36 134
36 138
36 203
36 204
36 66
36 81
36 453
36 302
36 185
36 472
36 79
36 285
36 341
36 496
36 164
36 465
36 169
36 42
36 45
36 174
36 48
36 385
36 498
36 180
36 212
36 311
36 440
36 121
36 415
36 191
37 65
37 143
37 464
37 196
37 89
37 287
37 416
37 98
37 292
37 102
37 423
37 173
37 451
37 304
37 52
37 56
37 125
38 66
38 472
38 217
38 163
38 233
38 323
38 44
38 147
38 180
38 245
38 310
38 73
38 56
38 244
38 59
38 322
39 140
39 400
39 405
39 155
39 261
39 165
39 294
39 40
39 159
39 48
39 264
39 50
39 52
39 310
39 287
39 193
39 69
39 200
39 329
39 460
39 463
39 81
39 212
39 215
39 475
39 348
39 96
39 225
39 98
39 484
39 337
39 239
39 368
39 121
40 132
40 71
40 138
40 81
40 431
40 86
40 219
40 285
40 133
40 354
40 379
40 425
40 240
40 287
40 51
40 118
40 378
40 187
40 253
41 75
41 279
41 64
41 395
41 109
41 83
41 468
41 341
41 217
41 94
41 131
41 43
41 44
41 45
41 46
41 111
41 245
41 54
41 73
42 261
42 87
42 76
42 99
42 469
42 151
42 220
42 415
42 288
42 227
42 487
42 106
42 235
42 52
42 254
42 438
42 393
42 313
42 58
42 126
43 334
43 80
43 146
43 195
43 151
43 153
43 218
43 155
43 69
43 337
43 106
43 56
43 89
43 233
43 184
43 185
43 58
44 203
44 493
44 272
44 274
44 278
44 281
44 143
44 417
44 162
44 165
44 360
44 466
44 48
44 392
44 211
44 415
44 73
44 436
44 319
44 60
44 247
45 137
45 454
45 268
45 78
45 143
45 217
45 89
45 476
45 218
45 94
45 70
45 97
45 289
45 305
45 434
45 247
45 62
45 149
46 279
46 138
46 151
46 76
46 397
46 79
46 323
46 84
46 487
46 214
46 260
46 410
46 161
46 102
46 231
46 295
46 110
46 243
46 121
46 58
46 60
46 458
46 62
47 71
47 328
47 207
47 146
47 83
47 212
47 474
47 159
47 148
47 485
47 227
47 237
47 226
47 53
47 190
48 453
48 129
48 128
48 76
48 418
48 283
48 413
48 160
48 336
48 162
48 64
48 189
48 498
48 275
48 138
48 74
48 191
49 136
49 76
49 204
49 209
49 84
49 68
49 411
49 228
49 101
49 232
49 170
49 112
49 50
49 184
50 113
50 160
50 322
50 275
50 149
50 87
50 161
50 404
50 302
50 111
50 434
50 55
50 56
50 377
50 125
51 388
51 137
51 267
51 322
51 402
51 131
51 468
51 133
51 419
51 169
51 300
51 72
51 53
51 425
51 74
52 194
52 332
52 83
52 493
52 307
52 438
52 248
52 122
52 60
52 298
53 132
53 289
53 137
53 75
53 141
53 209
53 147
53 89
53 90
53 91
53 154
53 197
53 164
53 401
53 451
53 208
53 302
53 200
53 221
53 268
53 184
53 351
53 460
53 371
54 261
54 136
54 75
54 320
54 471
54 95
54 416
54 97
54 483
54 166
54 104
54 175
54 179
54 60
55 71
55 64
55 76
55 194
55 141
55 384
55 339
55 84
55 93
55 224
55 360
55 233
55 491
55 109
55 112
55 371
55 183
55 60
55 62
56 260
56 64
56 66
56 83
56 150
56 479
56 352
56 484
56 107
56 236
56 176
56 241
57 197
57 71
57 307
57 194
57 215
57 92
57 162
57 355
57 230
57 64
57 369
57 128
57 244
57 377
57 58
57 330
57 447
58 79
58 281
58 346
58 91
58 284
58 93
58 230
58 169
58 499
58 440
58 251
58 63
59 71
59 73
59 266
59 141
59 78
59 143
59 209
59 394
59 216
59 92
59 157
59 411
59 228
59 166
59 103
59 113
59 498
59 137
59 315
59 317
59 62
59 63
60 197
60 263
60 203
60 192
60 335
60 93
60 236
60 369
60 120
60 185
60 63
60 191
61 353
61 103
61 489
61 138
61 461
61 79
61 113
61 381
61 181
61 246
61 247
61 170
61 190
61 319
62 193
62 194
62 144
62 152
62 303
62 159
62 354
62 379
62 100
62 165
62 104
62 172
62 111
62 241
62 435
63 128
63 81
63 82
63 151
63 90
63 92
63 230
63 359
63 494
63 111
63 244
63 183
63 312
63 126
64 72
64 66
64 80
64 83
64 377
64 157
64 351
64 226
64 485
64 403
64 179
64 117
64 442
64 380
64 192
65 388
65 136
65 75
65 66
65 81
65 427
65 259
65 279
65 90
65 156
65 282
65 229
65 124
65 171
65 180
65 316
66 69
66 457
66 206
66 208
66 120
66 148
66 277
66 278
66 473
66 224
66 353
66 354
66 483
66 358
66 359
66 104
66 425
66 491
67 402
67 211
67 150
67 410
67 350
67 163
67 292
67 294
67 231
67 170
67 498
67 111
67 369
67 434
67 84
67 126
67 191
68 352
68 233
68 108
68 206
68 304
68 174
68 249
68 412
68 285
68 88
68 319
69 260
69 71
69 394
69 256
69 141
69 95
69 225
69 327
69 101
69 421
69 179
69 180
69 249
69 252
70 293
70 433
70 72
70 416
70 448
70 281
70 266
70 476
70 125
70 104
70 159
71 343
71 270
71 352
71 211
71 277
71 151
71 281
71 150
71 96
71 443
71 390
71 359
71 235
71 236
71 246
72 195
72 407
72 296
72 172
72 395
72 142
72 271
72 497
72 150
72 343
72 88
73 135
73 137
73 331
73 80
73 85
73 214
73 216
73 208
73 94
73 96
73 305
73 487
73 110
73 303
73 238
73 436
73 120
74 462
74 399
74 272
74 276
74 91
74 224
74 97
74 162
74 475
74 167
74 80
74 174
75 450
75 143
75 467
75 84
75 85
75 152
75 217
75 104
75 106
75 114
75 175
75 178
75 169
75 148
76 327
76 300
76 236
76 350
76 247
77 227
77 228
77 423
77 270
77 183
77 284
77 413
78 138
78 209
78 278
78 158
78 415
78 163
78 296
78 242
78 244
78 373
78 119
78 314
78 266
78 191
79 132
79 458
79 151
79 90
79 349
79 222
79 224
79 112
79 247
80 229
80 97
80 206
80 173
80 116
80 157
80 126
80 95
81 106
81 352
81 301
81 246
81 84
81 90
81 380
81 154
82 460
82 405
82 88
82 93
82 94
82 161
82 231
82 115
82 117
82 248
82 122
82 123
83 438
83 390
83 369
83 240
83 168
83 275
83 86
83 439
83 276
83 123
83 188
84 113
84 335
84 310
84 499
84 85
84 118
84 494
84 181
85 395
85 299
85 379
85 108
85 147
85 309
85 316
85 387
85 95
86 259
86 390
86 166
86 193
86 142
86 271
86 272
86 264
86 88
86 255
86 211
87 203
87 370
87 142
87 493
87 373
87 219
87 412
88 129
88 140
88 276
88 412
88 157
88 96
88 169
88 238
88 115
88 437
88 246
89 321
89 363
89 108
89 397
89 256
89 347
89 93
89 95
89 97
89 167
89 426
89 172
89 249
89 479
90 136
90 305
90 110
90 206
90 351
90 119
90 217
90 91
91 423
91 102
91 171
91 237
91 175
91 240
91 372
91 202
91 281
91 92
92 192
92 97
92 272
92 340
92 472
92 443
92 144
92 108
92 191
92 303
92 116
92 137
92 127
93 260
93 267
93 269
93 256
93 341
93 439
93 349
93 224
93 114
94 459
94 322
94 238
94 182
94 218
94 188
94 285
94 213
95 260
95 105
95 427
95 201
95 251
96 261
96 454
96 290
96 205
96 209
96 402
96 490
96 351
96 98
96 453
96 110
96 307
96 376
96 330
97 366
97 221
97 495
97 441
97 120
97 186
97 298
98 490
98 353
98 274
98 321
98 335
98 167
98 149
98 124
98 106
98 373
99 348
99 332
99 252
100 128
100 161
100 489
100 438
100 372
100 369
100 340
100 118
100 249
100 121
100 317
101 227
101 103
101 424
101 297
101 208
101 242
101 184
101 445
102 260
102 168
102 412
102 298
102 301
102 424
102 113
102 291
102 308
102 286
102 312
102 126
102 165
103 258
103 261
103 129
103 459
103 140
103 207
103 468
103 355
103 232
103 135
103 242
103 119
103 124
103 445
104 257
104 264
104 170
104 338
104 190
104 299
104 491
105 491
105 160
105 159
105 402
105 400
105 352
105 114
105 128
105 132
105 378
105 127
105 266
106 421
106 243
106 137
106 322
106 365
106 359
106 245
106 311
106 441
106 252
107 480
107 349
107 220
107 253
108 198
108 220
108 224
108 307
108 399
108 146
108 258
108 429
109 198
109 136
109 343
109 399
109 220
109 356
109 497
109 488
109 391
109 385
109 369
109 438
109 311
109 186
109 123
109 382
109 255
110 291
110 323
110 151
110 124
111 262
111 357
111 470
111 419
111 417
111 177
111 425
111 223
111 443
111 158
112 224
112 139
112 358
112 237
112 269
112 120
112 319
113 326
113 457
113 234
113 135
113 300
113 404
113 278
113 225
113 244
114 354
114 385
114 136
114 203
114 152
114 250
114 254
115 261
115 166
115 396
115 266
116 267
116 261
116 212
116 184
116 164
116 125
117 193
117 174
117 276
117 247
117 154
118 129
118 327
118 143
118 177
118 211
118 417
118 216
118 420
118 188
118 221
119 171
119 391
119 389
119 134
119 483
119 152
119 147
119 120
119 220
119 382
120 203
120 198
120 136
120 138
120 139
120 395
120 433
120 212
120 297
120 350
121 460
122 291
122 261
122 266
122 459
122 212
122 378
122 126
123 167
123 200
123 395
123 142
123 246
123 282
124 459
124 392
124 288
124 279
124 409
125 258
125 432
125 134
126 130
126 357
126 421
126 433
126 441
126 415
126 446
127 418
127 138
127 295
127 361
128 322
128 358
128 136
128 212
128 185
128 184
129 197
129 262
129 135
129 256
129 144
129 398
129 132
129 288
129 356
129 172
129 495
130 195
130 389
130 198
130 487
130 397
130 164
130 445
131 298
131 493
131 219
131 223
132 164
132 293
132 230
132 167
132 176
132 439
132 154
132 347
133 161
133 491
133 488
133 480
133 188
133 383
134 251
134 151
134 395
134 450
134 177
134 210
134 339
134 184
134 377
134 188
134 287
135 166
135 407
135 224
135 398
135 336
135 320
135 211
135 212
135 480
135 169
135 156
135 253
135 159
136 194
136 396
136 397
136 408
136 156
136 224
136 233
136 494
136 375
137 163
137 195
137 395
137 141
137 182
137 183
137 453
138 181
138 458
138 495
138 179
138 212
138 310
138 480
138 382
139 226
139 389
139 296
139 140
139 205
139 269
139 383
140 226
140 175
140 401
140 275
140 279
140 185
140 412
140 165
141 477
142 420
142 219
142 381
142 157
143 214
143 489
143 175
143 237
144 384
144 295
144 284
144 195
144 180
144 212
144 444
145 165
145 433
145 394
145 387
145 159
146 258
146 335
146 181
146 357
147 164
147 447
147 320
148 225
148 394
148 163
148 310
148 355
148 155
148 239
149 224
149 272
149 404
149 375
149 447
150 258
150 295
150 270
150 333
150 308
150 252
151 276
151 324
151 354
151 321
151 237
151 239
151 334
152 311
152 267
152 263
152 168
152 394
152 176
152 213
152 320
152 490
153 234
153 492
153 341
153 379
153 437
154 293
154 241
154 373
154 497
154 452
155 480
156 388
156 487
156 394
156 296
156 478
156 395
157 499
158 366
158 401
158 489
158 226
159 424
159 434
159 284
159 183
160 266
160 234
160 173
161 256
161 299
161 167
161 262
161 472
161 182
161 354
161 254
161 166
162 261
162 499
162 339
162 480
162 251
162 189
162 377
163 320
164 226
164 353
164 433
164 265
165 259
165 206
165 239
165 291
165 245
166 372
166 213
166 343
166 388
166 357
167 441
167 302
167 242
167 196
167 380
167 377
168 408
168 266
168 221
168 447
169 224
169 306
169 212
169 243
169 287
170 226
170 205
170 385
170 306
170 466
170 346
170 200
171 210
171 212
171 381
171 290
171 231
172 322
172 180
173 320
173 183
173 233
173 428
174 213
174 422
174 273
174 217
174 348
174 346
174 318
175 225
175 497
175 179
175 346
175 446
175 447
176 195
176 497
176 462
177 230
177 211
177 238
177 285
177 206
178 224
178 196
178 454
178 438
178 228
179 262
179 201
179 285
179 300
179 368
179 361
179 184
180 227
180 366
180 210
180 408
180 473
181 203
181 367
181 473
181 420
181 283
181 189
182 211
182 302
182 328
182 298
182 483
183 281
184 327
184 487
184 240
184 342
184 372
185 227
185 325
185 489
185 403
185 344
185 254
186 325
186 473
186 233
186 218
186 297
186 254
187 256
187 363
187 205
187 200
187 438
187 249
187 255
188 354
188 483
188 199
188 428
188 458
188 486
188 242
188 356
188 474
189 214
189 401
189 252
189 431
190 399
190 478
191 480
191 389
191 225
192 416
193 257
194 480
194 198
194 348
194 478
194 433
194 252
194 255
195 199
195 210
195 474
196 357
196 465
196 216
196 452
197 292
197 206
198 440
198 377
200 328
200 292
200 232
201 263
201 275
201 369
201 207
201 403
202 305
202 268
202 221
202 206
203 474
204 293
205 219
205 447
205 456
205 465
205 400
205 432
205 373
205 344
206 227
206 402
206 261
207 454
207 492
207 431
207 281
207 363
208 498
208 406
209 246
209 225
209 423
209 221
210 280
210 377
211 486
211 261
211 359
211 485
212 268
212 378
212 214
213 305
213 274
213 216
213 223
214 290
214 387
214 407
214 297
215 389
215 235
215 463
215 272
215 241
215 311
216 422
216 307
217 412
218 354
218 460
218 236
219 280
219 473
220 399
220 316
220 413
220 478
221 400
221 279
222 480
222 273
222 291
222 294
222 439
223 360
223 241
223 274
224 353
224 370
224 374
226 421
226 333
226 238
226 298
227 419
227 488
227 350
228 459
228 433
228 332
228 270
229 432
229 374
230 274
231 263
231 303
231 336
231 323
231 244
231 340
232 256
232 268
232 401
232 372
232 404
233 268
234 357
234 428
234 258
234 323
234 341
234 283
235 327
235 355
235 298
235 443
235 411
236 392
236 314
237 459
237 363
237 276
237 377
238 328
238 437
239 482
239 301
240 471
241 257
241 312
241 244
241 251
242 383
243 422
243 454
243 381
244 358
244 402
245 455
246 279
246 330
247 279
247 327
248 403
249 401
249 477
249 353
250 256
250 313
251 274
251 350
252 416
252 329
252 451
252 317
253 352
253 275
253 441
254 326
254 376
254 454
255 393
256 469
257 364
257 398
258 430
259 470
259 469
260 326
260 477
261 357
262 322
262 335
262 433
262 338
262 346
263 457
264 480
264 339
264 269
264 483
265 328
265 268
266 366
267 279
267 348
267 272
268 409
268 336
268 348
269 404
269 293
269 478
270 274
270 282
270 330
272 496
272 444
273 347
273 310
274 320
275 320
275 355
275 304
276 337
276 280
277 295
277 333
278 480
278 346
279 352
279 418
279 398
279 377
281 435
282 331
282 347
282 493
283 406
284 440
284 298
285 358
285 336
286 288
287 361
288 438
288 344
289 357
290 379
290 495
291 327
291 431
292 330
292 490
293 480
293 370
294 382
294 420
294 378
295 424
295 459
295 373
295 408
296 483
296 472
297 401
298 453
298 353
299 363
299 429
300 311
301 371
301 499
302 456
302 426
303 304
304 417
306 386
306 323
307 356
308 444
309 490
311 361
311 459
311 442
312 354
312 334
312 355
312 398
312 315
313 408
316 329
316 347
317 483
317 489
317 342
318 416
318 332
319 494
319 425
319 344
320 422
320 382
321 375
321 373
321 328
322 366
324 432
325 326
326 456
327 377
329 387
330 359
330 369
331 470
332 394
333 410
333 398
335 342
336 410
337 417
337 496
337 381
337 430
337 477
338 360
338 406
339 496
340 407
341 382
341 383
342 370
343 404
344 389
347 422
348 384
348 418
349 482
351 395
352 475
355 416
356 480
356 437
356 411
358 362
358 414
359 425
359 362
365 448
365 412
368 453
369 418
370 383
373 430
374 496
374 409
374 485
375 434
377 427
378 490
378 409
378 442
379 407
381 415
381 473
382 472
383 450
383 469
385 476
386 422
387 447
387 414
388 415
390 446
392 433
393 463
396 479
397 492
398 491
399 493
405 458
408 427
408 496
410 498
410 438
411 427
411 467
412 481
418 450
421 436
426 460
427 432
427 445
430 478
430 437
431 460
436 452
436 489
436 491
441 481
442 496
442 453
442 460
447 483
455 458
460 479
471 497
471 486
493 498
