0 1
0 2
0 3
0 4
0 5
0 6
0 7
0 8
0 9
0 10
0 11
0 12
0 13
0 14
0 15
0 16
0 17
0 18
0 19
0 20
0 21
0 22
0 23
0 24
0 25
0 26
0 27
0 28
0 29
0 30
0 31
0 32
0 33
0 34
0 35
0 36
0 37
0 38
0 39
0 40
0 41
0 42
0 43
0 44
0 45
0 46
0 47
0 48
0 49
0 50
0 51
0 52
0 53
0 54
0 55
0 56
0 57
0 58
0 59
0 60
0 61
0 62
0 63
0 64
0 65
0 66
0 67
0 68
0 69
0 70
0 71
0 72
0 73
0 74
0 75
0 76
0 77
0 78
0 79
0 80
0 81
0 82
0 83
0 84
0 85
0 86
0 87
0 88
0 89
0 90
0 91
0 92
0 93
0 94
0 95
0 96
0 97
0 100
0 101
0 102
0 103
0 104
0 105
0 106
0 107
0 108
0 109
0 110
0 111
0 112
0 113
0 114
0 115
0 116
0 118
0 119
0 120
0 121
0 122
0 123
0 124
0 126
0 127
0 129
0 131
0 132
0 134
0 136
0 137
0 138
0 139
0 140
0 142
0 146
0 148
0 149
0 150
0 154
0 155
0 156
0 157
0 159
0 161
0 162
0 164
0 165
0 166
0 168
0 169
0 170
0 171
0 173
0 174
0 175
0 176
0 177
0 178
0 180
0 182
0 183
0 184
0 186
0 187
0 188
0 190
0 191
0 192
0 195
0 199
0 202
0 204
0 205
0 206
0 207
0 208
0 211
0 214
0 215
0 217
0 218
0 220
0 222
0 224
0 227
0 230
0 231
0 232
0 233
0 235
0 236
0 237
0 240
0 241
0 242
0 243
0 248
0 249
0 250
0 255
0 256
0 257
0 258
0 260
0 263
0 266
0 267
0 269
0 273
0 274
0 276
0 277
0 280
0 281
0 283
0 285
0 293
0 294
0 295
0 296
0 302
0 303
0 304
0 307
0 308
0 309
0 312
0 315
0 319
0 320
0 321
0 322
0 328
0 330
0 338
0 340
0 341
0 343
0 344
0 345
0 347
0 348
0 350
0 352
0 353
0 354
0 355
0 358
0 359
0 362
0 364
0 368
0 369
0 376
0 381
0 388
0 394
0 398
1 2
1 3
1 4
1 5
1 6
1 7
1 8
1 9
1 10
1 11
1 12
1 13
1 14
1 15
1 16
1 17
1 18
1 19
1 20
1 21
1 22
1 23
1 24
1 25
1 26
1 27
1 28
1 29
1 30
1 31
1 32
1 33
1 34
1 35
1 36
1 37
1 38
1 39
1 40
1 41
1 42
1 43
1 44
1 45
1 46
1 47
1 48
1 49
1 51
1 52
1 53
1 54
1 55
1 56
1 58
1 59
1 60
1 61
1 62
1 64
1 65
1 66
1 67
1 68
1 69
1 70
1 71
1 76
1 77
1 78
1 79
1 80
1 81
1 82
1 85
1 86
1 87
1 88
1 89
1 93
1 94
1 95
1 96
1 97
1 99
1 100
1 103
1 105
1 108
1 110
1 111
1 112
1 113
1 114
1 116
1 118
1 119
1 122
1 126
1 127
1 128
1 129
1 130
1 133
1 134
1 135
1 137
1 139
1 141
1 142
1 143
1 145
1 146
1 148
1 153
1 156
1 157
1 163
1 164
1 165
1 168
1 172
1 175
1 177
1 179
1 185
1 186
1 187
1 189
1 206
1 207
1 210
1 211
1 212
1 216
1 220
1 223
1 226
1 229
1 232
1 234
1 241
1 245
1 248
1 251
1 255
1 261
1 267
1 275
1 280
1 285
1 286
1 287
1 295
1 298
1 299
1 300
1 306
1 311
1 314
1 315
1 316
1 324
1 328
1 329
1 330
1 333
1 334
1 335
1 346
1 351
1 355
1 361
1 367
1 368
1 370
1 374
1 375
1 376
1 377
1 381
1 384
1 389
1 391
2 258
2 3
2 4
2 5
2 6
2 7
2 8
2 9
2 10
2 11
2 12
2 13
2 14
2 15
2 16
2 17
2 18
2 19
2 20
2 21
2 22
2 23
2 24
2 25
2 26
2 27
2 28
2 29
2 30
2 31
2 32
2 33
2 290
2 35
2 36
2 37
2 38
2 305
2 41
2 42
2 43
2 257
2 45
2 46
2 47
2 48
2 49
2 50
2 51
2 52
2 53
2 54
2 55
2 312
2 308
2 59
2 61
2 62
2 65
2 67
2 68
2 70
2 71
2 275
2 73
2 330
2 75
2 77
2 79
2 81
2 82
2 83
2 84
2 284
2 88
2 89
2 91
2 92
2 93
2 350
2 96
2 97
2 396
2 358
2 360
2 106
2 107
2 274
2 113
2 114
2 115
2 372
2 373
2 268
2 377
2 378
2 123
2 380
2 362
2 277
2 385
2 131
2 134
2 137
2 395
2 140
2 397
2 144
2 303
2 146
2 147
2 148
2 149
2 150
2 151
2 363
2 156
2 157
2 160
2 165
2 167
2 169
2 338
2 174
2 328
2 184
2 186
2 188
2 189
2 190
2 194
2 195
2 198
2 289
2 200
2 208
2 210
2 212
2 217
2 331
2 219
2 293
2 323
2 344
2 379
2 337
2 234
2 235
2 237
2 238
2 240
2 242
2 244
2 246
2 297
3 259
3 4
3 5
3 6
3 7
3 8
3 9
3 10
3 11
3 12
3 13
3 14
3 15
3 16
3 17
3 18
3 19
3 20
3 21
3 22
3 23
3 24
3 25
3 26
3 27
3 28
3 29
3 30
3 31
3 32
3 33
3 34
3 35
3 36
3 37
3 39
3 41
3 42
3 43
3 44
3 45
3 46
3 47
3 392
3 51
3 52
3 261
3 55
3 56
3 313
3 58
3 59
3 61
3 62
3 63
3 322
3 67
3 70
3 256
3 328
3 73
3 74
3 76
3 269
3 80
3 82
3 83
3 340
3 270
3 343
3 344
3 89
3 90
3 91
3 92
3 93
3 350
3 351
3 96
3 97
3 98
3 101
3 358
3 103
3 104
3 105
3 108
3 274
3 367
3 368
3 360
3 374
3 121
3 381
3 299
3 357
3 134
3 136
3 137
3 141
3 142
3 145
3 146
3 147
3 152
3 301
3 161
3 283
3 164
3 166
3 167
3 168
3 169
3 170
3 174
3 285
3 177
3 180
3 364
3 187
3 193
3 195
3 390
3 303
3 348
3 218
3 335
3 257
3 223
3 226
3 229
3 231
3 238
3 242
3 244
3 382
3 246
3 300
3 252
4 5
4 6
4 7
4 8
4 9
4 10
4 11
4 12
4 13
4 14
4 15
4 16
4 17
4 18
4 19
4 20
4 21
4 22
4 24
4 25
4 26
4 27
4 28
4 29
4 30
4 31
4 32
4 33
4 34
4 291
4 36
4 37
4 38
4 305
4 40
4 42
4 43
4 44
4 45
4 46
4 47
4 49
4 50
4 54
4 393
4 56
4 59
4 60
4 61
4 63
4 64
4 343
4 67
4 324
4 70
4 327
4 73
4 74
4 75
4 76
4 268
4 80
4 81
4 85
4 87
4 93
4 95
4 353
4 99
4 101
4 104
4 274
4 115
4 117
4 118
4 376
4 121
4 124
4 131
4 388
4 278
4 137
4 138
4 395
4 148
4 150
4 151
4 155
4 283
4 165
4 172
4 287
4 178
4 187
4 188
4 191
4 196
4 202
4 204
4 207
4 211
4 217
4 222
4 293
4 229
4 230
4 236
4 243
4 246
4 298
4 264
5 261
5 6
5 7
5 8
5 9
5 10
5 11
5 12
5 13
5 14
5 15
5 16
5 18
5 19
5 20
5 22
5 23
5 24
5 26
5 28
5 31
5 32
5 290
5 36
5 293
5 38
5 39
5 297
5 46
5 47
5 52
5 53
5 54
5 55
5 308
5 58
5 315
5 60
5 62
5 63
5 321
5 69
5 326
5 73
5 258
5 75
5 319
5 78
5 79
5 80
5 81
5 82
5 84
5 85
5 86
5 89
5 90
5 97
5 100
5 106
5 107
5 111
5 113
5 114
5 121
5 123
5 380
5 362
5 129
5 386
5 131
5 133
5 392
5 138
5 395
5 141
5 144
5 150
5 152
5 154
5 363
5 159
5 389
5 284
5 170
5 172
5 176
5 182
5 189
5 195
5 200
5 202
5 203
5 204
5 206
5 207
5 294
5 217
5 223
5 226
5 229
5 233
5 234
5 236
5 338
6 7
6 8
6 9
6 10
6 11
6 12
6 13
6 14
6 15
6 16
6 17
6 18
6 20
6 21
6 22
6 23
6 24
6 25
6 283
6 30
6 31
6 33
6 294
6 297
6 44
6 46
6 48
6 305
6 50
6 308
6 310
6 52
6 60
6 62
6 319
6 65
6 322
6 267
6 360
6 71
6 72
6 330
6 76
6 79
6 81
6 82
6 339
6 86
6 95
6 97
6 98
6 102
6 104
6 113
6 114
6 124
6 128
6 131
6 321
6 138
6 149
6 154
6 155
6 164
6 171
6 178
6 179
6 183
6 185
6 187
6 196
6 200
6 211
6 213
6 214
6 219
6 223
6 226
6 232
6 380
6 242
6 245
6 249
6 253
7 8
7 9
7 10
7 11
7 12
7 13
7 14
7 15
7 16
7 17
7 274
7 19
7 20
7 21
7 22
7 23
7 24
7 25
7 26
7 27
7 28
7 29
7 30
7 31
7 33
7 34
7 347
7 37
7 38
7 295
7 40
7 41
7 43
7 46
7 48
7 50
7 52
7 56
7 58
7 60
7 61
7 65
7 66
7 67
7 68
7 325
7 70
7 72
7 268
7 74
7 76
7 386
7 79
7 80
7 86
7 88
7 89
7 91
7 95
7 98
7 357
7 259
7 105
7 106
7 109
7 126
7 127
7 130
7 141
7 269
7 153
7 155
7 163
7 170
7 171
7 304
7 177
7 180
7 184
7 186
7 296
7 190
7 191
7 199
7 225
7 229
7 234
7 235
7 241
7 253
8 9
8 10
8 11
8 12
8 13
8 14
8 15
8 17
8 18
8 19
8 20
8 21
8 22
8 23
8 25
8 28
8 286
8 33
8 34
8 35
8 36
8 37
8 38
8 39
8 41
8 42
8 301
8 49
8 50
8 51
8 53
8 55
8 316
8 317
8 62
8 64
8 65
8 66
8 69
8 72
8 74
8 80
8 82
8 89
8 95
8 98
8 100
8 104
8 105
8 106
8 107
8 111
8 117
8 375
8 121
8 383
8 260
8 392
8 139
8 398
8 143
8 152
8 153
8 159
8 160
8 162
8 163
8 165
8 166
8 169
8 171
8 172
8 330
8 262
8 290
8 208
8 209
8 217
8 295
8 243
8 246
8 248
9 172
9 128
9 11
9 12
9 141
9 14
9 17
9 18
9 22
9 23
9 24
9 25
9 154
9 27
9 28
9 303
9 30
9 31
9 32
9 33
9 163
9 166
9 296
9 42
9 44
9 47
9 48
9 49
9 51
9 158
9 54
9 300
9 313
9 60
9 62
9 63
9 65
9 68
9 182
9 161
9 268
9 258
9 76
9 77
9 397
9 83
9 84
9 214
9 215
9 152
9 91
9 96
9 228
9 294
9 358
9 231
9 362
9 108
9 111
9 113
9 364
9 118
9 375
9 248
9 340
9 380
9 381
10 11
10 12
10 13
10 14
10 15
10 17
10 18
10 19
10 21
10 22
10 25
10 26
10 283
10 30
10 289
10 34
10 35
10 36
10 37
10 294
10 39
10 40
10 42
10 301
10 46
10 48
10 264
10 306
10 55
10 60
10 63
10 64
10 258
10 325
10 326
10 256
10 73
10 330
10 77
10 397
10 82
10 270
10 88
10 356
10 90
10 92
10 302
10 97
10 100
10 101
10 362
10 107
10 113
10 371
10 385
10 395
10 141
10 144
10 282
10 159
10 160
10 161
10 163
10 164
10 70
10 170
10 173
10 174
10 175
10 115
10 286
10 198
10 213
10 219
10 226
10 234
10 242
11 12
11 13
11 142
11 15
11 16
11 17
11 19
11 20
11 21
11 27
11 284
11 159
11 32
11 318
11 35
11 36
11 134
11 39
11 41
11 43
11 178
11 371
11 155
11 53
11 55
11 187
11 62
11 71
11 73
11 202
11 75
11 76
11 226
11 78
11 81
11 211
11 85
11 87
11 217
11 143
11 221
11 222
11 224
11 98
11 131
11 229
11 209
11 361
11 238
11 367
11 292
11 117
11 118
11 120
11 124
11 149
12 13
12 294
12 18
12 19
12 20
12 23
12 24
12 132
12 282
12 27
12 28
12 31
12 160
12 390
12 38
12 40
12 41
12 170
12 171
12 44
12 47
12 176
12 50
12 137
12 314
12 187
12 65
12 175
12 324
12 198
12 129
12 75
12 77
12 141
12 358
12 210
12 347
12 92
12 269
12 230
12 103
12 359
12 109
12 239
12 114
12 115
12 117
12 120
12 148
12 251
12 276
13 14
13 109
13 16
13 17
13 384
13 147
13 20
13 21
13 279
13 152
13 25
13 154
13 286
13 133
13 32
13 34
13 36
13 296
13 42
13 135
13 44
13 46
13 385
13 305
13 306
13 261
13 58
13 318
13 64
13 267
13 70
13 329
13 333
13 208
13 82
13 83
13 341
13 222
13 224
13 272
13 103
13 235
13 364
13 237
13 148
13 250
13 379
13 124
14 279
14 140
14 142
14 17
14 148
14 22
14 25
14 24
14 153
14 26
14 155
14 29
14 30
14 287
14 34
14 35
14 37
14 40
14 41
14 177
14 56
14 59
14 138
14 63
14 331
14 324
14 396
14 74
14 247
14 332
14 162
14 184
14 82
14 392
14 341
14 348
14 221
14 293
14 99
14 105
14 234
14 108
14 112
14 118
14 119
14 264
15 259
15 143
15 144
15 18
15 19
15 148
15 21
15 279
15 280
15 26
15 29
15 31
15 161
15 37
15 39
15 41
15 298
15 44
15 47
15 49
15 50
15 180
15 56
15 95
15 60
15 61
15 134
15 194
15 67
15 353
15 75
15 76
15 80
15 210
15 216
15 356
15 346
15 219
15 165
15 96
15 225
15 131
15 358
15 104
15 234
15 338
15 113
15 370
15 169
15 120
15 351
15 253
16 364
16 74
16 333
16 82
16 148
16 21
16 215
16 25
16 26
16 257
16 68
16 154
16 31
16 32
16 33
16 99
16 37
16 38
16 321
16 232
16 95
16 327
16 108
16 109
16 174
16 177
16 178
16 187
16 54
16 260
16 266
16 59
16 61
17 133
17 365
17 19
17 276
17 21
17 23
17 24
17 26
17 27
17 28
17 157
17 341
17 33
17 155
17 37
17 41
17 43
17 46
17 54
17 134
17 58
17 61
17 62
17 63
17 64
17 195
17 324
17 330
17 76
17 77
17 205
17 337
17 210
17 84
17 85
17 267
17 92
17 98
17 100
17 102
17 359
17 234
17 107
17 109
17 112
17 241
17 275
17 247
17 251
17 255
18 267
18 270
18 19
18 22
18 23
18 25
18 26
18 346
18 29
18 32
18 35
18 42
18 43
18 49
18 57
18 63
18 192
18 65
18 66
18 69
18 76
18 77
18 81
18 83
18 212
18 86
18 217
18 90
18 103
18 107
18 119
18 252
18 255
19 147
19 21
19 151
19 24
19 25
19 156
19 157
19 158
19 162
19 38
19 193
19 43
19 44
19 46
19 47
19 385
19 192
19 53
19 182
19 311
19 58
19 60
19 61
19 62
19 63
19 64
19 181
19 195
19 200
19 366
19 333
19 78
19 335
19 88
19 89
19 346
19 348
19 222
19 100
19 101
19 358
19 145
19 110
19 113
19 190
19 374
19 250
19 125
20 128
20 272
20 275
20 21
20 22
20 23
20 26
20 29
20 31
20 32
20 35
20 294
20 389
20 64
20 46
20 177
20 180
20 54
20 187
20 190
20 320
20 69
20 199
20 72
20 75
20 332
20 334
20 79
20 344
20 349
20 95
20 99
20 103
20 232
21 389
21 70
21 256
21 85
21 23
21 153
21 303
21 160
21 80
21 98
21 99
21 171
21 71
21 47
21 139
21 83
21 246
21 55
21 121
21 58
21 298
21 190
22 386
22 275
22 23
22 26
22 29
22 30
22 161
22 37
22 40
22 47
22 177
22 128
22 309
22 137
22 313
22 58
22 60
22 195
22 69
22 72
22 73
22 214
22 88
22 91
22 92
22 229
22 103
22 361
22 363
22 249
23 75
23 175
23 219
23 144
23 137
23 27
23 28
23 29
23 329
23 393
23 33
23 163
23 139
23 107
23 321
23 47
23 368
23 136
23 115
23 308
23 54
23 73
23 187
23 61
23 318
23 63
24 138
24 277
24 25
24 26
24 159
24 37
24 42
24 43
24 45
24 302
24 303
24 385
24 49
24 51
24 53
24 58
24 315
24 62
24 192
24 69
24 79
24 83
24 214
24 335
24 348
24 93
24 96
24 225
24 98
24 99
24 273
24 108
24 368
24 113
25 399
25 43
25 141
25 26
25 27
25 291
25 37
25 38
25 296
25 41
25 170
25 171
25 174
25 178
25 317
25 312
25 314
25 266
25 65
25 130
25 199
25 72
25 73
25 79
25 81
25 193
25 94
25 103
25 107
25 110
25 111
25 112
25 114
25 115
25 116
25 373
25 249
25 123
26 258
26 133
26 33
26 34
26 38
26 389
26 42
26 278
26 172
26 47
26 177
26 50
26 52
26 55
26 56
26 138
26 65
26 64
26 193
26 72
26 74
26 76
26 340
26 228
26 236
26 237
26 366
26 114
26 119
26 123
27 72
27 142
27 320
27 146
27 84
27 331
27 91
27 28
27 159
27 33
27 242
27 230
27 40
27 233
27 71
27 353
27 45
27 210
27 239
27 49
27 114
27 51
27 118
27 120
27 104
28 138
28 258
28 45
28 274
28 149
28 158
28 160
28 318
28 37
28 348
28 42
28 173
28 46
28 306
28 59
28 188
28 62
28 373
28 67
28 71
28 82
28 211
28 84
28 220
28 223
28 357
28 273
28 361
28 108
28 111
28 112
28 243
28 245
28 212
28 251
29 200
29 73
29 331
29 76
29 258
29 337
29 67
29 154
29 285
29 158
29 32
29 98
29 35
29 228
29 244
29 129
29 42
29 107
29 204
29 343
29 212
29 122
29 63
30 69
30 64
30 205
30 269
30 273
30 259
30 156
30 159
30 98
30 100
30 240
30 200
30 114
30 258
30 246
30 250
30 31
30 383
31 202
31 81
31 210
31 107
31 173
31 154
31 101
31 37
31 162
31 36
31 70
31 325
31 145
31 40
31 106
31 71
31 109
31 177
31 211
31 52
31 53
31 54
31 329
31 293
31 223
31 234
31 191
32 211
32 71
32 384
32 330
32 396
32 147
32 66
32 343
32 378
32 390
32 94
32 133
32 336
32 101
32 103
32 295
32 157
32 370
32 115
32 244
32 309
32 375
32 139
32 59
32 252
32 253
32 373
33 268
33 142
33 365
33 151
33 281
33 34
33 37
33 39
33 170
33 45
33 385
33 52
33 189
33 134
33 68
33 197
33 72
33 329
33 331
33 343
33 92
33 223
33 354
33 105
33 234
33 363
33 109
33 61
33 370
33 250
33 124
34 66
34 201
34 140
34 208
34 78
34 185
34 299
34 156
34 282
34 94
34 160
34 291
34 97
34 43
34 173
34 47
34 253
34 265
34 57
34 187
34 188
34 125
34 126
35 262
35 135
35 332
35 268
35 145
35 195
35 151
35 250
35 93
35 160
35 162
35 165
35 273
35 41
35 234
35 44
35 301
35 174
35 111
35 48
35 114
35 128
35 58
35 60
35 126
36 76
36 206
36 320
36 81
36 211
36 89
36 221
36 95
36 160
36 225
36 99
36 164
36 361
36 298
36 307
36 372
36 309
36 123
36 188
37 196
37 160
37 168
37 324
37 42
37 173
37 47
37 53
37 58
37 187
37 138
37 68
37 75
37 45
37 95
37 87
37 223
37 144
37 227
37 100
37 105
37 113
37 114
37 339
37 116
37 123
37 125
38 70
38 207
38 340
38 79
38 223
38 97
38 155
38 168
38 42
38 327
38 257
38 49
38 116
38 314
38 318
38 296
39 341
39 192
39 142
39 272
39 146
39 211
39 206
39 86
39 271
39 221
39 222
39 69
39 229
39 165
39 231
39 106
39 173
39 174
39 175
39 328
39 366
39 126
39 277
40 356
40 143
40 80
40 337
40 301
40 228
40 220
40 221
40 100
40 101
40 298
40 173
40 253
40 48
40 50
40 119
40 122
40 61
40 319
41 70
41 108
41 163
41 264
41 213
41 89
41 387
41 289
41 327
41 165
41 106
41 263
41 44
41 240
41 72
41 236
41 345
41 201
41 56
41 121
41 300
41 187
41 398
41 62
42 71
42 142
42 141
42 209
42 291
42 276
42 154
42 279
42 89
42 222
42 101
42 163
42 256
42 223
42 107
42 210
42 110
42 241
42 50
42 118
42 306
42 187
42 253
43 396
43 144
43 277
43 282
43 156
43 170
43 45
43 302
43 49
43 55
43 88
43 67
43 328
43 329
43 74
43 332
43 206
43 120
43 85
43 216
43 89
43 90
43 91
43 234
43 238
43 370
43 116
43 118
43 376
43 298
43 126
44 78
44 83
44 150
44 260
44 96
44 97
44 100
44 109
44 121
44 122
44 192
45 137
45 141
45 78
45 143
45 80
45 67
45 68
45 152
45 101
45 162
45 107
45 226
45 48
45 187
46 136
46 393
46 210
46 214
46 279
46 324
46 91
46 92
46 69
46 188
46 283
46 166
46 104
46 135
46 321
46 303
46 52
46 105
46 347
46 59
46 124
46 62
47 390
47 209
47 89
47 143
47 150
47 288
47 163
47 359
47 168
47 298
47 174
47 253
47 118
47 73
47 120
47 192
47 153
48 171
48 261
48 211
48 339
48 370
48 166
48 170
48 107
48 300
48 366
48 111
48 177
48 362
48 179
48 53
48 248
48 249
48 188
48 74
49 197
49 70
49 65
49 331
49 77
49 275
49 209
49 274
49 280
49 389
49 225
49 290
49 164
49 358
49 104
49 169
49 106
49 173
49 302
49 50
49 51
49 384
49 54
49 233
49 374
49 191
49 298
49 62
49 63
50 268
50 202
50 75
50 205
50 211
50 227
50 196
50 91
50 218
50 219
50 356
50 113
50 135
50 304
50 72
51 68
51 130
51 269
51 145
51 82
51 151
51 217
51 349
51 347
51 100
51 168
51 60
51 114
51 181
51 54
51 57
51 124
51 373
52 329
52 58
52 341
52 278
52 88
52 154
52 100
52 321
52 193
52 300
52 56
52 186
52 188
52 62
52 319
53 395
53 260
53 265
53 128
53 396
53 344
53 86
53 324
53 156
53 98
53 105
53 298
53 107
53 111
53 309
53 185
53 202
54 70
54 128
54 305
54 82
54 340
54 86
54 69
54 359
54 168
54 104
54 170
54 231
54 148
54 59
54 380
54 254
55 326
55 332
55 80
55 146
55 90
55 342
55 344
55 347
55 167
55 103
55 108
55 110
55 111
55 221
55 56
55 185
55 124
56 69
56 332
56 128
56 139
56 268
56 336
56 145
56 323
56 270
56 150
56 151
56 68
56 271
56 282
56 94
56 159
56 99
56 101
56 357
56 173
56 351
56 181
56 248
56 287
57 132
57 69
57 326
57 360
57 108
57 338
57 115
57 216
57 123
58 260
58 134
58 137
58 75
58 204
58 82
58 71
58 363
58 90
58 158
58 101
58 337
58 107
58 210
58 385
58 182
58 375
58 185
58 244
58 63
59 348
59 144
59 103
59 300
59 81
59 215
59 85
59 62
59 63
60 140
60 78
60 210
60 99
60 249
60 179
60 335
60 158
60 159
60 284
60 338
60 112
60 287
60 114
60 309
60 121
60 251
60 380
61 65
61 151
61 76
61 141
61 148
61 216
61 94
61 193
61 162
61 102
61 81
61 252
61 170
61 367
61 119
61 124
62 385
62 332
62 397
62 206
62 79
62 238
62 346
62 251
62 108
62 120
63 70
63 331
63 76
63 142
63 137
63 260
63 347
63 92
63 222
63 223
63 100
63 230
63 369
63 172
63 238
63 204
63 119
64 129
64 73
64 78
64 85
64 281
64 153
64 312
64 224
64 354
64 105
64 137
64 248
65 128
65 311
65 142
65 272
65 145
65 88
65 156
65 288
65 232
65 359
65 113
65 73
65 125
66 228
66 102
66 384
66 202
66 140
66 141
66 238
66 385
66 290
66 123
66 92
67 326
67 300
67 267
67 208
67 211
67 277
67 196
67 282
67 234
67 172
67 253
67 115
67 118
67 378
67 188
67 189
67 382
68 142
68 81
68 270
68 216
68 89
68 157
68 199
68 97
68 99
68 103
68 104
68 244
68 117
68 73
68 314
68 189
69 128
69 215
69 121
69 88
69 153
69 148
69 163
69 102
69 360
69 107
69 115
69 187
69 123
70 130
70 72
70 393
70 76
70 80
70 147
70 212
70 91
70 169
70 120
70 123
70 317
70 190
71 74
71 76
71 280
71 92
71 159
71 97
71 162
71 315
71 357
71 102
71 191
71 370
71 246
71 248
71 125
71 85
72 133
72 210
72 88
72 348
72 100
72 178
72 307
72 180
72 105
72 317
73 198
73 392
73 129
73 130
73 398
73 144
73 348
73 104
73 203
73 241
73 307
73 185
73 87
73 313
74 133
74 211
74 161
74 106
74 131
74 302
74 92
74 261
75 384
75 135
75 81
75 82
75 89
75 221
75 226
75 292
75 391
75 117
75 343
75 126
76 206
76 320
76 384
76 227
76 300
76 115
77 133
77 139
77 322
77 144
77 147
77 340
77 88
77 162
77 301
77 238
77 83
77 118
77 315
78 271
78 215
78 282
78 222
78 99
78 356
78 124
78 113
78 117
78 188
78 126
78 319
79 387
79 137
79 138
79 80
79 87
79 90
79 94
79 159
79 358
79 104
79 107
79 111
79 345
79 376
79 122
79 252
80 208
80 274
80 84
80 156
80 163
80 164
80 301
80 112
80 248
80 148
81 384
81 279
81 155
81 232
81 104
81 371
81 117
81 118
81 121
82 155
82 144
82 110
82 242
82 372
82 311
82 248
82 123
83 225
83 261
83 199
83 104
83 138
83 360
83 187
83 153
83 282
83 123
83 223
84 128
84 130
84 301
84 87
84 88
84 90
84 155
84 158
84 344
84 293
84 231
84 105
84 173
84 110
85 252
85 394
85 176
85 107
85 160
85 241
85 90
85 220
85 190
85 223
86 267
86 332
86 298
86 172
86 238
86 179
86 220
86 157
86 159
87 171
87 340
87 365
87 142
87 147
87 120
87 196
87 122
88 201
88 205
88 152
88 157
88 286
88 129
88 176
88 186
88 127
89 329
89 399
89 384
89 100
89 219
89 97
89 327
89 355
89 257
89 302
89 264
89 244
89 313
89 250
89 299
90 358
90 200
90 169
90 248
90 155
90 325
91 118
91 264
91 394
91 141
91 328
91 120
91 158
91 159
92 324
92 268
92 141
92 211
92 341
92 229
92 131
92 101
92 366
92 309
92 118
93 327
93 137
93 396
93 242
93 149
94 357
94 136
94 169
94 109
94 177
94 208
94 145
94 313
94 154
95 180
95 297
95 231
95 288
95 372
95 392
95 342
95 246
95 350
95 126
96 234
96 140
96 312
96 345
97 140
97 386
97 206
97 276
97 157
97 170
97 116
97 380
97 192
97 190
98 145
98 305
98 337
98 207
98 232
98 120
98 351
99 133
99 140
99 252
99 117
99 261
99 375
99 122
99 318
100 329
100 210
100 276
100 349
100 355
100 117
101 289
101 125
101 157
101 320
101 365
101 217
101 271
102 164
102 201
102 103
102 228
102 122
103 234
103 119
103 366
103 335
103 272
104 196
104 353
104 242
104 168
104 282
104 349
105 194
105 197
105 326
105 204
105 163
105 231
105 106
105 327
105 110
105 121
105 189
105 319
106 389
106 322
106 130
106 206
106 392
106 396
106 156
106 126
107 339
107 283
107 136
107 184
107 122
107 124
108 261
108 246
108 224
108 175
108 148
108 118
108 191
109 294
109 269
109 297
109 155
109 316
109 273
110 171
110 229
110 151
110 146
110 303
110 112
110 368
110 153
110 252
110 160
111 262
111 141
111 303
111 211
111 150
111 184
111 154
111 249
111 149
112 133
112 377
112 347
113 261
113 326
113 116
113 302
113 374
113 282
113 124
114 132
114 140
114 354
114 270
114 239
114 305
114 152
115 264
115 290
115 169
115 191
116 388
116 366
117 260
117 172
117 170
117 146
117 204
117 248
117 351
118 394
118 355
118 213
118 152
118 232
118 284
118 179
118 382
118 371
118 314
118 126
119 355
119 321
119 166
119 372
119 270
119 183
120 272
120 394
120 173
120 206
120 156
120 383
121 199
121 363
121 265
122 226
122 155
122 252
122 126
122 159
123 192
123 229
123 264
123 343
123 246
123 254
124 200
124 307
124 329
124 195
125 147
125 312
125 270
125 162
125 126
126 295
126 205
126 207
126 245
126 181
126 202
127 132
127 264
127 276
127 137
127 200
127 305
127 254
128 130
128 342
128 241
128 172
128 240
128 145
128 358
129 394
129 136
129 307
129 244
129 373
130 290
130 343
130 269
130 311
130 138
131 342
131 362
131 134
132 293
132 231
132 204
132 138
132 172
132 179
132 149
132 215
133 260
133 245
134 330
134 148
134 343
134 152
134 186
135 360
135 232
135 344
135 387
135 213
135 311
135 216
135 188
136 232
136 202
136 207
136 145
136 179
136 379
136 285
137 150
137 394
137 320
137 306
137 251
138 192
138 292
138 345
139 293
139 393
139 288
139 184
139 370
139 244
139 214
139 153
139 347
139 158
139 149
140 250
140 254
141 258
141 198
141 320
141 353
141 218
142 200
142 283
142 215
143 226
143 265
143 351
144 399
144 159
144 244
144 300
145 359
145 269
145 280
145 314
145 195
146 198
146 263
146 290
146 177
146 274
146 339
146 152
146 345
146 395
146 253
147 308
148 238
148 332
148 364
149 256
149 262
149 366
149 344
149 227
149 284
149 152
149 220
150 169
150 394
150 377
150 175
151 332
151 184
151 180
151 245
152 257
152 386
152 397
152 293
152 286
152 277
153 324
153 265
153 368
153 308
153 371
153 186
153 234
153 190
154 324
154 334
154 173
154 306
154 182
154 361
154 314
154 298
155 352
155 242
155 204
155 205
155 183
156 164
156 161
156 340
157 372
157 160
157 178
157 350
157 213
157 252
157 327
157 223
158 204
158 247
159 193
159 194
159 240
159 185
160 352
160 373
160 345
161 300
161 369
161 277
161 217
162 198
162 203
162 375
162 223
163 168
163 336
163 319
163 255
164 168
164 200
164 357
165 298
165 175
165 201
166 182
166 314
166 295
167 274
167 186
167 173
167 206
167 255
168 301
168 369
168 309
168 228
169 177
169 275
169 171
169 181
169 264
169 241
169 231
170 326
170 188
170 299
171 389
171 278
171 248
171 201
172 357
172 355
172 212
174 182
174 255
175 181
176 375
176 234
176 333
176 190
177 263
177 333
177 336
177 313
177 255
178 396
179 288
179 226
179 276
179 261
180 321
180 274
180 356
181 372
181 262
181 362
181 332
182 208
182 276
182 372
182 186
182 380
183 279
183 247
184 289
184 298
184 205
185 324
185 236
185 275
185 219
185 188
186 297
186 238
187 273
187 245
187 276
187 318
188 320
188 220
188 367
188 242
189 243
189 259
189 228
190 277
190 294
190 396
190 391
190 236
190 256
190 217
190 216
191 299
191 267
191 217
191 315
192 317
193 214
194 356
194 280
194 249
194 301
195 200
195 331
195 334
195 207
195 349
196 214
196 362
196 333
197 260
198 317
199 276
199 364
199 329
200 251
201 397
202 288
202 262
203 369
203 212
203 232
203 398
204 227
204 330
204 368
205 358
205 290
206 269
206 222
206 344
206 234
206 266
207 212
207 360
208 262
208 258
208 398
208 232
208 377
209 356
209 381
209 231
209 329
209 247
209 232
210 307
210 277
212 228
212 271
212 369
213 360
213 395
213 348
214 242
214 343
214 381
215 304
215 258
215 271
215 220
216 234
216 331
216 238
216 378
217 229
217 323
217 236
218 345
218 300
219 273
220 346
220 395
221 257
221 334
222 285
223 244
224 267
225 290
225 277
225 396
226 289
226 242
226 251
226 319
227 326
227 395
227 334
228 234
229 322
229 344
229 248
229 357
230 246
230 247
230 313
230 364
231 392
231 348
231 329
232 354
232 334
233 290
233 379
233 392
233 346
233 378
234 393
234 306
234 375
235 321
235 397
236 340
236 341
239 302
240 380
240 322
241 397
242 272
242 359
244 394
244 285
245 290
245 268
246 321
246 286
246 284
246 349
247 298
248 290
248 335
248 372
248 374
248 313
248 379
250 273
250 298
251 340
251 364
253 337
254 257
254 280
254 302
255 288
256 318
256 298
258 312
259 281
260 305
260 346
261 278
261 281
261 325
262 369
263 347
264 296
264 312
265 309
265 327
266 281
267 290
267 386
268 281
269 326
269 382
269 376
270 352
270 384
270 349
270 273
270 291
270 276
270 280
272 384
272 308
274 295
275 290
275 335
276 352
276 350
278 299
278 298
279 325
280 361
280 309
283 289
283 383
283 351
285 315
285 335
286 328
286 326
286 393
288 356
291 333
292 299
292 394
294 318
295 302
296 320
298 329
301 394
303 326
304 383
305 320
305 352
306 317
306 310
306 345
307 314
308 342
308 368
309 331
310 363
310 347
312 328
312 317
313 330
319 341
320 365
320 380
324 370
326 395
327 333
328 343
333 360
333 368
333 348
335 355
335 380
337 376
338 381
340 349
344 355
344 383
345 355
348 366
351 382
354 368
354 377
355 397
357 393
357 385
359 388
369 375
386 394
391 394
