0 1
0 2
0 3
0 4
0 5
0 6
0 7
0 8
0 9
0 10
0 11
0 12
0 13
0 14
0 15
0 16
0 17
0 18
0 19
0 20
0 21
0 22
0 23
0 24
0 25
0 26
0 27
0 28
0 29
0 30
0 31
0 32
0 33
0 34
0 35
0 36
0 37
0 38
0 39
0 40
0 41
0 42
0 43
0 44
0 45
0 46
0 47
0 48
0 49
0 50
0 51
0 52
0 53
0 54
0 55
0 56
0 57
0 58
0 59
0 60
0 61
0 62
0 63
0 64
0 65
0 66
0 67
0 68
0 69
0 70
0 71
0 72
0 73
0 74
0 75
0 76
0 77
0 78
0 79
0 80
0 81
0 82
0 83
0 84
0 85
0 86
0 87
0 88
0 89
0 90
0 91
0 92
0 93
0 94
0 95
0 96
0 97
0 98
0 99
0 100
0 101
0 102
0 103
0 104
0 105
0 106
0 107
0 108
0 109
0 110
0 111
0 112
0 113
0 114
0 115
0 116
0 117
0 118
0 119
0 120
0 122
0 123
0 124
0 126
0 127
0 128
0 129
0 131
0 132
0 133
0 134
0 135
0 136
0 137
0 138
0 139
0 140
0 141
0 142
0 143
0 144
0 145
0 148
0 150
0 151
0 152
0 153
0 154
0 156
0 157
0 159
0 161
0 162
0 163
0 164
0 169
0 170
0 171
0 172
0 173
0 174
0 177
0 178
0 179
0 180
0 183
0 185
0 186
0 187
0 188
0 189
0 190
0 191
0 193
0 197
0 198
0 199
0 200
0 201
0 202
0 203
0 210
0 212
0 215
0 218
0 219
0 220
0 223
0 225
0 226
0 227
0 229
0 232
0 233
0 235
0 237
0 238
0 239
0 240
0 242
0 244
0 252
0 255
0 257
0 259
0 260
0 261
0 265
0 268
0 269
0 270
0 272
0 274
0 275
0 277
0 278
0 279
0 280
0 281
0 282
0 283
0 286
0 288
0 289
0 293
0 295
0 296
0 298
0 299
0 300
0 301
0 303
0 304
0 305
0 306
0 307
0 309
0 310
0 311
0 313
0 314
0 315
0 316
0 317
0 319
0 322
0 324
0 327
0 328
0 333
0 337
0 338
0 339
0 344
0 348
0 349
1 2
1 3
1 4
1 5
1 6
1 7
1 8
1 9
1 10
1 11
1 12
1 13
1 14
1 15
1 16
1 17
1 18
1 19
1 20
1 21
1 22
1 23
1 24
1 25
1 26
1 27
1 28
1 29
1 30
1 31
1 32
1 33
1 34
1 35
1 36
1 37
1 38
1 39
1 40
1 41
1 42
1 43
1 44
1 45
1 46
1 47
1 48
1 49
1 50
1 51
1 52
1 53
1 54
1 55
1 57
1 59
1 60
1 61
1 62
1 63
1 65
1 66
1 67
1 68
1 70
1 71
1 72
1 73
1 74
1 77
1 78
1 81
1 82
1 83
1 88
1 90
1 91
1 92
1 93
1 94
1 96
1 97
1 98
1 99
1 100
1 101
1 103
1 104
1 106
1 108
1 110
1 111
1 112
1 113
1 116
1 117
1 118
1 120
1 121
1 125
1 126
1 128
1 130
1 133
1 135
1 136
1 137
1 138
1 139
1 143
1 145
1 149
1 150
1 151
1 152
1 154
1 156
1 157
1 158
1 159
1 160
1 163
1 165
1 166
1 167
1 168
1 170
1 171
1 174
1 178
1 180
1 181
1 187
1 188
1 190
1 191
1 193
1 195
1 196
1 197
1 200
1 201
1 203
1 207
1 208
1 211
1 213
1 214
1 215
1 216
1 217
1 218
1 220
1 223
1 224
1 225
1 233
1 234
1 235
1 236
1 237
1 238
1 240
1 243
1 249
1 251
1 252
1 259
1 260
1 261
1 266
1 267
1 268
1 271
1 273
1 275
1 279
1 280
1 283
1 285
1 286
1 290
1 291
1 292
1 293
1 294
1 298
1 300
1 305
1 311
1 315
1 316
1 317
1 320
1 323
1 326
1 328
1 330
1 331
1 339
1 340
1 345
1 347
1 348
1 349
2 3
2 4
2 5
2 6
2 7
2 8
2 9
2 10
2 11
2 12
2 13
2 14
2 15
2 16
2 17
2 18
2 19
2 20
2 21
2 22
2 23
2 24
2 25
2 26
2 27
2 28
2 29
2 30
2 31
2 32
2 33
2 34
2 35
2 36
2 37
2 38
2 39
2 40
2 41
2 42
2 43
2 44
2 45
2 46
2 349
2 48
2 49
2 50
2 51
2 52
2 53
2 55
2 56
2 57
2 58
2 59
2 61
2 62
2 63
2 64
2 67
2 69
2 70
2 74
2 76
2 333
2 78
2 269
2 336
2 81
2 82
2 83
2 84
2 301
2 86
2 344
2 90
2 91
2 93
2 96
2 99
2 101
2 102
2 103
2 104
2 109
2 111
2 112
2 115
2 116
2 118
2 119
2 122
2 124
2 125
2 126
2 131
2 132
2 133
2 138
2 141
2 144
2 145
2 147
2 148
2 149
2 150
2 306
2 154
2 335
2 157
2 163
2 164
2 166
2 168
2 169
2 171
2 172
2 174
2 175
2 176
2 180
2 342
2 185
2 186
2 287
2 262
2 195
2 308
2 197
2 201
2 204
2 290
2 300
2 285
2 209
2 214
2 216
2 219
2 220
2 221
2 223
2 224
2 227
2 234
2 295
2 338
2 239
2 296
2 244
2 245
2 246
2 297
2 249
2 250
2 251
2 254
3 4
3 5
3 6
3 7
3 8
3 9
3 10
3 11
3 12
3 13
3 14
3 15
3 16
3 17
3 18
3 19
3 20
3 21
3 22
3 23
3 24
3 26
3 27
3 28
3 29
3 30
3 31
3 32
3 33
3 34
3 36
3 37
3 38
3 39
3 40
3 41
3 42
3 43
3 44
3 45
3 47
3 48
3 50
3 310
3 57
3 314
3 315
3 61
3 318
3 63
3 64
3 66
3 67
3 69
3 70
3 268
3 75
3 76
3 78
3 269
3 81
3 82
3 83
3 84
3 87
3 89
3 90
3 95
3 97
3 98
3 293
3 104
3 109
3 317
3 115
3 116
3 119
3 124
3 128
3 132
3 133
3 136
3 144
3 152
3 155
3 159
3 161
3 261
3 169
3 176
3 180
3 286
3 185
3 188
3 190
3 191
3 288
3 331
3 202
3 297
3 212
3 213
3 214
3 292
3 335
3 257
3 223
3 226
3 231
3 233
3 234
3 244
3 247
3 253
4 5
4 6
4 7
4 8
4 9
4 10
4 11
4 12
4 13
4 14
4 15
4 16
4 17
4 18
4 19
4 20
4 21
4 22
4 23
4 24
4 26
4 27
4 28
4 29
4 30
4 261
4 32
4 33
4 35
4 36
4 37
4 38
4 295
4 41
4 298
4 43
4 333
4 45
4 46
4 49
4 50
4 52
4 53
4 57
4 315
4 60
4 62
4 319
4 65
4 324
4 69
4 256
4 72
4 73
4 74
4 75
4 77
4 269
4 81
4 83
4 270
4 86
4 95
4 272
4 105
4 108
4 274
4 111
4 115
4 118
4 123
4 126
4 127
4 130
4 277
4 136
4 137
4 138
4 279
4 143
4 144
4 145
4 150
4 152
4 154
4 157
4 165
4 168
4 301
4 176
4 181
4 182
4 185
4 186
4 189
4 190
4 191
4 193
4 196
4 202
4 207
4 209
4 308
4 214
4 217
4 222
4 226
4 227
4 233
4 237
4 240
4 244
4 248
5 6
5 7
5 8
5 9
5 10
5 11
5 12
5 13
5 14
5 15
5 16
5 18
5 19
5 20
5 21
5 22
5 23
5 24
5 25
5 26
5 27
5 29
5 31
5 32
5 35
5 37
5 38
5 39
5 40
5 42
5 45
5 46
5 47
5 48
5 55
5 57
5 58
5 59
5 61
5 64
5 322
5 70
5 72
5 258
5 331
5 332
5 269
5 81
5 84
5 270
5 86
5 87
5 271
5 92
5 93
5 98
5 99
5 101
5 105
5 113
5 302
5 343
5 124
5 328
5 131
5 278
5 141
5 145
5 146
5 154
5 158
5 161
5 162
5 165
5 301
5 177
5 180
5 287
5 188
5 313
5 193
5 197
5 208
5 210
5 220
5 221
5 226
5 227
5 241
5 245
5 251
5 252
5 253
5 255
6 7
6 8
6 9
6 10
6 11
6 12
6 13
6 14
6 15
6 16
6 17
6 19
6 20
6 22
6 23
6 24
6 25
6 282
6 27
6 284
6 32
6 33
6 35
6 36
6 37
6 294
6 39
6 263
6 45
6 47
6 49
6 51
6 52
6 53
6 54
6 58
6 62
6 64
6 66
6 267
6 69
6 71
6 73
6 74
6 77
6 78
6 270
6 345
6 97
6 101
6 102
6 105
6 110
6 116
6 117
6 125
6 320
6 131
6 136
6 137
6 139
6 140
6 322
6 144
6 156
6 157
6 162
6 172
6 176
6 178
6 185
6 191
6 199
6 206
6 208
6 209
6 210
6 216
6 229
6 231
6 234
6 249
6 252
6 253
7 8
7 9
7 10
7 11
7 12
7 13
7 271
7 16
7 17
7 18
7 20
7 21
7 22
7 23
7 24
7 26
7 28
7 29
7 261
7 32
7 34
7 35
7 36
7 262
7 39
7 296
7 41
7 42
7 349
7 48
7 49
7 310
7 56
7 67
7 68
7 70
7 73
7 75
7 76
7 77
7 78
7 85
7 87
7 347
7 93
7 97
7 98
7 100
7 101
7 108
7 111
7 113
7 115
7 116
7 120
7 121
7 124
7 128
7 130
7 143
7 145
7 149
7 159
7 161
7 166
7 171
7 184
7 185
7 189
7 190
7 193
7 197
7 213
7 217
7 219
7 229
7 233
7 234
7 295
7 240
7 241
7 242
7 244
7 297
7 249
7 252
8 9
8 10
8 11
8 12
8 260
8 14
8 15
8 16
8 17
8 18
8 20
8 21
8 151
8 280
8 25
8 26
8 283
8 28
8 29
8 30
8 31
8 32
8 33
8 34
8 35
8 36
8 133
8 227
8 40
8 42
8 43
8 48
8 49
8 51
8 52
8 181
8 54
8 137
8 184
8 57
8 59
8 192
8 63
8 64
8 67
8 68
8 69
8 204
8 180
8 290
8 79
8 163
8 84
8 85
8 214
8 176
8 91
8 221
8 344
8 99
8 101
8 102
8 105
8 106
8 107
8 111
8 113
8 233
8 120
8 269
8 191
9 300
9 10
9 11
9 12
9 14
9 15
9 16
9 17
9 18
9 19
9 21
9 24
9 26
9 27
9 284
9 29
9 31
9 33
9 34
9 36
9 37
9 295
9 41
9 299
9 44
9 48
9 50
9 57
9 61
9 68
9 71
9 330
9 76
9 78
9 81
9 82
9 85
9 88
9 345
9 92
9 99
9 100
9 101
9 106
9 108
9 110
9 111
9 114
9 115
9 117
9 123
9 124
9 277
9 128
9 130
9 138
9 139
9 140
9 146
9 324
9 159
9 165
9 169
9 173
9 177
9 180
9 187
9 192
9 193
9 262
9 195
9 198
9 199
9 203
9 207
9 210
9 212
9 237
9 238
9 240
9 252
10 138
10 11
10 12
10 269
10 14
10 15
10 144
10 17
10 19
10 21
10 22
10 151
10 24
10 299
10 155
10 29
10 31
10 34
10 35
10 36
10 198
10 38
10 41
10 42
10 43
10 172
10 242
10 175
10 304
10 49
10 307
10 53
10 56
10 57
10 58
10 59
10 70
10 328
10 135
10 334
10 84
10 213
10 88
10 217
10 91
10 92
10 96
10 97
10 102
10 145
10 107
10 113
10 114
10 298
10 126
10 341
11 15
11 179
11 17
11 18
11 19
11 20
11 21
11 280
11 26
11 27
11 28
11 30
11 325
11 34
11 180
11 165
11 166
11 168
11 41
11 170
11 135
11 44
11 174
11 176
11 50
11 51
11 52
11 158
11 54
11 184
11 57
11 58
11 296
11 197
11 327
11 76
11 80
11 81
11 85
11 228
11 219
11 92
11 221
11 94
11 263
11 98
11 100
11 229
11 145
11 104
11 105
11 106
11 238
11 239
11 240
11 113
11 147
11 116
11 117
11 251
12 305
12 130
12 14
12 15
12 16
12 17
12 274
12 19
12 21
12 239
12 28
12 29
12 30
12 159
12 37
12 166
12 177
12 296
12 42
12 43
12 257
12 174
12 49
12 178
12 179
12 53
12 265
12 56
12 57
12 186
12 187
12 66
12 331
12 68
12 327
12 236
12 77
12 83
12 340
12 142
12 86
12 185
12 216
12 219
12 94
12 223
12 96
12 344
12 98
12 99
12 293
12 145
12 106
12 108
12 238
12 111
12 119
12 341
12 121
12 298
12 277
13 136
13 128
13 322
13 15
13 16
13 145
13 18
13 19
13 148
13 174
13 22
13 329
13 280
13 26
13 27
13 156
13 167
13 150
13 133
13 33
13 155
13 164
13 165
13 39
13 168
13 41
13 135
13 172
13 46
13 175
13 287
13 50
13 51
13 158
13 183
13 58
13 187
13 194
13 195
13 68
13 197
13 201
13 74
13 80
13 339
13 84
13 342
13 87
13 292
13 219
13 186
13 251
13 101
13 17
13 105
13 103
13 238
13 111
13 296
13 114
13 115
13 297
13 249
13 250
13 123
13 127
14 129
14 15
14 16
14 18
14 19
14 148
14 151
14 152
14 25
14 29
14 32
14 33
14 36
14 214
14 263
14 178
14 157
14 50
14 115
14 180
14 57
14 330
14 61
14 195
14 69
14 161
14 72
14 268
14 74
14 75
14 78
14 208
14 82
14 86
14 185
14 92
14 94
14 224
14 144
14 259
14 234
14 306
14 210
14 238
14 111
14 112
14 147
14 153
14 250
15 301
15 16
15 17
15 18
15 20
15 21
15 22
15 25
15 26
15 155
15 28
15 29
15 30
15 35
15 38
15 170
15 44
15 45
15 304
15 51
15 182
15 183
15 191
15 67
15 73
15 332
15 80
15 337
15 82
15 291
15 139
15 214
15 87
15 88
15 218
15 100
15 230
15 106
15 240
15 113
15 119
15 276
15 123
15 124
16 272
16 17
16 18
16 19
16 21
16 22
16 24
16 324
16 283
16 28
16 30
16 31
16 288
16 219
16 293
16 40
16 41
16 42
16 43
16 300
16 45
16 46
16 47
16 178
16 158
16 55
16 313
16 59
16 62
16 63
16 302
16 195
16 68
16 130
16 183
16 76
16 77
16 333
16 80
16 81
16 303
16 343
16 88
16 345
16 91
16 92
16 94
16 95
16 263
16 208
16 230
16 103
16 173
16 115
16 119
16 137
16 149
17 18
17 20
17 23
17 24
17 132
17 26
17 27
17 292
17 165
17 41
17 172
17 302
17 180
17 56
17 185
17 62
17 63
17 64
17 326
17 69
17 198
17 74
17 332
17 78
17 79
17 211
17 214
17 345
17 93
17 37
17 102
17 105
17 106
17 107
17 113
17 120
17 249
17 252
17 234
17 254
17 127
18 19
18 20
18 21
18 152
18 153
18 26
18 155
18 30
18 31
18 214
18 342
18 294
18 39
18 41
18 299
18 300
18 46
18 271
18 49
18 52
18 181
18 182
18 183
18 315
18 60
18 215
18 65
18 66
18 68
18 198
18 73
18 76
18 305
18 335
18 208
18 201
18 82
18 212
18 86
18 87
18 348
18 217
18 91
18 220
18 222
18 131
18 102
18 337
18 105
18 295
18 332
18 340
19 257
19 149
19 22
19 26
19 134
19 39
19 40
19 45
19 46
19 49
19 50
19 51
19 53
19 58
19 317
19 65
19 194
19 68
19 69
19 334
19 80
19 81
19 99
19 212
19 87
19 229
19 227
19 101
19 337
19 167
19 237
19 249
19 123
20 226
20 256
20 25
20 27
20 260
20 34
20 283
20 36
20 294
20 39
20 168
20 42
20 43
20 44
20 48
20 49
20 309
20 287
20 58
20 59
20 317
20 319
20 267
20 69
20 292
20 201
20 75
20 204
20 77
20 80
20 211
20 89
20 95
20 98
20 99
20 105
20 310
20 40
20 249
20 252
20 264
21 280
21 22
21 24
21 31
21 34
21 39
21 296
21 41
21 257
21 176
21 51
21 308
21 55
21 62
21 194
21 70
21 199
21 73
21 78
21 207
21 337
21 338
21 83
21 213
21 345
21 218
21 97
21 237
21 113
21 115
21 116
21 118
21 122
22 142
22 278
22 24
22 260
22 282
22 27
22 30
22 159
22 32
22 34
22 39
22 170
22 181
22 58
22 187
22 138
22 190
22 319
22 65
22 196
22 197
22 330
22 338
22 211
22 344
22 93
22 98
22 103
22 61
22 113
22 62
22 118
22 122
22 126
23 72
23 140
23 76
23 194
23 142
23 239
23 164
23 210
23 131
23 57
23 327
23 25
23 155
23 285
23 261
23 34
23 347
23 36
23 134
23 259
23 193
23 263
23 172
23 111
23 118
23 55
23 153
23 121
23 314
23 255
23 60
23 192
23 63
24 153
24 155
24 158
24 149
24 289
24 36
24 165
24 348
24 71
24 174
24 180
24 61
24 64
24 65
24 322
24 197
24 199
24 75
24 76
24 80
24 43
24 220
24 221
24 101
24 239
24 247
24 121
24 122
24 255
24 124
24 253
24 277
25 259
25 135
25 138
25 149
25 154
25 28
25 289
25 38
25 40
25 41
25 42
25 43
25 44
25 136
25 179
25 52
25 53
25 310
25 311
25 56
25 60
25 62
25 66
25 323
25 199
25 75
25 209
25 340
25 142
25 342
25 217
25 99
25 110
25 116
25 345
25 255
26 155
26 29
26 133
26 36
26 41
26 170
26 257
26 45
26 49
26 51
26 53
26 310
26 329
26 317
26 191
26 68
26 69
26 71
26 73
26 77
26 88
26 90
26 271
26 96
26 227
26 189
26 240
26 118
26 63
27 200
27 142
27 80
27 195
27 206
27 68
27 157
27 30
27 31
27 96
27 144
27 35
27 261
27 37
27 295
27 41
27 46
27 303
27 229
27 49
27 306
27 212
27 63
28 334
28 134
28 137
28 330
28 77
28 142
28 171
28 212
28 149
28 154
28 93
28 97
28 243
28 102
28 38
28 241
28 40
28 42
28 135
28 109
28 110
28 111
28 157
28 49
28 115
28 52
28 119
28 56
28 250
28 188
28 61
29 134
29 194
29 148
29 306
29 30
29 31
29 160
29 164
29 39
29 43
29 44
29 45
29 178
29 52
29 55
29 66
29 292
29 73
29 202
29 183
29 85
29 86
29 216
29 89
29 93
29 100
29 229
29 106
29 295
29 109
29 111
29 112
29 119
29 341
30 86
30 71
30 76
30 66
30 85
30 343
30 68
30 156
30 31
30 96
30 80
30 197
30 102
30 231
30 129
30 105
30 170
30 44
30 301
30 47
30 176
30 49
30 53
30 108
30 186
30 315
30 200
30 143
30 255
31 66
31 314
31 147
31 151
31 88
31 89
31 282
31 318
31 33
31 241
31 40
31 233
31 106
31 236
31 45
31 259
31 317
31 72
31 50
31 339
31 180
31 117
31 54
31 250
31 315
31 189
31 62
32 129
32 74
32 78
32 274
32 67
32 121
32 93
32 96
32 97
32 38
32 40
32 257
32 46
32 48
32 72
32 57
32 136
32 60
32 126
32 213
33 202
33 75
33 143
33 144
33 83
33 68
33 218
33 156
33 95
33 208
33 163
33 37
33 259
33 108
33 238
33 47
33 112
33 115
33 308
33 118
33 119
34 68
34 214
34 115
34 81
34 85
34 88
34 154
34 283
34 221
34 158
34 287
34 244
34 103
34 43
34 280
34 109
34 235
34 51
34 52
34 222
34 55
34 148
34 63
34 317
34 215
35 259
35 140
35 271
35 83
35 84
35 345
35 135
35 94
35 69
35 133
35 161
35 155
35 101
35 102
35 129
35 41
35 42
35 43
35 45
35 112
35 183
35 56
35 186
35 123
35 166
35 134
35 63
36 66
36 79
36 208
36 209
36 83
36 132
36 285
36 130
36 97
36 292
36 165
36 39
36 168
36 105
36 237
36 297
36 58
36 319
36 124
36 61
36 190
36 127
37 64
37 311
37 198
37 148
37 177
37 331
37 92
37 159
37 155
37 101
37 165
37 39
37 220
37 42
37 299
37 44
37 46
37 47
37 72
37 140
37 52
37 181
37 55
37 125
37 62
38 72
38 267
38 206
38 80
38 82
38 67
38 87
38 90
38 197
38 272
38 98
38 108
38 176
38 113
38 53
38 343
38 59
38 345
39 314
39 137
39 267
39 78
39 208
39 228
39 280
39 217
39 179
39 248
39 86
39 302
39 263
39 340
39 193
39 107
39 108
39 237
39 238
39 111
39 147
39 244
39 55
39 120
39 148
39 300
39 253
40 68
40 201
40 202
40 142
40 67
40 91
40 222
40 226
40 177
40 64
40 172
40 307
40 72
40 244
40 212
40 123
40 63
41 260
41 328
41 128
41 205
41 193
41 212
41 285
41 144
41 98
41 326
41 169
41 170
41 225
41 338
41 110
41 155
41 181
41 329
41 290
41 314
42 130
42 85
42 151
42 344
42 95
42 98
42 241
42 234
42 174
42 303
42 176
42 113
42 53
42 212
42 58
42 127
43 246
43 140
43 139
43 81
43 331
43 99
43 278
43 68
43 218
43 239
43 92
43 44
43 175
43 48
43 54
43 84
43 122
44 193
44 266
44 140
44 194
44 142
44 312
44 85
44 313
44 88
44 97
44 162
44 116
44 238
44 111
44 48
44 113
44 243
44 52
44 290
44 57
44 122
44 187
44 276
44 299
44 166
45 65
45 200
45 132
45 66
45 145
45 205
45 67
45 139
45 315
45 68
45 257
45 222
45 69
45 96
45 289
45 228
45 263
45 255
45 111
45 343
45 313
45 345
45 191
46 134
46 264
46 142
46 79
46 212
46 206
46 324
46 155
46 307
46 54
46 120
46 253
46 318
47 64
47 269
47 146
47 216
47 154
47 347
47 100
47 242
47 274
47 82
47 111
47 176
47 113
47 178
47 51
47 286
47 118
47 57
47 58
48 262
48 65
48 87
48 80
48 320
48 151
48 349
48 95
48 163
48 101
48 166
48 167
48 169
48 302
48 176
48 242
48 235
48 311
48 185
48 186
49 195
49 268
49 256
49 173
49 209
49 82
49 152
49 157
49 339
49 160
49 251
49 273
49 297
49 107
49 110
49 176
49 136
49 147
49 183
49 56
49 185
49 122
49 59
49 188
49 202
49 62
50 135
50 72
50 77
50 145
50 146
50 150
50 267
50 132
50 102
50 171
50 173
50 117
50 329
50 124
50 195
51 323
51 225
51 248
51 335
51 217
51 89
51 233
51 286
51 161
51 243
51 64
51 172
51 115
51 53
51 55
51 184
51 249
51 123
51 345
52 325
52 65
52 137
52 268
52 341
52 57
52 159
52 161
52 229
52 177
52 307
52 329
52 121
52 58
52 287
52 124
52 215
53 69
53 73
53 267
53 77
53 82
53 276
53 157
53 97
53 98
53 164
53 70
53 103
53 178
53 181
53 184
53 251
53 202
53 127
54 130
54 133
54 288
54 291
54 335
54 287
54 96
54 98
54 99
54 70
54 64
54 237
54 305
54 114
54 183
54 262
54 189
55 72
55 202
55 75
55 80
55 147
55 84
55 214
55 92
55 220
55 63
55 127
56 78
56 82
56 147
56 71
56 91
56 159
56 96
56 101
56 284
56 107
56 248
56 95
56 255
57 198
57 257
57 130
57 85
57 203
57 89
57 348
57 328
57 162
57 101
57 308
57 240
57 177
57 179
57 311
57 120
57 249
57 251
57 62
57 213
58 68
58 78
58 273
58 216
58 90
58 220
58 95
58 162
58 101
58 337
58 107
58 181
58 61
59 70
59 75
59 147
59 162
59 166
59 175
59 113
59 83
59 117
59 246
59 313
59 124
59 264
60 197
60 265
60 142
60 143
60 272
60 81
60 148
60 341
60 90
60 301
60 182
60 311
60 340
60 122
60 124
60 61
61 72
61 332
61 320
61 82
61 195
61 133
61 67
61 163
61 307
61 329
61 185
62 342
62 77
62 339
62 151
62 94
62 162
62 227
62 103
62 105
62 240
62 184
63 68
63 197
63 328
63 65
63 84
63 278
63 260
63 221
63 272
63 163
63 305
63 233
63 109
63 241
63 181
63 186
64 133
64 76
64 141
64 205
64 214
64 157
64 160
64 165
64 178
64 308
64 122
64 254
64 255
65 139
65 216
65 211
65 345
65 68
65 96
65 177
65 117
65 182
65 160
65 315
66 73
66 75
66 80
66 153
66 159
66 290
66 102
66 103
66 171
66 285
66 112
66 190
67 96
67 141
67 334
67 83
67 84
67 301
67 87
67 153
67 240
67 200
67 307
67 121
67 264
68 276
68 86
68 216
68 193
68 131
68 195
68 106
68 238
68 175
68 104
68 114
68 248
68 315
69 129
69 310
69 137
69 77
69 207
69 278
69 285
69 349
69 72
69 178
69 118
69 247
69 191
70 75
70 206
70 143
70 338
70 323
70 88
70 217
70 100
70 236
70 173
70 113
70 247
70 187
70 277
71 163
71 198
71 145
71 74
71 140
71 77
71 209
71 105
71 73
71 93
72 225
72 76
72 77
72 79
72 208
72 82
72 133
72 164
72 300
72 307
73 197
73 202
73 236
73 289
73 278
73 343
73 92
74 131
74 182
74 138
74 75
74 144
74 213
74 86
74 153
74 348
74 118
74 311
74 190
75 136
75 332
75 82
75 87
75 154
75 347
75 285
75 146
75 109
75 189
75 254
76 77
76 206
76 205
76 144
76 293
76 161
76 99
76 165
76 114
76 188
77 162
77 99
77 239
77 124
78 134
78 239
78 167
78 323
78 87
78 160
78 125
79 258
79 103
79 170
79 243
79 313
79 88
79 346
79 123
79 126
79 287
80 121
80 289
80 96
80 150
80 116
80 188
80 313
81 341
81 199
81 145
81 211
81 148
81 85
81 203
81 348
81 162
81 168
81 241
81 213
82 140
82 333
82 148
82 155
82 285
82 94
82 219
82 292
82 171
82 172
82 117
83 197
83 195
83 131
83 112
83 178
83 262
83 347
83 292
83 127
84 196
84 177
84 223
84 145
84 334
84 247
84 152
84 127
84 124
85 118
85 198
85 329
85 288
85 112
85 176
85 264
85 182
85 300
85 124
86 131
86 119
86 242
86 209
86 235
86 87
86 124
87 229
87 180
87 245
87 244
87 98
87 285
87 211
88 101
88 298
88 104
88 230
88 96
88 177
88 210
88 92
88 288
89 97
89 196
89 289
89 265
89 143
89 280
89 215
89 248
89 91
89 191
90 196
90 297
90 204
90 130
90 302
90 269
90 147
90 159
91 201
91 130
91 270
91 340
91 217
91 286
92 307
92 254
92 145
92 99
92 110
92 121
92 297
92 215
93 107
93 175
93 229
93 118
93 115
93 152
93 217
93 127
94 226
94 275
94 96
94 141
94 337
94 131
94 312
94 322
94 208
95 289
95 145
95 209
96 326
96 184
96 145
96 339
96 150
96 227
96 104
96 112
96 192
96 190
96 181
97 265
97 281
97 338
97 119
97 155
98 258
98 270
98 344
98 346
98 150
98 288
98 99
98 231
98 199
98 189
99 203
99 150
99 215
99 118
99 169
99 349
99 204
99 185
99 251
99 192
100 324
100 224
100 115
100 181
100 225
100 123
101 222
101 311
101 123
102 209
102 203
102 111
102 241
102 231
103 129
103 112
103 234
103 113
103 172
103 343
103 192
104 165
104 328
104 136
104 137
104 162
104 310
104 177
104 182
104 217
104 299
105 132
105 201
105 226
105 343
105 286
105 284
105 127
106 155
106 167
106 125
106 183
106 280
106 153
106 143
107 162
107 197
107 300
107 173
107 310
108 130
108 168
108 274
108 207
108 140
108 160
109 295
109 334
109 213
109 118
110 293
110 296
110 170
110 247
110 142
110 113
110 212
110 181
110 278
110 153
110 316
110 249
111 197
111 276
111 213
111 153
111 155
111 291
111 200
112 132
112 133
112 298
112 176
112 267
113 134
113 263
113 173
113 119
113 234
113 126
113 191
114 187
114 134
114 208
114 140
114 119
114 123
114 124
115 220
115 150
115 312
115 219
115 127
116 128
116 224
116 244
117 191
117 227
117 134
117 194
117 147
117 282
118 341
118 209
118 148
118 175
118 284
118 158
118 165
118 124
118 126
119 145
119 201
119 263
119 240
119 174
119 307
119 344
119 346
120 264
120 274
120 245
120 136
121 194
121 170
121 142
121 207
121 239
121 276
121 155
121 157
122 294
122 198
122 266
122 185
122 298
123 235
123 335
123 241
123 186
123 189
124 142
124 251
124 327
124 127
125 294
125 211
125 148
125 183
125 340
125 126
126 242
126 243
126 311
126 223
127 160
127 280
127 251
127 315
128 306
128 146
128 237
128 342
129 238
129 296
129 307
129 175
130 198
130 273
130 144
130 226
130 228
130 199
130 302
130 176
130 244
130 292
131 169
131 279
131 316
131 345
131 283
131 284
131 221
132 200
132 285
133 193
133 239
133 242
133 244
134 193
134 177
134 212
134 344
134 281
134 219
135 145
135 143
136 151
136 155
137 298
137 205
137 342
137 293
138 168
138 333
138 218
138 191
139 162
139 167
139 243
139 244
139 329
139 281
139 159
140 235
140 148
140 154
140 157
141 196
141 321
141 251
141 341
142 240
143 281
143 251
144 166
144 295
144 296
144 235
144 173
144 274
144 172
144 268
145 235
145 274
145 155
145 175
145 340
146 228
146 304
146 275
146 276
146 218
146 221
147 149
147 233
147 274
147 302
147 214
147 158
148 170
148 202
148 332
148 189
149 344
149 163
149 290
149 303
149 280
149 196
149 188
150 161
150 177
151 226
151 227
151 333
151 306
151 212
151 190
152 230
152 206
152 191
153 192
153 238
153 246
153 185
153 181
154 205
154 165
155 269
155 165
155 166
155 231
156 211
156 245
156 215
156 271
157 293
157 209
157 221
158 203
158 195
158 304
158 283
158 293
159 207
159 212
159 327
159 261
160 179
160 244
160 245
160 311
160 348
161 227
161 349
161 320
161 306
161 216
161 345
161 253
162 168
162 311
163 294
163 258
163 252
164 342
165 331
165 326
165 206
165 205
165 310
165 248
166 337
166 340
166 203
166 282
166 298
167 260
167 229
167 299
167 270
167 344
168 227
168 183
168 312
168 322
169 272
169 273
169 343
169 274
170 195
170 227
170 345
171 243
171 307
172 229
172 231
172 248
172 293
173 324
173 203
173 213
173 344
173 318
174 226
174 313
175 195
175 296
175 313
176 226
176 339
176 245
176 264
177 260
177 182
178 195
178 231
178 284
178 302
179 310
179 239
180 200
181 245
181 199
181 236
181 282
182 305
182 337
183 221
183 301
184 194
184 247
184 258
184 197
185 187
185 261
186 257
186 293
186 263
186 245
186 214
186 190
187 330
187 344
187 280
188 209
188 303
188 253
189 225
189 229
189 205
190 324
190 245
190 341
191 329
191 192
191 198
192 271
192 290
192 327
193 335
193 332
194 229
194 204
194 221
195 242
196 200
196 270
196 272
196 216
197 212
197 281
197 219
197 226
198 203
198 219
199 224
199 231
200 308
200 204
200 211
200 288
202 341
202 224
202 309
203 342
204 328
204 239
205 216
205 233
205 332
206 299
206 300
206 337
206 247
206 332
206 349
207 303
208 339
208 302
208 251
209 232
209 282
210 299
211 335
211 339
211 250
212 258
212 237
212 264
213 282
214 288
214 308
215 274
216 304
216 276
216 335
217 289
217 319
219 234
219 293
220 324
220 341
221 258
221 307
222 341
222 250
223 311
224 228
224 346
224 226
225 275
225 333
226 264
226 324
226 250
227 326
227 341
227 255
228 243
228 230
228 275
229 326
229 293
229 234
229 240
229 252
230 283
232 349
232 334
232 327
233 258
233 238
233 276
234 297
234 257
234 341
234 330
235 239
236 274
236 307
236 344
236 254
238 275
238 280
239 304
239 284
239 345
240 301
240 339
240 318
242 267
242 245
243 261
243 348
243 318
244 274
245 343
246 284
246 268
247 320
248 316
250 253
250 264
250 330
253 309
254 339
254 311
255 333
256 343
256 319
256 271
257 296
257 284
259 289
260 263
261 280
262 295
263 325
263 338
264 322
264 301
268 331
270 323
271 303
272 323
272 324
272 344
273 343
273 301
275 305
276 311
276 299
280 296
284 292
284 301
284 329
285 298
286 343
286 349
289 326
291 339
292 301
292 336
293 320
294 345
294 317
295 328
296 317
296 304
296 315
301 311
302 333
309 337
311 340
311 319
318 337
318 326
321 323
328 343
329 349
338 348
