0 692
0 1
0 2
0 3
0 4
0 5
0 6
0 7
0 8
0 9
0 10
0 11
0 12
0 13
0 14
0 15
0 16
0 17
0 18
0 19
0 20
0 21
0 22
0 23
0 24
0 25
0 26
0 27
0 28
0 29
0 30
0 31
0 32
0 33
0 34
0 35
0 36
0 37
0 38
0 39
0 40
0 41
0 42
0 43
0 44
0 45
0 46
0 47
0 48
0 49
0 50
0 51
0 52
0 53
0 54
0 55
0 56
0 57
0 58
0 59
0 60
0 61
0 62
0 63
0 64
0 65
0 66
0 67
0 68
0 69
0 70
0 71
0 72
0 73
0 74
0 75
0 76
0 77
0 78
0 591
0 80
0 81
0 82
0 83
0 84
0 85
0 86
0 88
0 91
0 93
0 94
0 95
0 96
0 97
0 98
0 99
0 100
0 101
0 529
0 104
0 105
0 106
0 107
0 108
0 109
0 110
0 111
0 112
0 113
0 114
0 116
0 117
0 119
0 121
0 123
0 124
0 125
0 126
0 127
0 128
0 129
0 130
0 131
0 644
0 647
0 136
0 137
0 139
0 142
0 655
0 144
0 145
0 146
0 148
0 661
0 537
0 543
0 154
0 155
0 156
0 669
0 159
0 160
0 161
0 163
0 165
0 167
0 168
0 169
0 171
0 172
0 173
0 174
0 687
0 176
0 177
0 179
0 180
0 182
0 185
0 186
0 187
0 188
0 189
0 191
0 562
0 194
0 195
0 196
0 197
0 199
0 202
0 203
0 204
0 205
0 206
0 215
0 548
0 218
0 220
0 221
0 223
0 224
0 226
0 227
0 553
0 232
0 234
0 235
0 236
0 238
0 239
0 243
0 633
0 246
0 247
0 680
0 249
0 250
0 253
0 255
0 256
0 640
0 258
0 259
0 260
0 513
0 263
0 556
0 266
0 268
0 270
0 271
0 272
0 273
0 276
0 277
0 278
0 281
0 282
0 283
0 284
0 289
0 301
0 303
0 304
0 648
0 563
0 587
0 309
0 649
0 312
0 317
0 321
0 651
0 324
0 330
0 331
0 332
0 336
0 337
0 339
0 340
0 341
0 343
0 344
0 348
0 350
0 354
0 356
0 357
0 358
0 360
0 691
0 365
0 366
0 573
0 368
0 374
0 375
0 575
0 524
0 383
0 385
0 391
0 392
0 393
0 394
0 395
0 397
0 400
0 610
0 514
0 666
0 686
0 581
0 416
0 417
0 418
0 419
0 421
0 555
0 424
0 426
0 432
0 435
0 594
0 560
0 440
0 442
0 586
0 447
0 448
0 451
0 453
0 454
0 588
0 459
0 463
0 464
0 465
0 466
0 467
0 590
0 471
0 472
0 474
0 477
0 480
0 546
0 516
0 679
0 493
0 494
0 619
0 499
0 500
0 545
0 505
0 506
0 511
1 2
1 3
1 4
1 5
1 6
1 7
1 8
1 9
1 10
1 11
1 12
1 13
1 14
1 15
1 16
1 17
1 18
1 19
1 20
1 21
1 22
1 23
1 24
1 25
1 26
1 27
1 28
1 29
1 30
1 31
1 32
1 33
1 34
1 35
1 36
1 37
1 38
1 39
1 40
1 41
1 42
1 43
1 44
1 45
1 46
1 47
1 48
1 49
1 50
1 51
1 53
1 55
1 568
1 57
1 58
1 59
1 61
1 62
1 63
1 64
1 65
1 66
1 67
1 68
1 650
1 71
1 72
1 524
1 74
1 75
1 76
1 610
1 590
1 525
1 82
1 83
1 84
1 85
1 88
1 89
1 93
1 95
1 98
1 99
1 102
1 103
1 616
1 106
1 108
1 109
1 625
1 626
1 116
1 118
1 120
1 532
1 124
1 125
1 638
1 127
1 128
1 643
1 132
1 137
1 138
1 140
1 142
1 143
1 144
1 148
1 661
1 151
1 666
1 668
1 163
1 676
1 165
1 166
1 171
1 173
1 174
1 176
1 183
1 186
1 187
1 533
1 192
1 193
1 198
1 649
1 204
1 207
1 699
1 215
1 216
1 548
1 221
1 223
1 230
1 551
1 240
1 243
1 249
1 259
1 262
1 264
1 266
1 558
1 290
1 294
1 300
1 303
1 311
1 313
1 607
1 315
1 317
1 322
1 330
1 333
1 334
1 338
1 343
1 355
1 359
1 363
1 365
1 688
1 373
1 375
1 378
1 382
1 388
1 390
1 577
1 400
1 402
1 409
1 412
1 424
1 426
1 432
1 439
1 448
1 449
1 588
1 458
1 460
1 461
1 470
1 474
1 478
1 492
1 502
1 503
1 596
2 3
2 4
2 5
2 6
2 7
2 8
2 9
2 10
2 11
2 12
2 13
2 14
2 15
2 16
2 17
2 18
2 19
2 20
2 21
2 22
2 23
2 24
2 25
2 26
2 27
2 28
2 29
2 30
2 31
2 32
2 33
2 34
2 35
2 292
2 37
2 38
2 39
2 40
2 41
2 42
2 43
2 44
2 45
2 486
2 303
2 49
2 50
2 51
2 566
2 603
2 313
2 58
2 60
2 62
2 63
2 65
2 66
2 68
2 70
2 327
2 74
2 587
2 79
2 80
2 81
2 594
2 83
2 596
2 85
2 87
2 88
2 345
2 347
2 350
2 95
2 96
2 263
2 356
2 101
2 360
2 105
2 107
2 686
2 110
2 515
2 625
2 114
2 116
2 118
2 532
2 378
2 123
2 124
2 126
2 685
2 128
2 130
2 133
2 134
2 135
2 519
2 407
2 396
2 141
2 654
2 150
2 281
2 282
2 158
2 160
2 561
2 162
2 422
2 167
2 551
2 301
2 172
2 429
2 174
2 645
2 433
2 449
2 436
2 695
2 696
2 372
2 698
2 189
2 191
2 448
2 288
2 194
2 458
2 535
2 457
2 202
2 203
2 322
2 674
2 206
2 208
2 504
2 210
2 211
2 469
2 470
2 548
2 591
2 222
2 224
2 230
2 558
2 232
2 490
2 306
2 593
2 240
2 296
2 500
2 245
2 501
2 251
2 264
2 255
3 259
3 4
3 5
3 6
3 7
3 8
3 9
3 10
3 11
3 12
3 13
3 14
3 15
3 16
3 17
3 18
3 19
3 20
3 21
3 22
3 23
3 299
3 26
3 27
3 28
3 29
3 30
3 31
3 288
3 33
3 35
3 36
3 37
3 294
3 39
3 40
3 41
3 43
3 46
3 304
3 49
3 51
3 564
3 53
3 54
3 55
3 312
3 60
3 61
3 62
3 309
3 64
3 65
3 66
3 326
3 72
3 73
3 331
3 77
3 592
3 593
3 82
3 534
3 84
3 85
3 87
3 345
3 91
3 93
3 94
3 98
3 100
3 102
3 104
3 107
3 621
3 110
3 370
3 115
3 372
3 373
3 118
3 632
3 636
3 125
3 383
3 132
3 389
3 135
3 649
3 138
3 141
3 142
3 145
3 427
3 147
3 404
3 663
3 411
3 156
3 647
3 414
3 415
3 674
3 419
3 261
3 540
3 170
3 171
3 428
3 173
3 174
3 431
3 436
3 542
3 329
3 442
3 190
3 265
3 196
3 630
3 198
3 456
3 356
3 518
3 606
3 206
3 504
3 517
3 472
3 476
3 228
3 487
3 236
3 238
3 296
3 243
3 244
3 246
3 247
3 248
3 505
3 252
4 5
4 6
4 7
4 8
4 9
4 10
4 11
4 12
4 13
4 14
4 15
4 16
4 17
4 18
4 20
4 22
4 23
4 25
4 282
4 47
4 31
4 33
4 34
4 547
4 36
4 49
4 41
4 43
4 44
4 303
4 48
4 305
4 307
4 564
4 56
4 57
4 317
4 62
4 63
4 66
4 68
4 69
4 75
4 77
4 78
4 335
4 83
4 563
4 93
4 96
4 98
4 443
4 100
4 101
4 108
4 109
4 61
4 369
4 371
4 374
4 120
4 532
4 122
4 637
4 299
4 639
4 385
4 132
4 623
4 401
4 403
4 662
4 111
4 158
4 539
4 555
4 679
4 688
4 171
4 174
4 687
4 287
4 689
4 432
4 693
4 183
4 186
4 187
4 189
4 446
4 196
4 289
4 205
4 464
4 216
4 217
4 257
4 485
4 487
4 492
4 238
4 221
4 297
4 504
4 477
4 605
5 6
5 7
5 8
5 9
5 10
5 11
5 12
5 13
5 14
5 16
5 17
5 18
5 19
5 20
5 21
5 22
5 316
5 24
5 644
5 26
5 28
5 30
5 572
5 32
5 34
5 35
5 549
5 38
5 39
5 40
5 43
5 45
5 302
5 264
5 51
5 53
5 55
5 56
5 570
5 60
5 266
5 62
5 309
5 64
5 321
5 67
5 70
5 71
5 74
5 332
5 79
5 80
5 611
5 563
5 87
5 348
5 93
5 650
5 354
5 99
5 356
5 105
5 106
5 364
5 622
5 116
5 117
5 630
5 122
5 319
5 125
5 388
5 138
5 139
5 141
5 660
5 149
5 665
5 156
5 538
5 670
5 159
5 160
5 421
5 176
5 433
5 180
5 181
5 182
5 440
5 186
5 189
5 501
5 196
5 198
5 461
5 629
5 208
5 209
5 216
5 218
5 219
5 221
5 592
5 228
5 485
5 230
5 232
5 490
5 493
5 637
5 240
5 498
5 244
5 472
5 503
6 262
6 7
6 8
6 9
6 10
6 11
6 12
6 13
6 14
6 15
6 16
6 17
6 18
6 276
6 24
6 25
6 29
6 286
6 31
6 33
6 34
6 36
6 37
6 294
6 41
6 42
6 43
6 300
6 45
6 51
6 308
6 56
6 57
6 60
6 573
6 62
6 323
6 68
6 70
6 71
6 72
6 75
6 332
6 338
6 398
6 88
6 89
6 271
6 605
6 528
6 610
6 100
6 103
6 111
6 645
6 116
6 376
6 126
6 383
6 133
6 394
6 139
6 142
6 149
6 407
6 152
6 156
6 414
6 684
6 432
6 433
6 158
6 182
6 183
6 184
6 450
6 198
6 201
6 206
6 212
6 476
6 222
6 225
6 127
6 356
6 495
6 248
6 249
6 251
7 9
7 522
7 12
7 13
7 14
7 15
7 16
7 17
7 18
7 19
7 22
7 23
7 516
7 26
7 29
7 31
7 32
7 36
7 38
7 39
7 41
7 554
7 299
7 45
7 47
7 561
7 307
7 52
7 53
7 313
7 58
7 59
7 64
7 51
7 580
7 329
7 77
7 78
7 79
7 80
7 337
7 82
7 89
7 346
7 99
7 100
7 102
7 103
7 106
7 619
7 108
7 367
7 515
7 118
7 631
7 123
7 362
7 383
7 128
7 136
7 137
7 138
7 322
7 141
7 152
7 156
7 282
7 161
7 164
7 422
7 167
7 168
7 173
7 690
7 182
7 187
7 445
7 190
7 620
7 196
7 453
7 417
7 200
7 203
7 462
7 208
7 211
7 213
7 221
7 223
7 480
7 592
7 228
7 485
7 230
7 234
7 239
7 244
7 245
7 504
7 249
8 264
8 10
8 12
8 14
8 15
8 16
8 529
8 18
8 20
8 533
8 279
8 282
8 283
8 28
8 30
8 31
8 35
8 36
8 37
8 295
8 42
8 44
8 50
8 563
8 52
8 53
8 568
8 313
8 59
8 61
8 318
8 65
8 578
8 67
8 325
8 327
8 585
8 439
8 76
8 80
8 593
8 83
8 342
8 343
8 527
8 608
8 609
8 357
8 103
8 104
8 691
8 530
8 111
8 112
8 113
8 114
8 628
8 117
8 632
8 377
8 124
8 381
8 128
8 133
8 396
8 148
8 668
8 674
8 164
8 422
8 284
8 170
8 684
8 433
8 179
8 329
8 442
8 443
8 189
8 446
8 262
8 211
8 473
8 240
8 246
8 249
8 254
9 392
9 620
9 10
9 11
9 12
9 13
9 14
9 15
9 528
9 17
9 18
9 19
9 448
9 21
9 151
9 324
9 154
9 155
9 409
9 133
9 33
9 34
9 35
9 37
9 39
9 425
9 44
9 557
9 174
9 175
9 368
9 180
9 438
9 567
9 59
9 188
9 190
9 629
9 279
9 194
9 505
9 66
9 582
9 289
9 200
9 458
9 332
9 290
9 338
9 578
9 87
9 89
9 143
9 94
9 100
9 233
9 456
9 491
9 236
9 240
9 242
9 531
9 245
9 118
9 503
9 249
9 506
9 507
9 508
10 641
10 394
10 132
10 12
10 141
10 14
10 655
10 16
10 18
10 19
10 20
10 21
10 662
10 23
10 24
10 25
10 26
10 411
10 28
10 410
10 30
10 669
10 416
10 417
10 35
10 677
10 38
10 167
10 171
10 45
10 46
10 175
10 178
10 371
10 309
10 55
10 58
10 192
10 574
10 64
10 435
10 67
10 68
10 200
10 652
10 183
10 78
10 450
10 210
10 163
10 142
10 218
10 220
10 186
10 587
10 99
10 100
10 195
10 107
10 108
10 621
10 622
10 275
10 374
10 119
10 507
10 281
10 341
11 135
11 12
11 13
11 14
11 271
11 16
11 303
11 18
11 19
11 148
11 21
11 22
11 644
11 155
11 27
11 28
11 29
11 31
11 32
11 161
11 278
11 35
11 36
11 37
11 38
11 167
11 296
11 44
11 45
11 46
11 47
11 368
11 50
11 563
11 52
11 54
11 300
11 185
11 58
11 187
11 60
11 445
11 574
11 525
11 452
11 69
11 417
11 72
11 258
11 203
11 77
11 79
11 81
11 211
11 340
11 214
11 475
11 570
11 222
11 546
11 465
11 360
11 242
11 662
11 235
11 108
11 109
11 157
11 114
11 374
11 250
11 507
11 380
12 140
12 13
12 143
12 358
12 273
12 19
12 20
12 22
12 279
12 152
12 26
12 28
12 278
12 688
12 162
12 165
12 41
12 426
12 43
12 45
12 686
12 303
12 304
12 50
12 57
12 189
12 318
12 191
12 65
12 67
12 650
12 202
12 459
12 76
12 78
12 594
12 598
12 88
12 217
12 90
12 92
12 224
12 425
12 99
12 228
12 101
12 195
12 657
12 233
12 619
12 434
12 624
12 113
12 119
12 121
12 123
12 345
12 685
13 138
13 141
13 15
13 16
13 18
13 19
13 558
13 279
13 409
13 154
13 539
13 29
13 158
13 133
13 673
13 34
13 667
13 165
13 167
13 168
13 41
13 42
13 300
13 45
13 46
13 303
13 432
13 513
13 286
13 55
13 315
13 316
13 192
13 63
13 64
13 65
13 66
13 650
13 609
13 194
13 501
13 226
13 84
13 469
13 598
13 505
13 88
13 477
13 293
13 528
13 98
13 99
13 229
13 104
13 642
13 317
13 112
13 115
13 245
13 297
13 249
13 378
13 123
13 380
13 126
14 16
14 17
14 276
14 238
14 278
14 664
14 132
14 154
14 27
14 284
14 29
14 31
14 33
14 35
14 134
14 38
14 168
14 41
14 42
14 300
14 45
14 178
14 155
14 53
14 59
14 60
14 189
14 575
14 71
14 200
14 632
14 612
14 466
14 217
14 91
14 220
14 443
14 356
14 401
14 232
14 106
14 487
14 110
14 112
14 680
14 545
14 120
14 121
14 251
14 252
15 342
15 650
15 267
15 16
15 273
15 403
15 21
15 281
15 132
15 28
15 415
15 33
15 34
15 36
15 37
15 679
15 301
15 48
15 561
15 563
15 52
15 53
15 313
15 189
15 62
15 181
15 64
15 66
15 70
15 373
15 72
15 74
15 546
15 206
15 83
15 84
15 86
15 95
15 144
15 100
15 360
15 363
15 238
15 624
15 369
15 114
15 659
15 116
15 245
16 259
16 272
16 19
16 148
16 277
16 23
16 408
16 26
16 155
16 284
16 31
16 33
16 34
16 262
16 39
16 40
16 476
16 170
16 44
16 321
16 136
16 59
16 190
16 193
16 323
16 196
16 325
16 74
16 588
16 77
16 82
16 611
16 84
16 86
16 472
16 689
16 92
16 222
16 293
16 355
16 229
16 615
16 104
16 106
16 210
16 451
16 114
16 115
16 426
17 520
17 18
17 19
17 532
17 21
17 22
17 24
17 25
17 27
17 414
17 160
17 534
17 391
17 44
17 174
17 49
17 690
17 73
17 57
17 316
17 288
17 32
17 329
17 591
17 208
17 84
17 85
17 95
17 224
17 98
17 230
17 359
17 618
17 619
17 658
17 366
17 113
17 246
18 527
18 141
18 274
18 19
18 20
18 691
18 24
18 25
18 640
18 431
18 28
18 157
18 133
18 33
18 35
18 37
18 38
18 412
18 647
18 556
18 45
18 47
18 51
18 513
18 181
18 137
18 57
18 479
18 63
18 65
18 262
18 651
18 452
18 585
18 75
18 76
18 79
18 81
18 341
18 441
18 92
18 293
18 613
18 230
18 234
18 491
18 109
18 425
18 250
19 132
19 259
19 23
19 25
19 26
19 283
19 28
19 29
19 33
19 35
19 40
19 47
19 432
19 51
19 441
19 58
19 191
19 161
19 328
19 201
19 75
19 83
19 57
19 612
19 234
19 621
19 243
19 116
19 502
19 362
19 255
20 390
20 647
20 137
20 267
20 142
20 147
20 622
20 23
20 544
20 34
20 547
20 649
20 40
20 220
20 173
20 48
20 691
20 181
20 438
20 311
20 57
20 187
20 63
20 192
20 65
20 72
20 329
20 204
20 84
20 214
20 87
20 600
20 476
20 608
20 225
20 612
20 486
20 616
20 105
20 106
20 366
20 629
20 630
20 375
20 122
20 381
21 513
21 72
21 204
21 572
21 272
21 332
21 218
21 28
21 413
21 94
21 351
21 33
21 293
21 39
21 40
21 372
21 106
21 231
21 688
21 52
21 117
21 248
21 308
21 634
21 60
21 61
22 332
22 107
22 404
22 85
22 25
22 24
22 68
22 235
22 495
22 605
22 94
22 479
22 97
22 355
22 100
22 229
22 102
22 81
22 664
22 43
22 44
22 111
22 304
22 305
22 313
22 199
22 120
22 225
22 59
22 281
22 61
22 190
22 63
23 623
23 396
23 399
23 80
23 687
23 357
23 249
23 25
23 574
23 29
23 351
23 34
23 37
23 358
23 295
23 168
23 208
23 557
23 46
23 221
23 117
23 502
23 641
23 185
23 477
23 443
23 60
23 190
23 405
24 326
24 193
24 267
24 322
24 194
24 142
24 448
24 85
24 600
24 537
24 367
24 93
24 229
24 288
24 33
24 162
24 163
24 256
24 134
24 102
24 558
24 41
24 455
24 338
24 402
24 221
24 112
24 241
24 181
24 694
24 567
24 184
24 479
24 671
25 598
25 321
25 137
25 83
25 140
25 429
25 84
25 472
25 68
25 349
25 679
25 198
25 455
25 103
25 40
25 41
25 274
25 427
25 237
25 616
25 175
25 369
25 115
25 625
25 55
25 56
25 660
25 631
25 330
25 74
25 169
25 191
26 340
26 75
26 224
26 269
26 80
26 450
26 210
26 148
26 85
26 665
26 92
26 93
26 96
26 482
26 195
26 639
26 129
26 372
26 404
26 546
26 110
26 111
26 112
26 52
26 54
26 311
26 313
26 122
26 635
26 124
26 277
27 260
27 385
27 136
27 394
27 384
27 576
27 28
27 29
27 32
27 34
27 165
27 38
27 296
27 173
27 430
27 49
27 183
27 440
27 443
27 188
27 64
27 65
27 197
27 326
27 73
27 75
27 76
27 77
27 337
27 216
27 217
27 349
27 94
27 95
27 226
27 166
27 209
27 359
27 274
27 114
28 518
28 279
28 536
28 29
28 33
28 421
28 40
28 298
28 430
28 128
28 52
28 182
28 308
28 572
28 64
28 193
28 578
28 323
28 68
28 586
28 611
28 469
28 88
28 90
28 355
28 102
28 107
28 237
28 112
28 424
29 487
29 72
29 599
29 524
29 594
29 430
29 203
29 355
29 647
29 199
29 96
29 161
29 163
29 97
29 135
29 428
29 45
29 321
29 669
29 359
29 520
29 403
29 500
29 186
29 60
29 469
30 267
30 450
30 398
30 271
30 131
30 407
30 32
30 33
30 34
30 45
30 47
30 305
30 53
30 441
30 58
30 74
30 62
30 66
30 673
30 330
30 86
30 90
30 91
30 93
30 107
30 97
30 98
30 487
30 259
30 362
30 619
30 621
30 368
30 221
30 247
30 632
30 122
30 381
31 645
31 137
31 386
31 43
31 515
31 404
31 149
31 278
31 671
31 35
31 36
31 165
31 561
31 424
31 554
31 263
31 44
31 301
31 49
31 51
31 442
31 59
31 575
31 68
31 582
31 202
31 77
31 79
31 593
31 340
31 89
31 348
31 570
31 37
31 353
31 99
31 131
31 107
31 507
32 67
32 136
32 128
32 435
32 450
32 367
32 85
32 407
32 157
32 94
32 223
32 480
32 225
32 354
32 99
32 164
32 103
32 489
32 327
32 321
32 175
32 391
32 54
32 56
32 185
32 250
32 181
33 69
33 71
33 514
33 78
33 214
33 217
33 538
33 133
33 488
33 173
33 305
33 306
33 435
33 118
33 56
33 543
33 590
34 385
34 665
34 412
34 160
34 674
34 678
34 40
34 681
34 391
34 45
34 49
34 306
34 286
34 54
34 312
34 697
34 186
34 315
34 53
34 192
34 194
34 201
34 204
34 80
34 82
34 211
34 99
34 100
34 102
34 359
34 104
34 106
34 237
34 623
34 670
34 373
34 118
34 503
34 121
34 383
34 253
34 127
35 268
35 131
35 276
35 277
35 412
35 669
35 294
35 172
35 303
35 48
35 264
35 50
35 371
35 183
35 59
35 138
35 139
35 325
35 73
35 75
35 205
35 142
35 203
35 571
35 488
35 365
35 243
35 245
35 502
35 248
35 633
35 122
35 511
36 361
36 70
36 356
36 341
36 270
36 144
36 84
36 252
36 214
36 343
36 408
36 169
36 233
36 156
36 94
36 160
36 400
36 610
36 243
36 551
36 64
36 426
36 321
36 115
36 324
36 55
36 656
36 479
36 60
36 125
36 127
37 327
37 139
37 76
37 397
37 535
37 450
37 195
37 342
37 591
37 525
37 540
37 272
37 587
37 39
37 361
37 683
37 177
37 336
37 49
37 51
37 116
37 54
37 183
37 87
37 268
37 318
37 127
38 203
38 196
38 65
38 200
38 140
38 81
38 640
38 91
38 156
38 221
38 674
38 373
38 556
38 302
38 625
38 371
38 513
38 53
38 118
38 319
39 558
39 193
39 205
39 145
39 465
39 107
39 278
39 347
39 157
39 222
39 545
39 163
39 195
39 103
39 104
39 42
39 483
39 419
39 430
39 303
39 48
39 488
39 50
39 595
39 594
39 658
39 378
39 298
39 170
39 574
40 396
40 256
40 399
40 151
40 152
40 672
40 156
40 43
40 301
40 177
40 178
40 69
40 582
40 585
40 77
40 210
40 211
40 85
40 87
40 88
40 473
40 353
40 486
40 490
40 107
40 237
40 515
40 242
40 372
40 117
40 251
40 380
41 133
41 136
41 267
41 140
41 669
41 415
41 545
41 162
41 549
41 44
41 179
41 308
41 318
41 64
41 582
41 673
41 205
41 590
41 333
41 341
41 604
41 94
41 102
41 487
41 104
41 239
41 369
41 242
41 116
41 247
41 122
41 524
42 427
42 459
42 653
42 208
42 276
42 206
42 214
42 407
42 222
42 656
42 316
42 167
42 172
42 46
42 176
42 72
42 690
42 52
42 309
42 119
42 244
42 200
42 61
42 533
43 135
43 204
43 537
43 90
43 672
43 125
43 608
43 549
43 230
43 44
43 50
43 47
43 114
43 115
43 180
43 415
43 189
43 325
44 259
44 129
44 192
44 427
44 595
44 665
44 169
44 201
44 412
44 410
44 286
44 609
44 634
44 292
44 293
44 103
44 64
44 172
44 624
44 670
44 420
44 122
44 187
44 60
44 63
45 523
45 698
45 73
45 77
45 563
45 211
45 206
45 463
45 160
45 503
45 165
45 423
45 71
45 365
45 46
45 561
45 435
45 350
45 246
45 119
45 58
45 60
45 510
46 130
46 198
46 647
46 649
46 202
46 659
46 468
46 477
46 608
46 97
46 163
46 47
46 560
46 50
46 179
46 308
46 54
46 695
46 63
47 259
47 73
47 548
47 141
47 271
47 148
47 356
47 436
47 68
47 160
47 225
47 100
47 230
47 167
47 681
47 112
47 579
47 179
47 116
47 438
47 276
47 383
47 319
48 650
48 204
48 522
48 487
48 192
48 51
48 117
48 246
48 403
48 524
48 95
49 265
49 652
49 205
49 336
49 84
49 661
49 662
49 281
49 88
49 132
49 154
49 156
49 474
49 161
49 163
49 676
49 357
49 620
49 177
49 501
49 120
49 283
50 128
50 139
50 399
50 272
50 657
50 84
50 279
50 217
50 413
50 353
50 226
50 485
50 620
50 625
50 244
50 440
51 275
51 389
51 267
51 76
51 80
51 147
51 512
51 179
51 220
51 285
51 98
51 355
51 195
51 104
51 426
51 263
51 557
51 456
51 245
51 607
51 57
51 122
51 187
51 60
52 70
52 73
52 529
52 403
52 408
52 79
52 223
52 225
52 315
52 102
52 241
52 180
52 629
52 201
52 123
52 62
53 73
53 139
53 206
53 335
53 186
53 442
53 673
53 571
53 292
53 634
53 106
53 558
53 392
53 178
53 118
53 58
53 543
53 277
54 192
54 455
54 520
54 585
54 354
54 526
54 591
54 82
54 131
54 280
54 154
54 459
54 287
54 165
54 357
54 232
54 171
54 402
54 302
54 176
54 466
54 116
55 200
55 329
55 78
55 479
55 144
55 84
55 157
55 133
55 98
55 109
55 623
55 177
55 246
55 57
55 59
55 202
55 383
56 193
56 619
56 256
56 72
56 76
56 206
56 341
56 87
56 91
56 68
56 261
56 611
56 164
56 104
56 540
56 427
56 517
56 301
56 316
56 452
57 133
57 193
57 64
57 74
57 335
57 341
57 662
57 343
57 429
57 671
57 353
57 593
57 199
57 173
57 110
57 240
57 498
57 183
57 186
57 125
58 133
58 137
58 384
58 218
58 687
58 158
58 95
58 352
58 111
58 241
58 184
58 127
59 194
59 202
59 471
59 332
59 399
59 210
59 227
59 148
59 142
59 151
59 591
59 283
59 677
59 552
59 425
59 623
59 369
59 114
59 564
59 245
59 310
59 629
60 574
60 458
60 143
60 464
60 530
60 78
60 214
60 91
60 540
60 157
60 261
60 546
60 70
60 103
60 622
60 242
60 254
60 215
61 261
61 65
61 140
61 74
61 76
61 400
61 345
61 348
61 427
61 357
61 129
61 263
61 512
61 649
61 313
61 186
62 78
62 91
62 353
62 482
62 294
62 104
62 235
62 236
62 110
62 691
62 373
62 696
62 186
63 134
63 648
63 201
63 78
63 79
63 450
63 211
63 87
63 592
63 294
63 491
63 366
63 176
63 113
63 590
64 134
64 135
64 144
64 594
64 107
64 341
64 470
64 344
64 445
64 288
64 353
64 65
64 167
64 691
64 173
64 303
64 659
64 509
64 74
64 685
65 196
65 135
65 527
65 341
65 344
65 217
65 479
65 98
65 483
65 360
65 172
65 242
65 381
65 114
65 179
65 181
65 184
65 122
65 318
66 69
66 289
66 392
66 140
66 218
66 91
66 351
66 544
66 161
66 226
66 231
66 488
66 423
66 237
66 239
66 692
66 308
66 182
66 185
66 122
66 124
66 254
67 482
67 603
67 228
67 224
67 527
67 305
67 384
67 611
67 277
67 282
67 530
67 380
68 387
68 390
68 455
68 523
68 397
68 592
68 696
68 512
68 549
68 642
68 366
68 677
68 435
68 573
68 574
69 73
69 331
69 79
69 145
69 274
69 515
69 470
69 88
69 223
69 608
69 98
69 294
69 465
69 241
69 178
69 119
69 249
69 319
69 383
70 76
70 146
70 148
70 534
70 215
70 408
70 347
70 517
70 133
70 219
70 164
70 490
70 299
70 364
70 245
70 89
70 479
71 523
71 203
71 357
71 210
71 469
71 171
71 177
71 146
71 302
71 119
71 345
71 341
71 93
71 295
72 194
72 388
72 694
72 513
72 578
72 334
72 156
72 224
72 353
72 103
72 105
72 300
72 374
72 183
72 445
73 132
73 204
73 75
73 76
73 336
73 82
73 147
73 342
73 279
73 88
73 153
73 95
73 544
73 175
73 305
73 434
73 659
73 547
73 439
73 116
73 186
73 415
73 316
73 475
73 127
74 455
74 79
74 140
74 338
74 85
74 91
74 348
74 417
74 164
74 188
74 685
74 181
74 380
74 394
75 394
75 108
75 435
75 547
75 233
75 356
75 585
75 637
75 123
76 196
76 400
76 663
76 625
76 618
76 622
76 561
76 140
76 521
76 136
77 648
77 402
77 150
77 151
77 344
77 90
77 159
77 98
77 547
77 359
77 106
77 583
77 497
77 114
77 121
77 698
77 191
77 255
78 578
78 419
78 485
78 129
78 428
78 335
78 81
78 353
78 420
78 283
78 234
79 193
79 331
79 422
79 519
79 289
79 209
79 309
79 151
79 565
79 125
80 164
80 566
80 140
80 333
80 241
80 115
80 340
80 341
80 150
80 479
80 389
81 427
81 649
81 194
81 272
81 450
81 403
81 667
81 144
81 359
81 423
81 297
81 235
81 173
81 627
81 698
81 125
82 523
82 525
82 207
82 120
82 515
82 149
82 535
82 527
82 95
82 96
82 97
82 199
82 241
82 513
82 184
82 191
83 614
83 110
83 111
83 112
83 274
83 277
83 278
83 312
83 317
83 223
84 130
84 332
84 279
84 414
84 549
84 281
84 110
84 509
84 316
84 125
84 254
85 452
85 406
85 490
85 385
85 463
85 400
85 342
85 159
85 646
85 233
85 426
85 306
85 183
85 95
85 253
86 480
86 258
86 163
86 134
86 616
86 299
86 386
86 643
86 502
86 121
86 587
86 217
86 573
87 617
87 263
87 136
87 684
87 149
87 92
87 544
87 98
87 227
87 550
87 465
87 105
87 106
87 108
87 244
87 501
87 566
87 521
87 248
87 639
87 573
88 136
88 194
88 464
88 544
88 137
88 96
88 97
88 228
88 295
88 365
88 498
88 118
88 247
88 507
88 636
89 522
89 493
89 175
89 113
89 468
89 181
89 617
89 543
89 507
89 189
90 208
90 354
90 549
90 257
90 535
90 524
90 266
90 112
90 113
90 439
90 312
91 100
91 158
91 348
91 268
91 482
91 493
91 336
91 408
91 382
91 531
91 245
92 544
92 613
92 361
92 110
92 214
92 120
92 121
92 124
92 93
92 415
93 102
93 128
93 235
93 353
93 207
93 241
93 211
93 597
93 342
93 343
94 163
94 108
94 141
94 288
94 144
94 596
94 573
94 99
94 532
94 217
94 349
95 267
95 128
95 203
95 652
95 276
95 156
95 248
95 163
95 359
95 605
95 113
95 562
95 308
95 375
95 184
95 127
95 191
96 384
96 603
96 665
96 247
96 386
96 367
96 472
96 117
96 119
96 397
96 495
96 188
96 437
97 260
97 262
97 329
97 138
97 459
97 207
97 340
97 601
97 537
97 538
97 352
97 100
97 106
97 466
97 305
97 246
97 121
97 444
98 496
98 206
98 176
98 126
98 601
99 449
99 399
99 339
99 537
99 473
99 347
99 604
99 221
99 159
99 507
99 422
99 275
99 418
100 230
100 384
100 242
100 112
100 113
100 632
100 525
101 481
101 323
101 490
101 108
101 109
101 240
101 149
101 119
101 218
101 125
101 117
102 448
102 225
102 333
102 282
102 656
102 147
102 587
102 148
102 154
102 348
103 695
103 131
103 485
103 137
103 269
103 401
103 240
103 481
103 284
103 329
104 166
104 263
104 204
104 302
104 468
104 695
104 377
104 667
104 156
104 491
105 545
105 324
105 263
105 140
105 162
105 142
105 144
105 657
105 344
105 564
105 672
105 319
106 166
106 533
106 429
106 206
106 592
106 420
106 445
106 574
107 196
107 294
107 268
107 192
107 425
107 208
107 533
107 297
108 642
108 360
108 532
108 335
108 215
108 373
108 185
108 586
108 325
109 651
109 326
109 454
109 205
109 144
109 622
109 217
109 538
109 346
109 223
109 232
109 171
109 238
109 495
109 432
109 378
110 650
110 182
110 122
111 227
111 406
111 698
111 201
111 157
111 496
111 116
111 681
111 410
112 389
112 622
112 342
112 349
112 352
112 162
112 571
112 550
112 365
112 430
112 113
112 376
112 251
112 508
113 544
113 392
113 451
113 331
113 413
113 530
113 643
113 310
113 217
113 125
114 488
114 265
114 298
114 115
114 141
114 361
114 232
114 222
115 263
115 202
115 203
115 653
115 597
115 279
115 506
116 170
116 368
116 495
116 297
117 577
117 682
117 331
117 690
117 559
117 178
117 255
118 568
118 264
118 469
118 152
118 291
118 436
118 155
118 351
119 179
119 200
119 329
119 277
119 600
119 539
119 683
119 677
119 371
119 502
119 202
119 121
119 253
119 213
120 654
120 518
120 122
120 693
121 684
121 196
121 524
121 527
121 148
121 282
121 477
121 547
121 613
121 363
121 300
121 503
121 125
122 601
122 142
122 312
122 150
122 345
122 605
122 232
122 366
122 440
122 252
122 575
123 230
123 335
123 208
123 337
123 533
123 660
123 418
124 359
124 316
124 331
124 130
124 519
124 495
124 208
124 336
124 276
124 309
124 542
125 340
125 493
125 219
126 128
126 483
126 132
126 169
126 192
126 371
126 277
126 631
126 315
126 507
127 229
127 532
127 559
127 212
127 622
127 345
127 230
127 133
128 164
128 166
128 134
128 288
128 168
129 233
129 140
129 269
129 688
129 468
129 664
129 574
130 192
130 131
130 356
130 677
130 233
130 169
130 460
130 194
130 237
130 177
130 183
130 152
130 372
130 155
131 637
131 620
131 258
132 160
132 339
132 620
132 496
132 470
132 495
132 216
132 559
132 271
133 193
133 522
133 285
133 547
133 484
133 683
133 628
133 182
133 505
134 518
134 456
134 139
134 204
134 398
134 210
135 644
135 294
135 392
135 330
135 192
135 621
135 527
135 534
135 394
135 507
135 318
136 620
136 199
136 567
136 185
136 225
137 484
137 193
137 394
137 629
137 216
137 545
137 247
138 388
138 422
138 274
138 693
138 408
138 188
139 356
139 432
139 403
139 341
139 694
139 439
139 280
139 345
140 396
140 642
140 154
140 615
140 684
140 173
140 623
140 690
140 172
140 254
141 198
141 363
141 219
141 157
142 147
142 280
142 562
142 330
143 450
143 323
143 645
143 202
143 372
143 149
143 152
143 316
143 540
144 225
144 528
144 201
144 525
144 346
145 242
145 292
145 324
145 308
145 205
145 431
146 161
146 307
146 503
146 309
146 183
146 440
146 649
146 415
147 180
147 691
147 345
147 641
148 391
148 178
148 534
148 345
148 636
148 670
148 325
149 673
149 294
149 444
149 214
149 152
149 156
150 214
150 298
151 224
151 566
151 166
151 298
151 236
151 529
151 338
151 246
151 572
151 522
152 579
152 327
152 300
152 439
152 538
153 481
154 421
154 204
154 269
154 274
154 343
154 444
154 669
155 293
155 568
155 656
156 289
156 213
156 558
156 358
156 510
157 545
157 421
157 425
157 551
157 218
158 160
158 256
158 230
158 647
158 226
158 209
158 600
158 217
158 220
158 382
159 200
159 372
159 374
159 184
160 505
160 508
161 224
161 177
161 364
161 302
161 527
161 661
162 288
162 472
162 229
162 614
162 200
162 490
162 232
162 275
162 308
162 281
162 639
163 451
163 256
163 182
163 556
163 205
163 433
163 282
163 507
163 668
164 551
164 348
164 280
165 194
165 361
165 207
165 237
165 474
166 698
166 176
166 240
166 215
167 263
167 194
167 317
167 442
167 190
167 661
168 611
168 198
168 521
168 236
168 344
168 570
169 288
169 388
169 275
169 510
169 502
169 344
170 293
170 502
170 596
171 226
171 197
171 395
171 268
171 526
171 338
171 611
171 213
171 420
171 409
171 639
171 223
172 690
172 185
172 363
172 370
173 612
173 485
173 434
173 641
173 699
174 488
174 622
174 419
174 247
174 216
174 612
174 379
174 265
174 312
175 178
175 515
175 182
176 449
176 185
177 358
177 337
177 597
177 249
177 251
177 455
178 224
178 230
178 624
178 402
178 255
179 639
180 563
180 571
180 657
181 676
181 583
181 296
181 364
181 402
181 216
181 626
181 381
182 444
182 387
182 367
182 605
182 254
183 320
183 225
183 299
183 206
183 436
183 668
183 522
184 447
184 519
185 481
185 490
185 275
185 566
185 473
185 698
185 189
186 548
186 674
186 196
186 598
186 463
187 520
187 201
187 557
187 560
187 529
187 279
187 640
188 258
188 484
188 566
188 553
188 271
189 359
189 458
189 349
190 577
190 530
190 227
190 374
190 595
191 449
191 230
191 359
191 615
191 236
191 238
191 596
191 374
191 281
191 396
191 660
191 671
191 541
192 328
192 424
192 538
193 200
193 304
193 337
193 404
193 501
193 378
193 239
194 466
194 435
194 431
194 217
194 265
194 381
195 259
195 548
195 233
195 497
195 325
196 583
196 305
196 259
196 698
196 401
196 413
197 480
197 228
197 212
197 607
198 466
198 402
198 366
199 312
199 578
201 528
201 292
201 421
201 410
202 612
202 455
202 223
202 650
202 203
202 610
202 308
203 227
203 233
203 209
203 214
203 329
203 241
204 647
204 269
205 397
205 594
205 388
205 282
205 315
205 221
206 652
206 495
207 587
208 334
209 627
209 369
209 564
209 670
210 581
210 467
210 692
210 566
211 448
211 491
211 392
211 565
211 621
212 321
212 677
212 675
212 452
212 481
212 297
212 588
212 500
213 433
213 456
213 476
213 524
214 627
214 429
214 451
214 388
214 666
214 234
215 411
215 261
216 480
216 395
216 623
216 505
217 294
217 230
217 236
217 682
217 589
217 594
217 248
217 285
218 322
218 271
218 343
218 249
219 375
219 335
220 420
220 444
220 316
220 221
221 290
221 508
221 657
221 382
221 580
222 458
222 272
222 234
222 331
222 399
222 346
223 227
223 523
223 371
223 283
225 673
225 517
225 376
225 412
225 390
226 383
226 357
226 472
226 300
227 565
227 586
228 479
229 296
229 651
229 252
230 419
230 298
230 394
231 449
231 403
231 648
231 606
231 431
232 614
233 485
233 425
233 623
233 277
234 465
234 360
235 299
235 416
236 599
236 657
236 562
236 250
237 248
237 252
238 418
238 325
238 620
238 300
238 469
239 400
239 342
239 280
239 375
239 302
239 548
240 495
240 677
240 538
241 385
241 555
242 614
242 455
242 569
242 250
242 350
243 277
243 392
243 634
243 325
243 563
244 320
244 294
244 367
244 451
244 280
244 539
245 505
245 350
246 421
246 358
246 394
246 460
246 370
247 453
247 267
247 336
247 252
247 541
248 678
248 616
248 296
248 347
249 331
249 577
250 651
251 416
251 484
251 289
251 541
252 321
252 598
252 475
252 284
252 666
253 321
253 675
253 621
254 443
254 485
254 427
255 560
255 672
255 349
256 458
256 407
257 289
257 419
257 534
257 303
258 544
259 679
259 590
260 564
260 471
260 279
260 318
261 386
261 587
261 620
261 530
261 461
261 274
261 307
261 536
262 535
262 461
263 557
263 659
264 470
264 504
264 390
265 320
265 622
265 684
265 693
266 371
266 352
267 450
267 324
268 577
268 280
268 461
269 333
270 316
270 654
270 518
271 674
271 279
271 620
272 424
272 441
273 569
273 507
273 380
274 385
274 581
274 691
274 282
274 285
275 406
275 631
275 653
275 430
275 353
276 699
276 502
276 426
277 399
278 376
279 448
279 422
279 560
279 508
280 322
280 345
281 448
281 375
282 686
282 318
283 475
283 695
284 690
284 341
284 616
284 669
285 291
286 300
286 413
287 316
287 619
288 415
289 557
289 413
289 589
290 535
290 587
290 652
290 365
290 415
291 488
291 663
292 600
293 611
293 362
294 485
294 443
295 658
295 659
295 327
295 666
295 524
296 664
296 505
296 350
297 419
297 406
297 404
297 575
298 422
298 402
299 396
299 336
299 626
299 537
299 473
299 445
300 568
300 372
300 537
300 348
301 436
301 568
302 440
302 659
304 406
304 679
304 460
304 512
304 686
304 479
305 536
306 352
306 435
306 564
307 324
307 632
307 469
308 466
308 606
309 505
310 325
310 609
311 605
311 663
312 316
314 695
315 417
315 365
316 471
316 665
316 540
317 633
317 431
317 351
318 600
319 498
319 459
320 340
320 416
321 577
321 563
321 592
322 328
322 531
322 643
323 481
324 458
324 411
325 522
325 629
325 439
327 399
328 675
328 634
329 416
329 587
329 360
329 595
329 537
330 345
330 385
330 682
330 459
331 624
331 679
332 453
332 616
333 534
333 545
333 397
333 383
334 482
334 628
335 678
335 343
335 494
336 396
336 411
337 677
337 401
337 393
338 619
338 430
339 613
339 375
339 551
339 380
339 382
339 511
340 343
340 468
340 687
341 404
342 406
342 649
342 634
343 473
343 551
343 493
343 596
343 356
344 605
344 486
344 589
345 550
345 349
346 352
346 691
347 496
347 564
347 589
347 467
348 362
348 504
349 431
349 663
350 659
350 443
351 480
351 504
351 377
351 615
351 606
353 554
355 492
355 367
356 527
357 684
358 598
358 602
359 651
359 419
360 635
360 398
363 681
364 595
365 439
366 646
366 544
366 592
366 684
367 658
367 495
369 665
369 636
370 597
370 666
370 462
374 419
376 414
377 483
377 643
377 405
377 475
379 450
380 674
381 592
381 435
381 535
381 473
381 594
382 483
383 631
383 536
383 637
384 530
384 552
385 574
388 627
389 455
392 486
392 473
392 577
393 682
393 455
395 682
395 539
396 459
397 518
397 504
397 474
398 661
399 648
400 695
401 488
402 445
403 514
403 432
404 408
404 539
405 497
405 695
405 575
406 624
406 524
407 421
407 604
407 450
408 438
408 471
408 638
409 596
409 695
409 580
409 647
410 620
411 481
412 480
413 696
414 421
414 502
415 576
417 608
417 538
417 675
417 572
418 581
419 673
420 518
420 655
421 474
422 524
422 444
422 647
424 622
424 428
425 580
427 484
428 672
429 569
429 460
430 559
431 674
431 681
432 450
432 441
433 452
434 578
434 519
434 440
434 590
436 624
436 690
436 626
436 684
438 512
438 633
438 650
438 495
443 572
445 492
447 642
447 481
448 602
448 503
451 553
452 483
452 607
453 488
454 630
455 625
455 528
455 549
456 493
459 562
459 526
462 555
464 670
465 539
465 617
466 545
466 599
466 574
467 690
468 497
469 580
470 487
470 540
471 500
472 585
475 630
475 614
475 655
476 644
476 517
478 682
480 636
481 642
482 492
483 504
485 488
485 612
487 604
488 627
490 581
491 609
491 567
492 633
494 528
495 498
495 527
495 638
499 554
499 643
501 552
502 558
503 529
503 537
504 519
506 560
506 628
506 606
514 639
516 526
521 636
522 547
524 665
525 538
526 543
528 627
530 549
531 600
531 591
536 628
536 568
537 694
537 662
538 544
538 559
539 580
539 640
540 562
540 621
542 670
544 613
544 657
548 638
549 672
550 684
550 636
551 630
555 601
556 566
556 603
556 661
560 697
577 659
583 668
587 639
589 673
604 645
608 651
610 624
621 687
624 685
628 670
632 678
634 674
635 658
639 648
639 671
644 689
661 673
665 668
670 687
679 688
