0 1
0 2
0 3
0 4
0 5
0 6
0 7
0 8
0 9
0 10
0 11
0 12
0 13
0 14
0 15
0 16
0 17
0 18
0 19
0 20
0 21
0 22
0 23
0 24
0 25
0 26
0 27
0 28
0 29
0 30
0 31
0 32
0 33
0 34
0 35
0 36
0 37
0 38
0 39
0 40
0 41
0 42
0 43
0 44
0 45
0 46
0 47
0 48
0 49
0 50
0 51
0 52
0 53
0 54
0 55
0 56
0 57
0 58
0 59
0 60
0 61
0 62
0 63
0 64
0 65
0 66
0 67
0 68
0 69
0 70
0 71
0 72
0 73
0 74
0 75
0 76
0 77
0 78
0 79
0 80
0 81
0 82
0 83
0 84
0 85
0 86
0 87
0 88
0 89
0 90
0 91
0 92
0 93
0 94
0 95
0 96
0 97
0 98
0 99
1 2
1 3
1 4
1 5
1 6
1 7
1 8
1 9
1 10
1 11
1 12
1 13
1 14
1 15
1 16
1 17
1 18
1 19
1 20
1 21
1 22
1 23
1 24
1 25
1 26
1 27
1 28
1 29
1 30
1 31
1 32
1 33
1 34
1 35
1 36
1 37
1 38
1 39
1 40
1 41
1 42
1 43
1 44
1 45
1 46
1 47
1 48
1 49
1 50
1 51
1 52
1 53
1 54
1 55
1 56
1 57
1 58
1 59
1 60
1 61
1 62
1 63
1 64
1 65
1 66
1 67
1 68
1 69
1 70
1 71
1 72
1 73
1 74
1 75
1 76
1 77
1 78
1 79
1 80
1 81
1 82
1 83
1 84
1 85
1 86
1 87
1 88
1 89
1 90
1 91
1 92
1 93
1 94
1 95
1 96
1 97
1 98
1 99
2 3
2 4
2 5
2 6
2 7
2 8
2 9
2 10
2 11
2 12
2 13
2 14
2 15
2 16
2 17
2 18
2 19
2 20
2 21
2 22
2 23
2 24
2 25
2 26
2 27
2 28
2 29
2 30
2 31
2 32
2 33
2 34
2 35
2 36
2 37
2 38
2 39
2 40
2 41
2 42
2 43
2 44
2 45
2 46
2 47
2 48
2 49
2 50
2 51
2 52
2 53
2 54
2 55
2 56
2 57
2 58
2 59
2 60
2 61
2 62
2 63
2 64
2 65
2 66
2 67
2 68
2 69
2 70
2 71
2 72
2 73
2 74
2 75
2 76
2 78
2 79
2 80
2 81
2 82
2 83
2 84
2 86
2 87
2 88
2 89
2 90
2 92
2 93
2 94
2 95
2 96
2 97
2 98
2 99
3 4
3 5
3 6
3 7
3 8
3 9
3 10
3 11
3 12
3 13
3 14
3 15
3 16
3 17
3 18
3 19
3 20
3 21
3 22
3 23
3 24
3 25
3 26
3 27
3 28
3 29
3 30
3 31
3 32
3 33
3 34
3 35
3 36
3 37
3 38
3 39
3 40
3 41
3 42
3 43
3 44
3 45
3 46
3 47
3 48
3 49
3 50
3 51
3 52
3 53
3 54
3 55
3 56
3 57
3 58
3 59
3 60
3 61
3 62
3 63
3 64
3 65
3 67
3 70
3 73
3 74
3 75
3 76
3 77
3 78
3 79
3 80
3 82
3 83
3 86
3 88
3 89
3 90
3 93
3 94
3 95
3 96
3 97
3 99
4 5
4 6
4 7
4 8
4 9
4 10
4 11
4 12
4 13
4 14
4 15
4 16
4 17
4 18
4 19
4 20
4 21
4 22
4 23
4 24
4 25
4 26
4 27
4 28
4 29
4 30
4 31
4 32
4 33
4 34
4 35
4 36
4 37
4 38
4 39
4 40
4 41
4 42
4 43
4 44
4 45
4 46
4 47
4 48
4 49
4 50
4 51
4 52
4 53
4 54
4 55
4 56
4 57
4 58
4 59
4 60
4 61
4 63
4 64
4 65
4 66
4 67
4 68
4 70
4 71
4 73
4 74
4 76
4 77
4 81
4 83
4 85
4 87
4 88
4 89
4 90
4 91
4 92
4 93
4 94
4 97
4 98
5 6
5 7
5 8
5 9
5 10
5 11
5 12
5 13
5 14
5 15
5 16
5 17
5 18
5 19
5 20
5 21
5 22
5 23
5 24
5 25
5 26
5 27
5 28
5 29
5 30
5 31
5 32
5 33
5 34
5 35
5 36
5 37
5 38
5 39
5 40
5 41
5 42
5 43
5 44
5 45
5 46
5 47
5 48
5 49
5 50
5 51
5 52
5 54
5 55
5 56
5 58
5 59
5 60
5 61
5 62
5 63
5 65
5 66
5 68
5 69
5 70
5 72
5 73
5 75
5 77
5 78
5 79
5 80
5 83
5 85
5 86
5 89
5 95
5 97
6 7
6 8
6 9
6 10
6 11
6 12
6 13
6 14
6 15
6 16
6 17
6 18
6 19
6 20
6 21
6 22
6 23
6 24
6 25
6 26
6 27
6 28
6 29
6 30
6 31
6 32
6 33
6 34
6 35
6 36
6 37
6 39
6 43
6 44
6 45
6 48
6 51
6 52
6 54
6 55
6 56
6 57
6 59
6 61
6 62
6 65
6 68
6 71
6 72
6 73
6 74
6 75
6 80
6 81
6 83
6 84
6 86
6 87
6 92
6 94
6 95
6 96
7 8
7 9
7 10
7 11
7 12
7 13
7 14
7 15
7 16
7 17
7 18
7 19
7 20
7 21
7 22
7 23
7 24
7 25
7 26
7 27
7 28
7 29
7 30
7 31
7 32
7 33
7 34
7 35
7 36
7 37
7 38
7 39
7 40
7 41
7 42
7 43
7 44
7 46
7 50
7 52
7 54
7 56
7 58
7 59
7 60
7 62
7 63
7 69
7 72
7 73
7 74
7 75
7 76
7 78
7 80
7 82
7 83
7 85
7 88
7 90
7 92
7 94
7 97
7 98
8 9
8 10
8 11
8 12
8 13
8 14
8 15
8 16
8 17
8 18
8 19
8 20
8 21
8 22
8 23
8 24
8 25
8 26
8 27
8 29
8 30
8 31
8 33
8 35
8 36
8 37
8 39
8 40
8 42
8 45
8 49
8 50
8 51
8 54
8 57
8 62
8 63
8 65
8 66
8 68
8 69
8 70
8 71
8 72
8 78
8 81
8 83
8 86
8 88
8 89
8 92
8 93
8 94
8 95
8 96
8 99
9 10
9 11
9 12
9 13
9 14
9 15
9 16
9 17
9 18
9 19
9 20
9 21
9 22
9 23
9 24
9 27
9 28
9 29
9 30
9 31
9 32
9 33
9 34
9 35
9 39
9 40
9 41
9 42
9 48
9 51
9 52
9 54
9 56
9 59
9 61
9 63
9 65
9 67
9 68
9 73
9 74
9 75
9 76
9 81
9 84
10 11
10 12
10 13
10 14
10 15
10 16
10 17
10 18
10 19
10 20
10 22
10 23
10 24
10 26
10 27
10 29
10 30
10 32
10 33
10 34
10 35
10 36
10 37
10 38
10 39
10 40
10 45
10 52
10 54
10 55
10 57
10 61
10 64
10 65
10 67
10 72
10 73
10 74
10 77
10 79
10 80
10 84
10 86
10 92
11 12
11 13
11 14
11 15
11 16
11 17
11 18
11 20
11 21
11 22
11 23
11 24
11 25
11 28
11 29
11 33
11 35
11 37
11 39
11 41
11 44
11 45
11 47
11 49
11 51
11 55
11 58
11 60
11 61
11 62
11 63
11 64
11 65
11 66
11 68
11 69
11 71
11 72
11 79
11 82
11 91
12 13
12 14
12 15
12 16
12 17
12 18
12 19
12 20
12 22
12 23
12 24
12 25
12 26
12 27
12 29
12 37
12 39
12 45
12 46
12 47
12 48
12 51
12 54
12 56
12 57
12 58
12 64
12 70
12 73
12 75
12 76
12 77
12 82
12 83
12 89
12 91
12 92
12 93
12 95
12 97
13 14
13 15
13 16
13 17
13 19
13 20
13 21
13 22
13 23
13 24
13 25
13 27
13 28
13 32
13 33
13 34
13 36
13 37
13 38
13 41
13 43
13 46
13 47
13 48
13 49
13 50
13 66
13 67
13 68
13 70
13 71
13 78
13 79
13 84
13 86
13 90
13 94
13 95
13 96
14 15
14 16
14 17
14 18
14 19
14 21
14 22
14 25
14 26
14 27
14 28
14 29
14 30
14 31
14 32
14 34
14 36
14 37
14 40
14 42
14 44
14 48
14 49
14 52
14 53
14 55
14 56
14 59
14 61
14 63
14 67
14 71
14 74
14 78
14 79
14 98
15 16
15 17
15 18
15 19
15 20
15 21
15 22
15 24
15 25
15 27
15 28
15 29
15 30
15 32
15 39
15 40
15 41
15 43
15 44
15 45
15 48
15 49
15 50
15 52
15 57
15 62
15 74
15 77
15 78
15 80
15 89
15 90
15 93
15 96
15 98
15 99
16 18
16 19
16 20
16 21
16 22
16 26
16 27
16 28
16 29
16 32
16 33
16 34
16 35
16 37
16 38
16 39
16 40
16 42
16 43
16 46
16 47
16 48
16 49
16 51
16 52
16 53
16 55
16 56
16 59
16 60
16 62
16 63
16 67
16 71
16 72
16 77
16 79
16 85
16 90
16 91
16 93
16 99
17 18
17 19
17 20
17 21
17 23
17 24
17 25
17 26
17 29
17 32
17 36
17 38
17 43
17 45
17 47
17 49
17 51
17 54
17 55
17 56
17 59
17 65
17 77
17 78
17 79
17 81
17 87
17 88
17 89
17 92
17 95
17 98
18 19
18 21
18 23
18 28
18 29
18 32
18 34
18 37
18 38
18 40
18 42
18 47
18 48
18 51
18 55
18 58
18 60
18 66
18 67
18 71
18 72
18 74
18 77
18 78
18 84
18 85
18 87
18 97
19 21
19 23
19 24
19 25
19 27
19 28
19 29
19 30
19 32
19 35
19 37
19 38
19 40
19 42
19 46
19 49
19 52
19 53
19 55
19 56
19 60
19 62
19 64
19 68
19 71
19 73
19 75
19 76
19 78
19 81
19 82
19 88
19 89
19 90
19 91
19 96
20 75
20 99
20 22
20 24
20 28
20 29
20 94
20 96
20 35
20 36
20 37
20 65
20 39
20 40
20 43
20 45
20 93
20 72
20 50
20 61
21 22
21 24
21 89
21 75
21 86
21 29
21 94
21 95
21 33
21 34
21 37
21 38
21 40
21 41
21 67
21 82
21 93
21 73
21 49
21 53
21 55
21 61
22 81
22 75
22 24
22 78
22 28
22 29
22 31
22 32
22 97
22 98
22 99
22 77
22 40
22 64
22 42
22 43
22 44
22 45
22 93
22 48
22 50
22 51
22 52
22 59
23 24
23 25
23 26
23 28
23 33
23 34
23 37
23 38
23 41
23 42
23 43
23 46
23 48
23 49
23 50
23 55
23 57
23 61
23 62
23 66
23 69
23 70
23 71
23 74
23 80
23 94
23 98
24 26
24 27
24 28
24 29
24 30
24 31
24 32
24 34
24 35
24 40
24 41
24 42
24 43
24 45
24 47
24 50
24 57
24 60
24 61
24 63
24 70
24 74
24 75
24 76
24 77
24 80
24 86
24 88
24 93
24 95
25 75
25 68
25 27
25 28
25 29
25 96
25 33
25 67
25 35
25 77
25 43
25 45
25 93
25 48
25 91
25 83
25 59
26 73
26 79
26 86
26 68
26 90
26 28
26 29
26 32
26 33
26 34
26 35
26 38
26 40
26 41
26 45
26 96
26 51
26 54
26 55
26 56
26 57
26 89
26 62
26 63
27 81
27 66
27 88
27 93
27 30
27 68
27 67
27 77
27 37
27 38
27 40
27 41
27 43
27 45
27 47
27 76
27 50
27 94
27 55
27 56
27 57
27 62
28 72
28 81
28 78
28 79
28 30
28 31
28 33
28 36
28 70
28 39
28 40
28 42
28 46
28 47
28 50
28 51
28 54
28 88
28 59
28 85
29 89
29 86
29 30
29 95
29 32
29 43
29 44
29 46
29 71
29 76
29 53
29 85
30 80
30 89
30 90
30 79
30 34
30 65
30 39
30 92
30 42
30 67
30 46
30 93
30 51
30 52
30 62
30 63
31 66
31 90
31 69
31 36
31 37
31 65
31 40
31 41
31 42
31 45
31 46
31 50
31 52
31 55
31 56
31 60
31 61
32 72
32 84
32 66
32 92
32 96
32 34
32 35
32 38
32 41
32 44
32 45
32 48
32 99
32 52
32 53
32 54
32 61
33 79
33 74
33 86
33 94
33 69
33 99
33 37
33 38
33 39
33 40
33 42
33 44
33 50
33 52
33 65
33 61
33 63
34 87
34 86
34 92
34 70
34 38
34 40
34 41
34 42
34 47
34 48
34 74
34 54
34 57
34 59
34 61
35 76
35 77
35 88
35 36
35 40
35 64
35 42
35 71
35 44
35 49
35 50
35 55
35 62
36 79
36 80
36 67
36 86
36 87
36 69
36 64
36 42
36 45
36 46
36 51
36 52
36 54
36 55
36 63
37 70
37 38
37 40
37 64
37 95
37 53
37 54
37 58
37 59
37 60
37 65
38 72
38 79
38 86
38 89
38 95
38 66
38 39
38 42
38 67
38 44
38 47
38 51
38 60
39 75
39 91
39 40
39 76
39 56
40 70
40 76
40 87
40 89
40 80
40 41
40 42
40 71
40 45
40 83
40 52
40 55
40 57
41 77
41 81
41 94
41 91
41 78
41 50
41 51
41 52
41 54
41 88
41 61
42 74
42 88
42 80
42 44
42 46
42 47
42 99
42 49
42 53
42 59
43 64
43 87
43 67
43 86
43 91
43 92
43 83
43 52
43 54
43 88
43 61
44 99
44 88
44 70
44 47
44 53
44 60
44 65
45 77
45 82
45 99
45 69
45 91
45 79
45 84
46 64
46 75
46 85
46 89
46 65
46 71
46 93
46 51
46 87
47 70
47 64
47 77
47 94
47 69
47 92
47 50
47 53
48 65
48 87
48 91
48 69
48 77
48 53
48 54
48 95
48 63
49 70
49 78
49 66
49 83
50 79
50 87
50 77
50 80
50 88
50 71
51 66
51 83
51 85
51 72
51 94
51 56
52 66
52 68
52 70
52 55
52 58
53 70
53 65
53 64
53 73
53 98
53 81
53 89
53 97
53 67
53 54
53 57
53 59
53 63
54 77
54 73
54 89
54 90
54 99
54 96
54 74
54 55
54 58
54 60
54 61
55 75
55 90
55 94
55 99
55 91
55 83
55 87
55 61
55 62
56 78
56 87
56 68
56 94
56 97
56 98
56 65
56 59
56 62
57 73
57 99
57 90
58 66
58 93
58 80
58 89
58 95
58 61
59 85
59 68
59 81
59 95
59 62
60 64
60 66
60 75
60 97
60 98
60 91
60 71
61 89
61 90
61 69
61 74
62 77
62 96
62 97
62 70
62 99
63 88
63 68
63 69
63 80
64 71
64 96
65 67
65 85
65 92
66 96
66 88
67 89
67 88
67 96
67 97
67 99
69 74
69 78
69 79
69 81
69 86
69 88
69 99
70 81
70 98
70 72
71 90
71 97
71 93
72 79
72 87
72 88
72 89
72 98
72 82
73 88
74 91
75 76
75 99
76 77
76 81
77 85
77 87
77 82
78 81
78 79
78 96
78 97
78 98
79 83
79 92
80 84
80 89
81 86
81 90
82 85
84 93
85 93
85 90
85 94
86 91
86 92
87 89
90 98
92 98
94 96
95 96
96 97
