0 1
0 2
0 3
0 4
0 5
0 6
0 7
0 8
0 9
0 10
0 11
0 12
0 13
0 14
0 15
0 16
0 17
0 18
0 19
0 20
0 21
0 22
0 23
0 24
0 25
0 26
0 27
0 28
0 29
0 30
0 31
0 32
0 33
0 34
0 35
0 36
0 37
0 38
0 39
0 40
0 41
0 42
0 43
0 44
0 45
0 46
0 47
0 48
0 49
0 50
0 51
0 52
0 53
0 54
0 55
0 56
0 57
0 58
0 59
0 60
0 61
0 62
0 63
0 64
0 65
0 66
0 67
0 68
0 69
0 70
0 71
0 72
0 73
0 74
0 75
0 76
0 77
0 78
0 79
0 80
0 81
0 82
0 83
0 84
0 85
0 86
0 87
0 88
0 89
0 90
0 91
0 92
0 93
0 94
0 95
0 96
0 97
0 98
0 99
0 100
0 101
0 102
0 103
0 104
0 105
0 106
0 107
0 108
0 109
0 110
0 111
0 112
0 113
0 114
0 115
0 116
0 117
0 118
0 119
0 120
0 121
0 122
0 123
0 124
0 125
0 126
0 127
0 128
0 129
0 130
0 131
0 132
0 133
0 134
0 135
0 136
0 137
0 138
0 139
0 140
0 141
0 142
0 143
0 144
0 146
0 147
0 148
0 149
0 150
0 151
0 152
0 153
0 154
0 155
0 156
0 157
0 158
0 159
0 160
0 161
0 162
0 164
0 165
0 167
0 168
0 169
0 170
0 171
0 173
0 174
0 175
0 176
0 177
0 178
0 179
0 180
0 181
0 182
0 184
0 186
0 187
0 188
0 189
0 190
0 191
0 192
0 193
0 194
0 195
0 196
0 197
0 199
1 2
1 3
1 4
1 5
1 6
1 7
1 8
1 9
1 10
1 11
1 12
1 13
1 14
1 15
1 16
1 17
1 18
1 19
1 20
1 21
1 22
1 23
1 24
1 25
1 26
1 27
1 28
1 29
1 30
1 31
1 32
1 33
1 34
1 35
1 36
1 37
1 38
1 39
1 40
1 41
1 42
1 43
1 44
1 45
1 46
1 47
1 48
1 49
1 50
1 51
1 52
1 53
1 54
1 55
1 56
1 57
1 58
1 59
1 60
1 61
1 62
1 63
1 64
1 65
1 66
1 67
1 68
1 69
1 70
1 71
1 72
1 73
1 74
1 75
1 76
1 77
1 78
1 79
1 80
1 81
1 82
1 83
1 84
1 85
1 86
1 87
1 88
1 89
1 90
1 91
1 93
1 94
1 96
1 97
1 98
1 99
1 100
1 101
1 102
1 103
1 104
1 105
1 106
1 107
1 108
1 109
1 110
1 112
1 113
1 114
1 115
1 116
1 117
1 119
1 120
1 122
1 123
1 124
1 125
1 126
1 127
1 128
1 129
1 130
1 132
1 134
1 138
1 140
1 148
1 149
1 151
1 152
1 154
1 157
1 163
1 165
1 168
1 175
1 180
1 182
1 184
1 185
1 186
1 190
1 191
1 195
1 196
1 198
2 3
2 4
2 5
2 6
2 7
2 8
2 9
2 10
2 11
2 12
2 13
2 14
2 15
2 16
2 17
2 18
2 19
2 20
2 21
2 22
2 23
2 24
2 25
2 26
2 27
2 28
2 29
2 30
2 31
2 32
2 33
2 34
2 35
2 36
2 37
2 38
2 39
2 40
2 41
2 42
2 43
2 44
2 45
2 46
2 47
2 48
2 49
2 50
2 51
2 52
2 53
2 54
2 55
2 56
2 57
2 58
2 59
2 60
2 61
2 62
2 63
2 64
2 65
2 67
2 68
2 69
2 70
2 72
2 73
2 74
2 75
2 76
2 77
2 78
2 79
2 81
2 83
2 84
2 86
2 88
2 89
2 90
2 91
2 93
2 94
2 98
2 100
2 102
2 103
2 104
2 105
2 109
2 111
2 114
2 120
2 121
2 127
2 130
2 133
2 136
2 139
2 141
2 143
2 144
2 145
2 147
2 148
2 149
2 150
2 151
2 153
2 156
2 158
2 159
2 160
2 161
2 162
2 164
2 168
2 171
2 172
2 174
2 177
2 178
2 179
2 180
2 188
2 189
2 198
3 4
3 5
3 6
3 7
3 8
3 9
3 10
3 11
3 12
3 13
3 14
3 15
3 16
3 17
3 18
3 19
3 20
3 21
3 22
3 23
3 24
3 25
3 26
3 27
3 28
3 29
3 30
3 31
3 32
3 33
3 34
3 35
3 37
3 38
3 39
3 40
3 41
3 42
3 43
3 44
3 45
3 46
3 47
3 48
3 50
3 51
3 52
3 53
3 55
3 56
3 57
3 58
3 59
3 61
3 63
3 64
3 65
3 66
3 67
3 69
3 75
3 76
3 77
3 78
3 82
3 84
3 85
3 86
3 90
3 92
3 93
3 94
3 95
3 98
3 102
3 103
3 104
3 106
3 109
3 110
3 112
3 114
3 118
3 120
3 121
3 122
3 124
3 125
3 127
3 128
3 129
3 131
3 138
3 141
3 144
3 146
3 147
3 151
3 153
3 154
3 162
3 167
3 171
3 172
3 173
3 184
3 185
3 187
3 190
3 191
3 192
3 193
4 5
4 6
4 7
4 8
4 9
4 10
4 11
4 12
4 13
4 14
4 15
4 16
4 17
4 18
4 19
4 20
4 21
4 22
4 23
4 24
4 25
4 26
4 27
4 28
4 29
4 30
4 31
4 32
4 33
4 34
4 36
4 37
4 38
4 39
4 40
4 41
4 42
4 47
4 52
4 57
4 60
4 62
4 63
4 65
4 68
4 71
4 72
4 74
4 75
4 78
4 80
4 81
4 84
4 85
4 86
4 90
4 92
4 93
4 95
4 97
4 98
4 99
4 101
4 103
4 109
4 112
4 114
4 115
4 116
4 117
4 120
4 128
4 134
4 136
4 139
4 142
4 143
4 147
4 149
4 150
4 154
4 156
4 159
4 162
4 171
4 172
4 174
4 175
4 176
4 177
4 178
4 179
4 180
4 181
4 185
4 187
4 188
4 194
4 198
5 6
5 7
5 8
5 9
5 10
5 11
5 12
5 13
5 14
5 15
5 16
5 17
5 18
5 19
5 20
5 21
5 22
5 23
5 25
5 27
5 28
5 30
5 31
5 32
5 33
5 34
5 39
5 40
5 41
5 43
5 44
5 45
5 46
5 47
5 48
5 49
5 50
5 51
5 53
5 55
5 57
5 63
5 64
5 65
5 66
5 67
5 68
5 69
5 71
5 72
5 73
5 75
5 77
5 84
5 85
5 88
5 91
5 95
5 97
5 100
5 108
5 109
5 110
5 113
5 114
5 115
5 118
5 120
5 122
5 123
5 124
5 127
5 129
5 130
5 131
5 132
5 135
5 137
5 138
5 149
5 153
5 155
5 156
5 160
5 168
5 173
5 182
5 185
5 187
5 188
5 191
5 192
5 199
6 7
6 8
6 9
6 10
6 11
6 12
6 13
6 14
6 15
6 16
6 17
6 18
6 19
6 20
6 21
6 22
6 23
6 24
6 25
6 26
6 27
6 29
6 31
6 32
6 33
6 34
6 35
6 36
6 39
6 40
6 41
6 42
6 44
6 45
6 46
6 47
6 50
6 52
6 54
6 56
6 59
6 62
6 64
6 67
6 68
6 69
6 71
6 72
6 73
6 77
6 78
6 79
6 80
6 83
6 85
6 87
6 88
6 90
6 92
6 96
6 102
6 105
6 106
6 108
6 112
6 114
6 118
6 123
6 125
6 130
6 132
6 134
6 137
6 141
6 146
6 147
6 150
6 151
6 152
6 153
6 165
6 170
6 171
6 172
6 173
6 174
6 179
6 185
6 191
6 192
6 194
6 195
6 197
7 129
7 8
7 9
7 10
7 11
7 12
7 13
7 14
7 15
7 16
7 17
7 18
7 19
7 20
7 21
7 22
7 23
7 26
7 29
7 30
7 32
7 33
7 162
7 35
7 164
7 134
7 38
7 39
7 40
7 41
7 42
7 43
7 44
7 45
7 46
7 47
7 48
7 157
7 50
7 51
7 53
7 54
7 185
7 151
7 138
7 62
7 181
7 65
7 66
7 67
7 68
7 69
7 70
7 71
7 73
7 76
7 77
7 78
7 173
7 174
7 163
7 142
7 88
7 90
7 91
7 93
7 95
7 165
7 100
7 101
7 104
7 111
7 112
7 168
7 118
7 121
7 122
7 191
8 136
8 9
8 10
8 11
8 12
8 13
8 14
8 15
8 16
8 17
8 18
8 19
8 20
8 21
8 22
8 23
8 24
8 25
8 154
8 27
8 28
8 29
8 30
8 176
8 34
8 35
8 36
8 37
8 38
8 39
8 40
8 42
8 46
8 48
8 178
8 128
8 53
8 182
8 57
8 59
8 60
8 190
8 63
8 64
8 65
8 194
8 69
8 70
8 77
8 79
8 80
8 81
8 82
8 83
8 84
8 85
8 86
8 164
8 152
8 91
8 92
8 95
8 96
8 97
8 99
8 100
8 101
8 145
8 188
8 111
8 112
8 113
8 114
8 147
8 119
8 121
9 10
9 11
9 12
9 13
9 14
9 15
9 16
9 17
9 18
9 19
9 20
9 21
9 22
9 23
9 24
9 25
9 26
9 27
9 28
9 154
9 31
9 161
9 162
9 35
9 36
9 166
9 177
9 40
9 41
9 43
9 172
9 45
9 49
9 51
9 155
9 53
9 55
9 56
9 60
9 61
9 63
9 181
9 66
9 67
9 69
9 130
9 71
9 73
9 78
9 173
9 83
9 86
9 88
9 89
9 91
9 92
9 99
9 131
9 103
9 106
9 146
9 179
9 114
9 117
9 119
9 153
9 123
10 11
10 12
10 13
10 14
10 15
10 16
10 17
10 20
10 21
10 22
10 24
10 28
10 29
10 30
10 31
10 32
10 34
10 163
10 164
10 38
10 39
10 129
10 43
10 44
10 46
10 47
10 136
10 50
10 53
10 54
10 57
10 58
10 59
10 60
10 62
10 64
10 66
10 68
10 70
10 199
10 194
10 140
10 74
10 75
10 162
10 80
10 88
10 143
10 186
10 95
10 96
10 99
10 103
10 104
10 110
10 111
10 115
10 119
10 125
11 132
11 12
11 175
11 14
11 16
11 17
11 18
11 20
11 21
11 22
11 23
11 25
11 155
11 28
11 167
11 30
11 31
11 133
11 33
11 34
11 36
11 37
11 39
11 40
11 41
11 42
11 173
11 46
11 47
11 48
11 136
11 50
11 180
11 158
11 54
11 58
11 188
11 134
11 181
11 198
11 72
11 73
11 79
11 81
11 83
11 84
11 85
11 89
11 91
11 96
11 142
11 106
11 107
11 109
11 116
11 123
12 142
12 15
12 16
12 17
12 18
12 19
12 21
12 22
12 23
12 25
12 26
12 29
12 30
12 32
12 34
12 35
12 164
12 37
12 38
12 167
12 41
12 43
12 44
12 45
12 46
12 48
12 49
12 179
12 52
12 181
12 182
12 55
12 184
12 186
12 59
12 160
12 69
12 73
12 79
12 80
12 81
12 89
12 93
12 144
12 98
12 136
12 145
12 171
12 114
12 187
12 153
12 122
12 124
12 149
13 151
13 175
13 14
13 16
13 17
13 19
13 20
13 23
13 24
13 26
13 27
13 29
13 158
13 133
13 34
13 35
13 37
13 40
13 41
13 170
13 43
13 44
13 46
13 47
13 48
13 177
13 172
13 53
13 182
13 55
13 56
13 57
13 186
13 59
13 61
13 62
13 67
13 68
13 71
13 72
13 78
13 80
13 82
13 83
13 90
13 135
13 93
13 97
13 99
13 101
13 104
13 157
13 190
14 140
14 15
14 16
14 146
14 19
14 21
14 22
14 23
14 25
14 26
14 27
14 154
14 158
14 31
14 155
14 37
14 168
14 41
14 42
14 44
14 151
14 47
14 53
14 54
14 55
14 59
14 60
14 138
14 64
14 69
14 198
14 75
14 79
14 80
14 82
14 85
14 98
14 99
14 101
14 157
14 113
14 187
15 139
15 18
15 19
15 21
15 150
15 23
15 24
15 33
15 34
15 163
15 36
15 134
15 39
15 40
15 177
15 128
15 52
15 53
15 137
15 185
15 62
15 64
15 196
15 72
15 37
15 93
15 95
15 97
15 107
15 108
15 112
15 114
15 147
15 117
15 119
15 149
16 147
16 148
16 22
16 23
16 25
16 33
16 34
16 38
16 40
16 178
16 180
16 53
16 54
16 55
16 132
16 57
16 151
16 61
16 64
16 65
16 66
16 68
16 71
16 183
16 80
16 153
16 90
16 105
16 119
16 120
16 121
16 127
17 142
17 143
17 18
17 149
17 23
17 25
17 26
17 160
17 34
17 163
17 36
17 40
17 171
17 44
17 47
17 181
17 182
17 55
17 184
17 57
17 187
17 190
17 64
17 193
17 66
17 69
17 70
17 199
17 72
17 74
17 162
17 78
17 80
17 86
17 185
17 90
17 99
17 100
17 104
17 111
17 117
18 66
18 64
18 141
18 75
18 131
18 20
18 21
18 22
18 151
18 135
18 101
18 157
18 94
18 31
18 37
18 166
18 41
18 42
18 43
18 45
18 174
18 112
18 52
18 117
18 56
18 121
18 186
18 60
18 126
19 20
19 24
19 179
19 27
19 156
19 158
19 133
19 33
19 34
19 36
19 37
19 38
19 167
19 135
19 44
19 46
19 50
19 51
19 52
19 181
19 54
19 57
19 60
19 134
19 64
19 172
19 67
19 69
19 75
19 78
19 82
19 85
19 86
19 92
19 100
19 142
19 113
19 123
20 144
20 149
20 22
20 25
20 26
20 27
20 29
20 30
20 133
20 34
20 163
20 36
20 38
20 42
20 44
20 48
20 49
20 51
20 180
20 132
20 185
20 62
20 195
20 78
20 80
20 184
20 90
20 98
20 102
20 105
20 107
20 110
20 112
20 116
21 25
21 154
21 175
21 157
21 51
21 166
21 40
21 41
21 172
21 174
21 44
21 179
21 54
21 59
21 193
21 71
21 78
21 84
21 91
21 95
21 98
21 38
21 106
21 107
21 108
21 146
21 169
21 120
22 150
22 28
22 160
22 33
22 34
22 35
22 36
22 37
22 38
22 39
22 40
22 41
22 42
22 171
22 45
22 46
22 47
22 137
22 190
22 64
22 139
22 78
22 82
22 85
22 164
22 93
22 95
22 165
22 101
22 102
22 108
22 113
22 118
23 148
23 151
23 24
23 25
23 26
23 30
23 161
23 169
23 170
23 43
23 46
23 47
23 49
23 53
23 183
23 58
23 60
23 63
23 72
23 73
23 78
23 82
23 84
23 90
23 92
23 96
23 100
23 188
23 110
23 113
23 116
23 125
24 69
24 129
24 76
24 145
24 85
24 152
24 68
24 74
24 27
24 135
24 32
24 33
24 164
24 195
24 42
24 43
24 44
24 178
24 46
24 174
24 177
24 50
24 52
24 184
24 58
24 143
24 61
24 62
25 141
25 83
25 68
25 154
25 156
25 93
25 94
25 159
25 32
25 80
25 34
25 35
25 100
25 195
25 168
25 42
25 45
25 72
25 114
25 115
25 185
25 186
25 124
26 74
26 151
26 144
26 83
26 174
26 164
26 152
26 89
26 28
26 30
26 31
26 34
26 123
26 131
26 94
26 92
26 106
26 110
26 47
26 50
26 115
26 53
26 138
26 59
26 61
27 65
27 192
27 80
27 81
27 147
27 93
27 31
27 33
27 37
27 38
27 39
27 193
27 103
27 44
27 48
27 72
27 83
27 183
27 121
27 58
27 62
28 70
28 140
28 142
28 145
28 83
28 41
28 30
28 31
28 98
28 35
28 36
28 165
28 167
28 64
28 170
28 197
28 73
28 176
28 180
28 94
28 55
28 56
28 119
28 61
29 73
29 77
29 80
29 141
29 82
29 131
29 66
29 143
29 181
29 101
29 38
29 40
29 194
29 42
29 199
29 172
29 47
29 76
29 50
29 51
29 53
29 55
29 58
29 59
29 195
29 62
29 85
30 134
30 73
30 182
30 195
30 154
30 31
30 36
30 101
30 169
30 42
30 44
30 114
30 179
30 117
30 54
30 137
30 56
30 84
30 123
30 125
30 190
31 75
31 192
31 84
31 186
31 118
31 69
31 160
31 35
31 165
31 146
31 39
31 40
31 41
31 44
31 109
31 174
31 104
31 91
31 115
31 158
31 54
31 73
31 58
31 61
31 191
32 72
32 73
32 132
32 77
32 80
32 154
32 158
32 65
32 129
32 104
32 110
32 113
32 50
32 180
32 117
32 57
32 58
32 192
33 72
33 177
33 66
33 85
33 144
33 34
33 35
33 100
33 163
33 39
33 129
33 106
33 110
33 46
33 111
33 113
33 91
33 52
33 117
33 187
34 97
34 129
34 77
34 85
34 153
34 91
34 93
34 67
34 35
34 81
34 104
34 145
34 196
34 114
34 50
34 147
34 57
35 68
35 74
35 183
35 145
35 82
35 84
35 185
35 155
35 93
35 158
35 163
35 65
35 44
35 45
35 48
35 72
35 76
35 73
35 121
35 61
35 63
36 171
36 65
36 74
36 109
36 126
36 78
36 146
36 112
36 98
36 165
36 81
36 43
36 108
36 45
36 47
36 48
36 52
36 53
36 56
36 62
37 134
37 135
37 171
37 153
37 132
37 92
37 122
37 191
37 155
37 100
37 113
37 41
37 43
37 82
37 125
37 49
37 51
37 180
37 54
37 55
37 72
37 58
37 59
37 61
37 62
37 127
38 150
38 70
38 100
38 198
38 65
38 111
38 48
38 49
38 50
38 179
38 180
38 53
38 55
38 84
38 188
39 73
39 75
39 68
39 158
39 98
39 134
39 129
39 40
39 45
39 46
39 136
39 52
39 53
39 118
39 132
39 116
39 95
39 126
40 75
40 83
40 139
40 68
40 94
40 97
40 98
40 64
40 66
40 176
40 82
40 111
40 48
40 184
40 121
40 186
40 60
40 61
41 138
41 79
41 148
41 159
41 100
41 188
41 135
41 108
41 177
41 53
41 118
41 130
41 59
41 60
41 85
42 140
42 195
42 98
42 165
42 167
42 105
42 107
42 108
42 49
42 51
42 94
42 183
42 56
42 57
42 60
42 61
42 72
42 191
43 64
43 139
43 109
43 80
43 88
43 67
43 86
43 155
43 157
43 145
43 104
43 82
43 48
43 49
43 51
43 119
43 57
43 58
43 61
44 64
44 75
44 86
44 121
44 155
44 163
44 103
44 105
44 106
44 47
44 99
44 113
44 116
44 111
44 57
44 74
45 68
45 194
45 79
45 89
45 86
45 69
45 161
45 102
45 107
45 51
45 53
45 54
45 125
46 73
46 79
46 141
46 89
46 158
46 167
46 174
46 112
46 83
46 182
46 189
46 191
47 189
47 143
47 79
47 90
47 66
47 152
47 153
47 91
47 92
47 134
47 65
47 129
47 156
47 173
47 110
47 125
47 177
47 178
47 138
47 169
47 183
47 74
47 85
48 73
48 131
48 92
48 94
48 177
48 64
48 49
48 51
48 84
48 58
49 51
49 136
49 138
49 130
49 143
49 144
49 145
49 147
49 96
49 104
49 169
49 172
49 174
49 115
49 116
49 73
49 121
49 124
50 196
50 98
50 79
50 88
50 82
50 156
50 125
50 176
50 56
50 61
50 190
51 128
51 66
51 78
51 141
51 71
51 91
51 92
51 163
51 166
51 169
51 52
51 117
51 180
51 137
51 120
51 148
51 60
51 62
52 183
52 149
52 152
52 155
52 166
52 178
52 55
52 186
52 188
52 191
53 139
53 109
53 67
53 69
53 161
53 136
53 178
53 95
53 60
54 67
54 151
54 198
54 99
54 166
54 108
54 112
54 113
54 134
54 138
54 62
54 191
55 68
55 193
55 148
55 69
55 102
55 114
55 181
55 187
55 127
56 74
56 142
56 151
56 91
56 122
56 160
56 101
56 102
56 105
56 107
56 109
56 179
56 73
56 114
56 187
56 146
56 63
57 130
57 139
57 142
57 146
57 88
57 132
57 90
57 163
57 104
57 64
57 105
57 106
58 70
58 81
58 146
58 93
58 158
58 128
58 117
58 119
58 59
58 124
58 126
59 71
59 137
59 82
59 152
59 113
59 115
59 182
59 120
59 63
60 70
60 140
60 85
60 155
60 99
60 142
60 168
60 61
60 149
61 78
61 141
61 163
61 160
61 175
61 137
62 75
62 145
62 68
62 167
62 111
62 114
62 175
62 132
62 183
62 126
63 70
63 71
63 138
63 108
63 130
63 79
63 157
63 125
64 65
64 129
64 135
64 149
64 88
64 153
64 91
64 94
64 95
64 144
64 161
64 111
64 168
64 191
65 73
65 111
65 85
65 151
65 100
65 69
65 162
65 99
65 106
65 171
65 182
65 119
65 159
66 70
66 78
66 157
66 158
66 163
66 144
66 173
66 114
66 183
66 184
66 187
66 125
67 148
67 91
67 130
67 186
67 158
67 95
67 108
67 112
67 116
67 180
67 122
67 127
68 145
68 84
68 133
68 197
68 193
68 108
68 180
68 122
68 191
69 80
69 101
69 193
69 71
69 179
69 180
69 120
69 123
70 177
70 98
70 81
70 129
70 134
71 76
71 142
71 141
71 91
71 161
71 98
71 162
71 198
71 180
71 127
72 137
72 138
72 150
72 88
72 158
72 124
73 132
73 82
73 193
73 122
74 119
74 128
74 84
75 144
75 112
75 97
75 182
75 100
75 92
76 161
76 179
76 96
76 128
76 192
76 77
76 142
76 176
76 81
76 155
77 93
77 157
77 109
77 131
77 180
78 162
78 141
78 98
78 106
78 111
78 131
78 120
79 199
79 174
79 90
79 96
79 102
79 168
79 113
79 117
80 87
80 152
80 197
80 161
80 98
80 81
80 183
80 186
81 167
81 106
81 85
81 154
82 129
82 164
82 166
82 169
82 186
83 91
83 192
83 109
83 141
83 139
84 116
84 182
84 152
84 92
85 130
85 196
85 167
85 177
85 118
85 120
85 126
86 98
86 196
86 114
86 147
86 169
86 185
86 91
86 92
87 182
87 97
87 186
87 92
87 127
88 97
88 151
88 152
88 91
88 191
89 134
89 97
89 109
89 144
89 114
89 119
89 199
90 149
90 151
90 196
90 93
90 162
90 193
90 121
90 127
91 107
91 117
91 105
91 119
92 129
92 146
92 158
92 96
92 195
92 107
92 109
93 142
93 157
93 101
93 102
93 123
93 124
94 176
94 177
94 120
95 140
95 113
95 175
95 188
96 166
96 105
96 141
97 129
97 137
97 154
97 162
97 102
97 169
97 114
97 179
97 120
97 190
98 137
99 108
99 128
99 116
99 174
99 170
100 194
100 143
100 101
100 167
100 199
100 182
100 151
101 195
101 166
101 109
101 158
101 150
101 154
102 137
102 112
102 120
102 121
103 168
103 130
103 174
103 111
103 114
104 173
104 179
104 152
105 130
105 145
105 115
105 118
105 158
105 127
106 168
106 170
106 149
106 193
106 123
106 117
106 186
107 110
108 172
109 130
109 151
110 164
110 140
110 177
110 119
111 165
112 196
113 144
113 120
113 154
114 193
114 151
114 156
114 160
114 168
114 175
115 130
115 133
115 147
115 165
115 122
116 141
117 194
117 195
117 138
118 131
118 137
119 177
119 170
119 137
119 153
120 143
120 150
120 196
121 128
121 145
122 184
122 149
122 157
123 131
123 129
123 178
123 170
123 169
124 162
124 125
124 186
125 129
125 168
125 179
125 157
126 166
126 173
126 145
126 150
127 181
127 143
127 149
127 137
127 197
127 151
128 150
129 147
130 193
130 167
130 134
131 184
131 147
131 152
131 156
132 178
132 163
132 176
133 149
134 138
134 146
134 155
135 144
135 160
136 141
136 170
137 147
137 158
137 179
138 148
139 160
139 199
139 151
139 157
140 181
140 146
140 147
140 190
142 144
142 163
142 175
142 150
143 164
143 198
143 162
144 194
145 161
145 171
145 180
145 182
147 168
147 148
148 199
148 158
149 168
149 158
150 161
150 186
154 198
154 174
154 186
154 175
155 198
155 194
156 195
156 167
158 199
158 172
159 165
160 185
160 199
161 162
161 197
163 184
165 189
166 193
166 173
167 185
168 196
168 177
168 183
169 174
171 179
173 195
173 180
174 177
176 188
178 195
179 194
192 193
