0 512
0 1
0 2
0 3
0 4
0 5
0 6
0 7
0 8
0 9
0 10
0 11
0 12
0 13
0 14
0 15
0 16
0 17
0 18
0 19
0 20
0 21
0 22
0 23
0 24
0 25
0 26
0 27
0 28
0 29
0 30
0 31
0 32
0 33
0 34
0 35
0 36
0 37
0 38
0 39
0 40
0 41
0 42
0 43
0 44
0 45
0 46
0 47
0 48
0 49
0 50
0 51
0 52
0 53
0 54
0 55
0 56
0 57
0 58
0 59
0 60
0 61
0 62
0 63
0 64
0 65
0 66
0 67
0 68
0 69
0 70
0 71
0 72
0 73
0 74
0 75
0 76
0 77
0 78
0 79
0 80
0 81
0 82
0 83
0 84
0 85
0 86
0 87
0 88
0 601
0 90
0 91
0 92
0 93
0 94
0 95
0 96
0 97
0 98
0 99
0 100
0 101
0 102
0 103
0 104
0 106
0 107
0 108
0 109
0 110
0 111
0 113
0 114
0 531
0 116
0 117
0 118
0 119
0 120
0 122
0 123
0 636
0 125
0 127
0 128
0 129
0 130
0 534
0 134
0 135
0 136
0 137
0 533
0 141
0 142
0 144
0 145
0 146
0 148
0 149
0 150
0 151
0 152
0 155
0 158
0 159
0 162
0 163
0 165
0 166
0 167
0 170
0 171
0 172
0 173
0 175
0 176
0 179
0 180
0 182
0 183
0 185
0 187
0 188
0 189
0 190
0 192
0 193
0 194
0 195
0 197
0 199
0 202
0 631
0 204
0 205
0 632
0 207
0 208
0 209
0 557
0 213
0 214
0 216
0 548
0 220
0 598
0 224
0 225
0 226
0 227
0 228
0 229
0 231
0 232
0 233
0 234
0 551
0 236
0 237
0 240
0 622
0 244
0 553
0 252
0 253
0 605
0 257
0 258
0 555
0 261
0 262
0 263
0 266
0 642
0 271
0 273
0 275
0 276
0 612
0 279
0 280
0 282
0 615
0 645
0 288
0 290
0 291
0 294
0 295
0 296
0 297
0 298
0 647
0 300
0 302
0 303
0 305
0 306
0 308
0 311
0 527
0 314
0 590
0 565
0 522
0 323
0 324
0 325
0 326
0 329
0 330
0 336
0 338
0 339
0 609
0 341
0 342
0 625
0 345
0 349
0 523
0 571
0 357
0 359
0 361
0 364
0 365
0 368
0 370
0 371
0 375
0 604
0 384
0 387
0 396
0 399
0 401
0 404
0 407
0 408
0 409
0 414
0 416
0 423
0 429
0 430
0 584
0 435
0 436
0 437
0 439
0 543
0 526
0 628
0 447
0 450
0 545
0 461
0 462
0 528
0 465
0 467
0 469
0 472
0 473
0 476
0 486
0 494
0 608
0 500
0 501
0 502
0 504
0 596
0 529
0 507
0 511
1 2
1 3
1 4
1 5
1 6
1 7
1 8
1 9
1 10
1 11
1 12
1 13
1 14
1 15
1 16
1 17
1 18
1 19
1 20
1 21
1 22
1 23
1 24
1 25
1 26
1 27
1 28
1 29
1 30
1 31
1 32
1 33
1 34
1 35
1 36
1 37
1 38
1 39
1 40
1 42
1 43
1 44
1 45
1 46
1 47
1 48
1 49
1 51
1 52
1 53
1 54
1 55
1 56
1 57
1 58
1 60
1 61
1 63
1 65
1 66
1 67
1 68
1 69
1 70
1 71
1 72
1 73
1 586
1 75
1 582
1 77
1 78
1 82
1 595
1 84
1 88
1 90
1 91
1 604
1 93
1 94
1 95
1 97
1 610
1 100
1 101
1 529
1 104
1 105
1 583
1 107
1 115
1 117
1 121
1 129
1 130
1 132
1 135
1 136
1 138
1 145
1 146
1 148
1 150
1 155
1 157
1 158
1 159
1 161
1 165
1 169
1 174
1 179
1 180
1 181
1 183
1 187
1 188
1 603
1 196
1 197
1 199
1 206
1 209
1 211
1 212
1 215
1 221
1 222
1 225
1 226
1 227
1 536
1 233
1 236
1 240
1 246
1 247
1 251
1 253
1 254
1 259
1 261
1 264
1 265
1 269
1 270
1 271
1 277
1 279
1 290
1 521
1 296
1 297
1 302
1 566
1 310
1 316
1 318
1 323
1 325
1 336
1 342
1 345
1 350
1 523
1 355
1 361
1 573
1 609
1 376
1 380
1 382
1 389
1 393
1 396
1 397
1 403
1 407
1 580
1 542
1 412
1 420
1 421
1 422
1 538
1 428
1 429
1 432
1 434
1 436
1 437
1 439
1 441
1 442
1 444
1 446
1 587
1 452
1 460
1 578
1 471
1 473
1 475
1 478
1 479
1 480
1 482
1 484
1 486
1 495
1 496
1 579
1 500
1 502
1 507
1 508
1 509
1 511
2 3
2 4
2 5
2 6
2 7
2 8
2 9
2 10
2 11
2 12
2 13
2 14
2 15
2 16
2 17
2 18
2 19
2 20
2 21
2 22
2 24
2 25
2 26
2 27
2 29
2 30
2 31
2 33
2 34
2 36
2 37
2 38
2 433
2 42
2 43
2 44
2 45
2 46
2 47
2 50
2 51
2 53
2 54
2 55
2 56
2 58
2 571
2 60
2 266
2 62
2 319
2 65
2 66
2 267
2 324
2 325
2 73
2 74
2 75
2 77
2 78
2 79
2 80
2 593
2 598
2 83
2 84
2 398
2 86
2 87
2 89
2 91
2 92
2 94
2 96
2 489
2 612
2 101
2 614
2 401
2 104
2 361
2 106
2 556
2 370
2 302
2 118
2 430
2 435
2 633
2 124
2 125
2 382
2 127
2 128
2 641
2 565
2 277
2 278
2 260
2 135
2 137
2 139
2 140
2 142
2 144
2 280
2 323
2 148
2 149
2 151
2 152
2 409
2 154
2 525
2 159
2 160
2 418
2 539
2 164
2 422
2 426
2 174
2 176
2 177
2 371
2 436
2 439
2 543
2 185
2 186
2 443
2 522
2 193
2 194
2 451
2 196
2 441
2 262
2 204
2 395
2 208
2 209
2 211
2 212
2 420
2 219
2 221
2 222
2 627
2 534
2 483
2 231
2 488
2 233
2 234
2 237
2 238
2 467
2 248
2 596
2 554
2 254
2 511
3 554
3 4
3 5
3 6
3 7
3 8
3 9
3 10
3 11
3 12
3 13
3 14
3 15
3 16
3 17
3 18
3 19
3 20
3 21
3 534
3 23
3 24
3 25
3 26
3 27
3 28
3 31
3 33
3 37
3 38
3 39
3 40
3 42
3 555
3 257
3 45
3 46
3 303
3 304
3 49
3 562
3 307
3 52
3 309
3 265
3 569
3 59
3 317
3 62
3 63
3 576
3 68
3 69
3 583
3 73
3 75
3 332
3 354
3 78
3 79
3 592
3 337
3 83
3 84
3 270
3 88
3 91
3 93
3 96
3 97
3 98
3 300
3 102
3 359
3 108
3 445
3 368
3 629
3 268
3 120
3 123
3 125
3 382
3 643
3 388
3 390
3 135
3 137
3 138
3 139
3 140
3 142
3 493
3 404
3 495
3 413
3 159
3 295
3 630
3 283
3 164
3 165
3 171
3 177
3 492
3 179
3 182
3 560
3 184
3 441
3 186
3 189
3 325
3 192
3 195
3 453
3 199
3 456
3 271
3 209
3 331
3 480
3 587
3 229
3 235
3 236
3 237
3 272
3 381
3 247
3 248
3 250
3 298
3 510
3 341
4 5
4 6
4 7
4 8
4 9
4 10
4 11
4 12
4 13
4 14
4 15
4 16
4 17
4 18
4 19
4 21
4 22
4 23
4 24
4 25
4 26
4 539
4 28
4 29
4 32
4 33
4 291
4 36
4 37
4 38
4 40
4 41
4 42
4 43
4 46
4 477
4 562
4 54
4 56
4 59
4 62
4 319
4 67
4 324
4 70
4 327
4 328
4 258
4 75
4 77
4 78
4 79
4 568
4 339
4 526
4 93
4 528
4 610
4 571
4 358
4 103
4 105
4 363
4 109
4 110
4 367
4 515
4 318
4 121
4 122
4 381
4 129
4 132
4 135
4 136
4 394
4 143
4 144
4 280
4 149
4 150
4 154
4 162
4 166
4 167
4 284
4 171
4 430
4 72
4 441
4 188
4 501
4 454
4 201
4 458
4 205
4 333
4 209
4 472
4 217
4 591
4 221
4 263
4 486
4 490
4 499
4 245
4 507
4 554
4 510
5 6
5 7
5 8
5 9
5 10
5 11
5 12
5 13
5 256
5 15
5 16
5 20
5 277
5 22
5 281
5 26
5 27
5 28
5 30
5 31
5 33
5 34
5 35
5 37
5 295
5 40
5 42
5 263
5 301
5 46
5 303
5 49
5 573
5 128
5 55
5 56
5 61
5 62
5 325
5 582
5 328
5 77
5 81
5 83
5 342
5 87
5 346
5 91
5 351
5 103
5 361
5 106
5 107
5 642
5 317
5 626
5 302
5 629
5 617
5 384
5 641
5 386
5 133
5 139
5 140
5 143
5 147
5 25
5 154
5 412
5 410
5 421
5 555
5 424
5 428
5 175
5 176
5 432
5 438
5 371
5 441
5 448
5 449
5 453
5 459
5 461
5 464
5 291
5 470
5 220
5 223
5 480
5 225
5 484
5 238
6 7
6 8
6 9
6 10
6 13
6 14
6 15
6 16
6 17
6 18
6 20
6 22
6 23
6 25
6 26
6 27
6 29
6 31
6 32
6 33
6 34
6 547
6 36
6 295
6 41
6 298
6 615
6 46
6 49
6 53
6 57
6 59
6 316
6 62
6 64
6 65
6 579
6 325
6 70
6 72
6 73
6 586
6 77
6 335
6 598
6 87
6 88
6 90
6 271
6 93
6 94
6 98
6 356
6 273
6 104
6 361
6 363
6 108
6 113
6 114
6 115
6 632
6 276
6 122
6 576
6 107
6 133
6 647
6 402
6 404
6 149
6 150
6 153
6 156
6 538
6 414
6 159
6 278
6 419
6 164
6 497
6 169
6 517
6 584
6 178
6 179
6 441
6 442
6 189
6 459
6 202
6 203
6 207
6 469
6 548
6 475
6 480
6 581
6 496
6 241
6 243
6 253
6 255
7 8
7 9
7 10
7 267
7 12
7 14
7 15
7 17
7 18
7 21
7 22
7 280
7 25
7 28
7 542
7 287
7 32
7 292
7 43
7 301
7 302
7 50
7 564
7 53
7 54
7 521
7 57
7 58
7 59
7 63
7 68
7 69
7 72
7 329
7 74
7 567
7 333
7 83
7 90
7 617
7 106
7 365
7 110
7 367
7 116
7 430
7 121
7 380
7 128
7 642
7 131
7 260
7 392
7 137
7 139
7 142
7 143
7 144
7 401
7 149
7 154
7 155
7 412
7 157
7 165
7 166
7 169
7 170
7 434
7 429
7 174
7 431
7 178
7 444
7 194
7 200
7 460
7 203
7 204
7 462
7 109
7 209
7 215
7 473
7 474
7 219
7 223
7 226
7 484
7 229
7 235
7 238
7 239
7 496
7 251
8 623
8 9
8 10
8 12
8 13
8 14
8 15
8 17
8 18
8 579
8 20
8 21
8 406
8 409
8 24
8 196
8 27
8 28
8 413
8 158
8 31
8 539
8 36
8 646
8 38
8 297
8 170
8 43
8 46
8 47
8 176
8 261
8 54
8 55
8 415
8 309
8 576
8 66
8 67
8 68
8 438
8 455
8 286
8 204
8 74
8 311
8 143
8 141
8 81
8 82
8 142
8 470
8 88
8 420
8 91
8 92
8 477
8 98
8 227
8 229
8 437
8 414
8 240
8 113
8 500
8 117
8 121
8 298
8 380
8 253
8 510
8 127
9 10
9 11
9 12
9 269
9 15
9 272
9 259
9 534
9 23
9 24
9 26
9 27
9 86
9 543
9 32
9 33
9 35
9 548
9 293
9 38
9 43
9 50
9 47
9 48
9 306
9 53
9 57
9 574
9 320
9 580
9 69
9 70
9 328
9 75
9 78
9 81
9 595
9 342
9 87
9 345
9 602
9 91
9 606
9 100
9 101
9 109
9 622
9 369
9 114
9 119
9 377
9 128
9 385
9 131
9 279
9 143
9 400
9 147
9 150
9 407
9 157
9 416
9 161
9 283
9 164
9 422
9 167
9 428
9 431
9 434
9 187
9 205
9 464
9 470
9 121
9 420
9 221
9 478
9 484
10 11
10 12
10 13
10 14
10 16
10 18
10 259
10 20
10 21
10 22
10 537
10 538
10 29
10 32
10 33
10 35
10 36
10 38
10 42
10 44
10 46
10 303
10 51
10 52
10 55
10 564
10 315
10 62
10 63
10 65
10 325
10 584
10 75
10 332
10 337
10 602
10 93
10 94
10 607
10 352
10 272
10 356
10 101
10 362
10 370
10 275
10 116
10 123
10 124
10 618
10 382
10 130
10 321
10 139
10 146
10 627
10 404
10 25
10 196
10 159
10 422
10 428
10 175
10 178
10 435
10 441
10 442
10 192
10 452
10 209
10 214
10 475
10 227
10 81
10 243
10 638
10 349
10 506
10 252
11 519
11 267
11 12
11 13
11 16
11 19
11 20
11 21
11 22
11 23
11 152
11 155
11 28
11 474
11 445
11 31
11 32
11 33
11 418
11 36
11 37
11 39
11 284
11 426
11 171
11 541
11 48
11 305
11 178
11 54
11 55
11 185
11 59
11 61
11 446
11 63
11 192
11 160
11 194
11 323
11 68
11 289
11 140
11 202
11 461
11 206
11 591
11 320
11 82
11 84
11 343
11 164
11 346
11 219
11 93
11 94
11 224
11 546
11 98
11 101
11 358
11 337
11 618
11 109
11 110
11 352
11 240
11 275
11 510
11 504
11 505
11 507
11 124
11 345
11 405
12 514
12 14
12 144
12 17
12 18
12 259
12 21
12 150
12 151
12 24
12 380
12 26
12 28
12 29
12 286
12 544
12 161
12 457
12 37
12 40
12 156
12 647
12 639
12 285
12 176
12 136
12 50
12 52
12 53
12 54
12 201
12 564
12 570
12 187
12 192
12 323
12 69
12 129
12 77
12 405
12 80
12 320
12 82
12 526
12 598
12 89
12 90
12 644
12 93
12 95
12 465
12 104
12 233
12 106
12 366
12 643
12 246
12 122
12 383
12 124
12 264
12 127
13 385
13 137
13 192
13 15
13 16
13 17
13 451
13 20
13 22
13 407
13 24
13 25
13 26
13 410
13 30
13 418
13 37
13 294
13 39
13 41
13 42
13 583
13 172
13 486
13 47
13 200
13 434
13 51
13 158
13 641
13 58
13 316
13 394
13 318
13 437
13 64
13 395
13 68
13 71
13 72
13 205
13 334
13 207
13 208
13 466
13 237
13 84
13 271
13 599
13 89
13 91
13 144
13 356
13 357
13 102
13 97
13 105
13 225
13 563
13 109
13 239
13 400
13 413
13 276
13 124
13 126
13 127
14 278
14 15
14 16
14 18
14 19
14 21
14 22
14 25
14 540
14 32
14 33
14 34
14 219
14 165
14 38
14 40
14 549
14 428
14 173
14 559
14 304
14 566
14 185
14 138
14 190
14 629
14 544
14 522
14 69
14 45
14 206
14 335
14 209
14 84
14 301
14 342
14 89
14 91
14 93
14 421
14 272
14 98
14 593
14 234
14 109
14 238
14 116
14 254
14 125
14 126
15 128
15 139
15 17
15 259
15 276
15 23
15 152
15 409
15 167
15 414
15 31
15 32
15 33
15 162
15 646
15 37
15 325
15 39
15 129
15 41
15 44
15 221
15 53
15 183
15 57
15 59
15 330
15 62
15 160
15 68
15 69
15 71
15 74
15 290
15 590
15 79
15 468
15 85
15 89
15 589
15 603
15 92
15 93
15 616
15 106
15 107
15 111
15 498
15 235
15 374
15 413
15 508
15 213
16 263
16 400
16 532
16 279
16 409
16 411
16 571
16 32
16 161
16 163
16 292
16 37
16 38
16 43
16 174
16 642
16 51
16 182
16 184
16 441
16 59
16 320
16 65
16 450
16 395
16 54
16 289
16 599
16 589
16 86
16 87
16 216
16 90
16 475
16 478
16 353
16 610
16 355
16 106
16 107
16 364
16 249
16 127
16 383
17 133
17 473
17 272
17 147
17 23
17 537
17 154
17 157
17 30
17 163
17 292
17 165
17 40
17 426
17 135
17 302
17 499
17 182
17 58
17 629
17 501
17 195
17 70
17 396
17 332
17 205
17 79
17 594
17 84
17 88
17 217
17 91
17 92
17 130
17 611
17 612
17 493
17 243
17 117
17 249
17 123
17 254
18 137
18 523
18 400
18 147
18 20
18 21
18 150
18 27
18 606
18 158
18 33
18 34
18 35
18 36
18 134
18 166
18 41
18 42
18 43
18 44
18 590
18 562
18 53
18 55
18 56
18 187
18 60
18 138
18 62
18 245
18 194
18 326
18 161
18 72
18 73
18 332
18 78
18 465
18 212
18 334
18 87
18 89
18 91
18 222
18 224
18 99
18 422
18 359
18 105
18 107
18 626
18 371
18 117
18 126
19 51
19 513
19 307
19 266
19 435
19 270
19 528
19 145
19 403
19 21
19 22
19 25
19 286
19 34
19 163
19 166
19 39
19 40
19 42
19 50
19 49
19 306
19 179
19 334
19 56
19 564
19 186
19 315
19 60
19 69
19 74
19 587
19 418
19 78
19 464
19 349
19 94
19 95
19 98
19 59
19 228
19 38
19 363
19 621
19 112
19 370
19 626
19 374
19 120
19 351
19 125
19 149
20 193
20 418
20 275
20 21
20 23
20 24
20 537
20 30
20 33
20 34
20 134
20 423
20 92
20 42
20 43
20 175
20 520
20 397
20 55
20 186
20 59
20 576
20 65
20 456
20 204
20 77
20 79
20 85
20 215
20 348
20 477
20 222
20 481
20 234
20 127
20 498
20 243
20 638
20 121
20 123
20 381
20 254
20 255
21 69
21 108
21 77
21 548
21 144
21 88
21 324
21 218
21 27
21 28
21 602
21 350
21 336
21 36
21 551
21 233
21 44
21 238
21 112
21 140
21 51
21 628
21 585
21 202
21 192
21 522
21 639
22 137
22 402
22 276
22 277
22 23
22 153
22 283
22 29
22 128
22 33
22 290
22 419
22 521
22 390
22 42
22 263
22 46
22 433
22 50
22 307
22 475
22 56
22 134
22 63
22 576
22 73
22 75
22 332
22 91
22 604
22 37
22 97
22 354
22 233
22 236
22 25
22 247
23 264
23 131
23 279
23 26
23 410
23 416
23 162
23 548
23 49
23 169
23 174
23 561
23 51
23 180
23 53
23 521
23 308
23 573
23 448
23 164
23 454
23 71
23 85
23 214
23 217
23 143
23 478
23 351
23 612
23 404
23 506
23 510
23 511
24 198
24 513
24 130
24 194
24 336
24 146
24 387
24 302
24 624
24 89
24 559
24 350
24 352
24 480
24 457
24 489
24 37
24 104
24 169
24 234
24 236
24 46
24 47
24 112
24 241
24 595
24 73
24 185
24 405
25 149
25 536
25 159
25 34
25 292
25 293
25 295
25 40
25 41
25 171
25 558
25 180
25 182
25 439
25 314
25 138
25 322
25 325
25 70
25 77
25 205
25 351
25 356
25 615
25 104
25 361
25 622
25 111
25 369
25 115
25 501
25 503
25 249
25 383
26 144
26 408
26 644
26 47
26 30
26 31
26 34
26 261
26 37
26 38
26 39
26 168
26 553
26 428
26 429
26 303
26 304
26 178
26 311
26 58
26 187
26 62
26 562
26 322
26 207
26 208
26 84
26 216
26 89
26 480
26 354
26 571
26 357
26 102
26 231
26 489
26 365
26 637
26 115
26 246
26 119
26 633
26 123
26 509
27 525
27 398
27 145
27 532
27 408
27 413
27 31
27 33
27 291
27 261
27 38
27 39
27 40
27 45
27 48
27 264
27 436
27 184
27 57
27 60
27 62
27 66
27 198
27 74
27 75
27 76
27 207
27 593
27 82
27 85
27 342
27 345
27 477
27 100
27 210
27 242
27 628
28 476
28 393
28 138
28 162
28 470
28 544
28 218
28 220
28 69
28 32
28 225
28 98
28 612
28 604
28 40
28 64
28 453
28 43
28 50
28 238
28 136
28 114
28 479
28 430
28 570
28 223
28 61
28 574
28 191
29 579
29 69
29 265
29 439
29 141
29 320
29 291
29 84
29 533
29 633
29 580
29 154
29 86
29 542
29 133
29 98
29 35
29 164
29 40
29 253
29 310
29 55
29 313
29 123
29 74
29 126
30 388
30 611
30 71
30 146
30 83
30 430
30 154
30 93
30 223
30 546
30 99
30 164
30 101
30 550
30 517
30 173
30 321
30 47
30 157
30 189
30 50
30 467
30 52
30 117
30 547
30 442
30 59
30 61
30 319
31 196
31 364
31 499
31 578
31 421
31 529
31 152
31 360
31 94
31 165
31 96
31 353
31 587
31 219
31 37
31 230
31 581
31 168
31 64
31 42
31 44
31 174
31 49
31 51
31 57
31 490
31 126
31 191
32 267
32 133
32 333
32 216
32 595
32 468
32 88
32 219
32 261
32 37
32 65
32 39
32 168
32 105
32 108
32 48
32 117
32 444
32 381
33 397
33 143
33 131
33 347
33 295
33 174
33 561
33 567
33 244
33 479
33 445
33 603
33 198
33 205
33 78
33 344
33 476
33 221
33 485
33 443
33 102
33 230
33 361
33 512
33 116
33 189
33 119
33 378
34 324
34 73
34 365
34 82
34 342
34 283
34 346
34 286
34 261
34 474
34 289
34 36
34 454
34 231
34 424
34 42
34 44
34 414
34 49
34 172
34 373
34 633
34 572
35 67
35 264
35 375
35 204
35 482
35 527
35 208
35 275
35 341
35 153
35 410
35 93
35 544
35 418
35 550
35 40
35 490
35 43
35 365
35 302
35 530
35 52
35 117
35 73
35 509
35 508
35 202
36 67
36 73
36 588
36 66
36 399
36 529
36 139
36 214
36 525
36 221
36 94
36 417
36 100
36 552
36 556
36 493
36 48
36 648
36 606
36 310
37 130
37 577
37 598
37 146
37 67
37 207
37 157
37 208
37 418
37 292
37 582
37 295
37 42
37 338
37 45
37 46
37 189
37 433
37 114
37 467
37 52
37 181
37 503
37 57
37 579
37 170
37 501
38 262
38 81
38 276
38 382
38 254
38 218
38 324
38 90
38 388
38 318
38 155
38 100
38 605
38 168
38 41
38 43
38 44
38 47
38 496
38 72
38 306
38 179
38 131
38 381
38 415
38 124
38 317
38 190
39 67
39 260
39 128
39 557
39 74
39 590
39 274
39 148
39 377
39 280
39 608
39 90
39 609
39 98
39 104
39 299
39 45
39 110
39 370
39 52
39 372
39 123
40 66
40 193
40 524
40 74
40 535
40 258
40 527
40 466
40 67
40 150
40 279
40 179
40 260
40 165
40 170
40 594
40 541
40 113
40 115
40 643
40 345
40 63
41 192
41 130
41 259
41 374
41 135
41 364
41 452
41 147
41 84
41 214
41 220
41 478
41 351
41 104
41 455
41 44
41 274
41 561
41 115
41 245
41 118
41 585
41 124
42 71
42 457
42 288
42 205
42 144
42 597
42 410
42 604
42 349
42 542
42 237
42 611
42 438
42 553
42 362
42 555
42 82
42 111
42 368
42 515
42 50
42 501
42 118
42 55
42 377
42 618
43 330
43 459
43 493
43 146
43 83
43 89
43 286
43 359
43 616
43 171
43 428
43 649
43 52
43 119
43 340
43 446
44 327
44 364
44 312
44 531
44 216
44 346
44 411
44 416
44 304
44 379
44 165
44 231
44 338
44 109
44 48
44 626
44 52
44 54
44 233
44 120
44 249
44 251
44 189
44 394
44 63
45 69
45 76
45 204
45 77
45 344
45 339
45 512
45 88
45 284
45 100
45 626
45 47
45 370
45 499
45 629
45 502
45 329
45 123
45 125
45 62
46 71
46 130
46 142
46 593
46 87
46 219
46 157
46 133
46 214
46 289
46 98
46 617
46 573
46 112
46 49
46 178
46 435
46 191
46 61
46 63
47 324
47 455
47 501
47 66
47 256
47 81
47 269
47 270
47 606
47 477
47 483
47 358
47 295
47 519
47 236
47 431
47 112
47 53
47 441
47 448
47 511
47 245
48 579
48 132
48 70
48 71
48 79
48 275
48 399
48 527
48 90
48 156
48 98
48 360
48 412
48 106
48 135
48 445
48 178
48 467
48 52
48 181
48 253
48 574
48 63
49 260
49 65
49 200
49 394
49 335
49 338
49 238
49 86
49 154
49 156
49 541
49 492
49 183
50 198
50 333
50 341
50 87
50 88
50 349
50 158
50 99
50 357
50 423
50 488
50 235
50 115
50 566
50 119
50 570
50 60
50 63
51 197
51 70
51 467
51 275
51 249
51 142
51 209
51 406
51 541
51 292
51 168
51 405
51 174
51 232
51 115
51 53
51 57
51 122
51 59
51 252
51 61
51 245
52 243
52 536
52 94
52 100
52 166
52 552
52 425
52 53
52 54
52 503
52 56
52 202
53 67
53 68
53 453
53 264
53 213
53 194
53 79
53 303
53 85
53 618
53 607
53 288
53 507
53 550
53 384
53 407
53 429
53 110
53 54
53 251
53 426
53 191
54 69
54 326
54 354
54 324
54 531
54 596
54 196
54 325
54 425
54 226
54 169
54 71
54 111
54 180
54 566
54 247
54 132
55 195
55 385
55 192
55 79
55 145
55 472
55 153
55 219
55 542
55 607
55 418
55 553
55 169
55 430
55 111
55 496
55 562
55 425
55 446
56 195
56 339
56 329
56 138
56 235
56 402
56 272
56 610
56 283
56 604
56 222
57 69
57 392
57 219
57 414
57 95
57 226
57 229
57 100
57 517
57 109
57 176
57 180
57 182
57 312
57 58
58 67
58 75
58 85
58 536
58 152
58 370
58 357
58 621
58 176
58 178
58 631
58 568
58 188
58 254
58 639
59 66
59 140
59 386
59 195
59 340
59 196
59 88
59 217
59 476
59 547
59 578
59 375
59 188
59 63
60 129
60 64
60 209
60 471
60 412
60 94
60 99
60 487
60 156
60 362
60 327
60 365
60 497
60 183
60 440
60 91
61 450
61 263
61 64
61 457
61 642
61 78
61 273
61 384
61 473
61 325
61 224
61 251
61 229
61 425
61 385
61 177
61 313
61 351
61 63
62 267
62 462
62 143
62 81
62 131
62 84
62 472
62 410
62 227
62 292
62 165
62 614
62 305
62 359
62 240
62 562
62 246
62 250
63 130
63 72
63 556
63 78
63 145
63 257
63 276
63 238
63 93
63 432
63 229
63 466
63 637
63 562
63 560
63 122
64 580
64 529
64 202
64 139
64 204
64 111
64 241
64 178
64 301
64 278
64 248
64 89
64 335
65 69
65 328
65 201
65 76
65 77
65 86
65 133
65 353
65 549
65 486
65 361
65 108
65 173
65 573
65 178
65 180
65 181
65 400
65 192
66 309
66 74
66 203
66 226
66 515
66 85
66 563
66 251
66 343
66 100
66 630
66 223
67 131
67 393
67 384
67 99
67 86
67 324
67 91
67 224
67 82
67 467
67 643
67 457
67 123
68 162
68 321
68 265
68 78
68 359
68 273
68 180
68 619
68 388
68 346
68 125
68 231
69 262
69 459
69 173
69 536
69 420
69 71
69 143
69 93
69 225
69 164
69 129
69 238
69 251
69 524
70 195
70 167
70 137
70 388
70 332
70 429
70 564
70 312
70 191
71 130
71 451
71 257
71 73
71 75
71 430
71 461
71 91
71 92
71 261
71 416
71 435
71 494
71 635
71 317
71 126
71 383
72 259
72 74
72 270
72 144
72 82
72 343
72 292
72 284
72 482
72 228
72 294
72 129
72 169
72 274
72 110
72 310
72 573
72 126
73 134
73 128
73 75
73 450
73 465
73 213
73 292
73 90
73 92
73 223
73 263
73 609
73 615
73 171
73 257
73 274
73 612
73 177
73 472
73 250
73 252
74 576
74 265
74 648
74 460
74 130
74 144
74 534
74 151
74 216
74 452
74 90
74 92
74 162
74 295
74 108
74 430
74 629
75 76
75 194
75 150
75 151
75 452
75 222
75 99
75 427
75 364
75 431
76 579
76 196
76 264
76 96
76 394
76 320
76 584
76 243
76 149
76 150
76 346
76 222
77 392
77 194
77 338
77 291
77 411
77 99
77 163
77 171
77 175
77 310
77 192
77 126
77 575
78 591
78 144
78 472
78 196
78 95
78 96
78 162
78 163
78 164
78 238
78 306
78 638
78 311
78 120
78 575
78 189
78 254
79 128
79 385
79 138
79 204
79 407
79 218
79 166
79 425
79 299
79 244
79 122
79 189
80 97
80 331
80 196
80 161
80 215
80 322
80 398
80 482
80 114
80 116
80 222
80 150
80 87
80 596
80 570
80 509
80 190
81 128
81 227
81 178
81 519
81 353
81 114
81 141
81 82
81 243
81 574
81 408
81 346
81 579
82 557
82 304
82 434
82 153
82 136
82 349
82 296
83 304
83 388
83 109
83 206
83 499
83 272
83 369
83 416
83 290
83 218
83 604
83 254
83 511
84 342
84 145
84 202
84 396
84 141
84 144
84 238
84 214
84 645
85 201
85 141
85 210
85 470
85 88
85 409
85 222
85 607
85 167
85 105
85 172
85 642
85 304
85 435
85 374
85 185
85 253
85 639
86 385
86 104
86 224
86 509
86 301
86 114
86 211
86 169
86 315
86 124
86 126
87 263
87 139
87 271
87 346
87 329
87 133
87 231
87 105
87 435
87 437
87 630
87 137
87 400
87 252
88 175
88 209
88 111
88 155
89 258
89 596
89 558
89 412
89 157
89 230
89 300
89 93
89 175
89 176
89 118
89 442
89 190
90 322
90 260
90 420
90 485
90 234
90 135
90 428
90 494
90 499
90 182
90 248
90 443
90 394
91 269
91 468
91 612
91 106
91 327
91 173
91 239
91 112
91 369
91 117
91 438
91 318
92 288
92 549
92 326
92 130
92 595
92 534
93 531
93 195
93 428
93 559
93 307
93 244
93 126
93 124
93 381
93 318
94 259
94 506
94 515
94 561
94 512
94 215
94 185
94 378
94 571
94 362
95 322
95 579
95 481
95 339
95 272
95 209
95 146
95 404
95 570
95 638
95 191
96 134
96 104
96 428
96 298
96 503
96 601
96 146
96 214
96 311
96 313
96 411
96 127
97 390
97 540
97 431
97 273
97 311
97 120
97 218
97 591
97 536
97 255
98 194
98 291
98 524
98 141
98 210
98 597
98 281
98 156
98 290
98 227
98 420
98 294
98 195
98 555
98 620
98 559
98 374
98 190
99 385
99 402
99 111
99 218
99 507
100 550
100 136
100 258
100 107
100 302
100 461
100 596
100 498
100 410
100 125
101 198
101 359
101 259
101 105
101 160
101 206
101 239
101 243
101 213
102 450
102 193
102 232
102 270
102 240
102 306
102 148
102 622
102 577
103 195
103 583
103 392
103 138
103 107
103 271
103 648
103 344
103 356
103 420
103 543
104 137
104 143
104 536
104 219
104 611
104 363
104 113
104 118
104 439
104 186
104 190
105 294
105 330
105 332
105 302
105 466
105 305
105 380
105 554
106 128
106 302
106 466
106 170
106 229
107 171
107 235
107 289
107 341
107 246
107 612
107 423
108 428
108 368
108 148
108 310
108 282
108 522
108 255
109 129
109 524
109 141
109 205
109 211
109 154
109 287
109 288
109 356
109 436
109 375
109 119
109 254
110 193
110 246
110 170
110 141
110 115
110 214
110 248
110 217
110 199
111 537
111 262
111 609
111 232
111 460
111 269
111 303
111 116
111 213
111 219
111 220
112 484
112 182
112 391
112 205
112 310
112 343
112 216
112 284
112 639
113 257
113 622
113 307
113 180
113 470
113 601
113 379
114 464
114 648
114 473
114 443
114 517
115 516
115 423
115 339
115 244
115 182
115 219
115 586
116 260
116 421
116 481
116 205
116 403
117 292
117 173
117 286
117 122
117 188
118 224
118 395
118 151
118 173
118 499
118 179
118 180
118 373
118 374
118 212
118 317
119 162
119 398
119 627
119 405
119 214
119 410
119 186
119 154
119 158
120 386
120 359
120 200
120 170
120 647
120 514
120 143
120 242
120 578
120 574
120 479
121 636
121 551
121 210
121 207
121 145
121 146
121 297
121 184
121 188
122 194
122 299
122 639
122 203
122 429
122 370
122 374
122 535
122 527
122 132
122 250
122 493
123 256
123 328
123 149
123 150
123 170
123 346
124 587
124 294
124 625
124 535
124 304
124 482
124 562
124 247
124 153
124 155
125 133
125 326
125 264
125 547
125 456
125 214
125 439
125 179
125 410
126 383
126 228
126 278
126 199
126 140
126 208
126 147
126 558
127 357
127 564
127 335
127 210
127 148
127 219
127 338
128 320
128 259
128 185
128 331
128 476
128 427
128 572
129 323
129 174
129 264
129 276
129 437
129 612
129 155
129 157
129 223
130 481
130 556
130 627
130 288
130 453
130 608
130 186
131 192
131 427
131 237
131 480
131 608
131 508
132 644
132 388
132 406
132 244
132 362
132 463
133 227
133 452
133 265
133 160
133 528
133 644
133 591
133 379
133 539
134 438
134 616
134 562
134 335
134 563
134 211
134 246
134 645
135 177
135 519
135 457
135 556
135 340
135 196
135 279
135 153
135 223
136 195
136 230
136 224
136 419
136 311
136 248
136 228
136 627
137 581
137 233
137 322
137 371
137 157
138 386
138 549
138 427
138 400
138 152
138 596
138 220
139 280
139 260
140 160
140 576
140 326
140 586
140 632
140 538
140 395
141 609
141 391
141 226
141 593
141 319
141 156
141 287
142 304
142 422
142 162
142 499
142 245
142 434
142 148
142 181
142 376
142 159
143 298
143 528
143 173
143 616
143 433
143 144
143 501
143 406
144 352
144 229
144 208
144 379
145 297
146 245
146 559
146 591
146 147
146 149
146 442
146 187
147 198
147 194
148 324
148 166
148 556
148 432
148 407
148 157
149 165
149 614
149 546
149 445
149 305
149 433
149 253
150 258
150 326
150 552
150 384
150 303
150 264
150 520
151 412
151 268
151 333
151 334
151 415
152 168
152 399
152 586
153 228
153 297
153 308
153 301
154 577
154 229
154 458
154 253
154 629
155 364
155 289
155 288
155 336
155 276
155 301
156 163
156 361
156 470
156 250
156 287
157 551
157 170
157 205
157 278
157 603
158 438
158 339
158 183
158 223
159 520
159 469
159 375
159 170
160 332
160 496
160 212
160 606
160 539
160 492
160 510
160 351
161 192
161 261
161 240
161 301
161 368
161 349
162 448
162 473
162 342
162 283
162 606
163 180
163 605
164 594
164 178
164 314
164 543
165 386
165 222
166 451
166 459
166 268
166 536
166 218
167 188
167 546
167 429
167 499
167 348
167 223
168 193
168 365
168 536
168 384
168 562
168 541
168 223
169 326
169 234
169 556
169 177
169 178
169 503
169 277
169 445
170 193
170 595
170 310
170 202
171 211
171 458
171 461
171 594
171 505
172 225
172 197
172 417
172 298
172 391
172 173
172 596
172 221
172 478
173 291
173 257
173 588
173 491
173 272
174 398
174 591
174 466
174 536
174 230
174 424
174 297
174 289
174 498
174 243
174 180
174 316
174 445
174 190
175 476
175 317
177 193
177 645
177 444
177 188
177 369
178 491
178 424
178 239
178 400
178 368
178 585
180 327
180 487
181 258
181 561
181 344
181 218
182 646
182 481
182 555
182 396
182 573
182 314
183 212
183 352
183 591
183 495
183 269
184 185
184 378
184 284
184 556
185 476
186 501
186 268
186 334
187 198
187 303
187 278
187 439
187 252
187 606
188 228
188 284
188 359
188 452
188 548
188 338
188 403
188 220
189 577
189 617
189 400
189 529
189 310
189 375
189 221
190 416
190 542
190 384
191 483
191 197
191 476
191 556
191 562
191 409
191 347
192 513
192 300
192 470
192 332
192 218
193 627
193 213
193 638
194 393
194 429
194 219
195 425
196 374
196 620
197 640
197 603
198 217
198 306
199 548
199 225
199 527
199 336
199 352
199 530
199 468
199 475
200 585
200 361
200 367
200 432
200 402
200 243
200 311
200 207
200 478
201 496
201 307
201 439
201 346
202 340
202 425
202 533
202 266
202 245
203 609
203 262
203 296
203 431
203 625
203 250
203 637
203 293
205 567
205 329
205 271
206 497
206 289
206 250
207 506
207 510
208 424
208 306
209 211
209 337
209 343
209 223
209 574
210 484
210 550
210 281
210 618
210 541
211 423
211 290
211 266
211 636
212 335
212 319
212 287
213 439
213 586
213 517
214 226
214 547
214 238
214 564
215 267
216 289
216 359
216 622
216 405
216 255
217 293
217 334
217 476
217 394
218 552
218 461
218 351
218 503
218 251
219 311
219 475
219 549
219 555
219 469
219 322
219 310
220 321
220 641
220 524
221 584
221 439
221 280
221 329
221 248
222 288
222 459
222 583
222 621
222 569
222 464
223 470
224 368
224 524
226 523
226 336
226 338
226 310
226 374
227 387
227 228
227 282
227 285
227 453
228 631
228 273
229 386
229 364
229 509
229 339
229 537
230 370
230 500
230 462
230 639
230 268
231 511
231 245
231 383
231 445
231 442
232 567
232 440
233 426
233 647
233 313
234 360
235 448
235 549
235 470
235 409
235 419
236 290
236 359
236 579
237 581
237 428
238 517
238 558
239 480
239 555
239 472
240 256
240 438
240 385
241 552
241 325
241 614
242 273
242 322
242 467
242 485
242 321
242 542
243 332
243 269
243 246
243 413
244 562
244 301
244 564
244 506
244 460
246 587
246 327
246 303
247 610
247 516
247 305
247 551
247 431
247 401
247 355
247 570
248 545
248 420
248 558
249 340
249 485
249 281
249 639
249 313
249 429
250 417
250 613
250 474
250 605
251 482
251 621
251 322
252 562
252 487
252 326
253 627
253 284
253 479
254 547
254 578
254 424
254 539
255 502
255 279
255 516
255 529
255 359
255 616
256 408
257 262
257 392
257 282
257 459
258 342
258 586
258 462
258 367
258 287
259 465
259 433
259 405
259 281
259 442
259 431
259 285
261 544
261 608
261 285
262 295
262 600
262 316
262 477
262 453
263 609
263 344
263 448
264 406
264 330
264 369
264 446
265 610
265 333
265 526
265 365
265 465
265 498
265 319
266 277
266 444
267 347
267 328
267 484
268 560
268 275
269 272
269 609
269 393
269 459
270 494
270 432
270 467
271 292
271 272
273 578
273 454
273 617
273 486
273 647
273 565
273 544
274 480
275 639
276 444
276 526
276 508
277 616
277 630
278 494
278 361
279 565
279 396
280 419
280 307
280 519
280 377
281 498
281 423
281 494
281 285
282 591
283 599
283 350
284 610
285 316
285 375
285 525
285 645
286 326
286 332
286 514
286 462
286 613
287 288
287 523
287 461
287 322
288 641
288 459
288 492
288 431
289 380
289 322
290 291
290 616
290 618
290 397
291 483
291 365
292 481
292 610
292 484
292 646
292 647
292 559
293 369
293 370
294 536
294 569
294 364
295 450
296 327
296 361
297 562
297 344
297 382
297 519
298 626
298 334
299 636
300 536
300 604
300 493
300 398
300 479
301 354
301 580
301 395
302 626
302 352
302 639
303 337
303 474
303 469
304 494
304 597
305 406
306 412
307 598
307 379
308 444
309 364
310 410
310 511
311 457
311 313
311 410
312 468
312 348
312 477
312 366
314 598
314 380
314 334
315 497
315 421
315 397
318 611
319 543
320 602
320 528
320 524
320 447
321 421
321 354
322 383
322 542
326 567
327 449
327 451
327 631
328 582
329 399
329 566
329 402
330 404
330 457
330 554
330 494
331 492
331 409
332 431
332 469
332 477
333 453
333 454
334 374
335 405
336 444
337 437
337 505
337 395
337 483
338 407
338 389
338 471
339 576
339 521
339 368
339 356
341 358
342 524
342 585
343 611
343 418
343 431
345 562
345 537
345 433
346 638
347 644
347 558
348 546
348 419
349 421
349 506
349 610
350 391
350 413
351 376
351 495
352 393
353 614
353 536
353 376
354 529
354 481
355 594
355 485
356 368
357 437
357 527
358 595
358 442
358 492
358 542
359 602
360 628
360 521
360 414
362 418
362 404
364 504
364 380
365 613
366 498
366 407
367 408
368 476
368 429
369 539
369 483
370 418
371 544
371 431
372 521
372 578
373 432
373 584
374 396
375 548
377 507
378 420
378 647
378 548
380 479
381 429
382 457
382 444
382 618
383 400
383 468
384 625
385 460
385 411
386 563
386 390
387 454
387 609
388 640
388 646
388 490
388 445
389 411
389 618
391 424
391 607
391 397
393 613
393 535
394 517
395 436
395 488
395 474
395 542
396 585
396 480
398 544
400 489
400 535
401 608
401 473
402 633
403 500
403 538
405 409
405 603
405 541
406 608
408 539
408 486
412 552
414 423
414 599
416 587
416 504
416 602
416 541
417 624
417 481
419 438
420 462
420 543
421 448
423 436
425 471
425 426
426 544
426 459
426 596
427 500
427 557
429 556
429 536
430 599
432 471
434 491
437 489
437 448
438 641
438 451
438 489
440 537
440 534
441 508
441 533
443 589
445 495
446 646
447 594
447 604
447 601
448 640
449 631
449 460
450 478
450 623
452 562
457 571
459 549
459 572
461 570
463 611
463 533
463 575
466 516
466 539
469 529
469 616
473 635
473 503
475 554
477 515
480 572
481 592
482 537
485 493
486 606
487 620
487 577
488 554
491 582
491 504
491 591
495 517
496 547
496 554
498 608
498 621
504 565
504 639
507 519
507 609
507 581
508 647
509 510
512 615
513 536
517 603
517 538
519 603
521 587
527 601
530 649
532 606
532 551
536 590
537 546
540 606
542 596
544 605
546 608
548 595
551 601
551 600
551 571
551 556
552 626
561 645
562 573
565 646
572 616
572 621
582 642
584 641
587 605
594 624
612 635
637 648
