0 1
0 2
0 3
0 4
0 5
0 6
0 7
0 8
0 9
0 10
0 11
0 12
0 13
0 14
0 15
0 16
0 17
0 18
0 19
0 20
0 21
0 22
0 23
0 24
0 25
0 26
0 27
0 28
0 29
0 30
0 31
0 32
0 33
0 34
0 35
0 36
0 37
0 38
0 39
0 40
0 41
0 42
0 43
0 44
0 45
0 46
0 47
0 48
0 49
0 50
0 51
0 52
0 53
0 54
0 55
0 56
0 57
0 58
0 59
0 60
0 61
0 62
0 63
0 64
0 65
0 66
0 67
0 68
0 69
0 70
0 71
0 72
0 73
0 74
0 75
0 76
0 77
0 78
0 79
0 80
0 81
0 82
0 83
0 84
0 85
0 86
0 87
0 88
0 89
0 90
0 91
0 92
0 93
0 94
0 95
0 96
0 97
0 98
0 99
0 100
0 101
0 102
0 103
0 104
0 105
0 106
0 107
0 108
0 109
0 110
0 111
0 112
0 113
0 114
0 115
0 116
0 117
0 118
0 119
0 120
0 121
0 122
0 123
0 124
0 125
0 126
0 127
0 128
0 129
0 130
0 131
0 132
0 133
0 134
0 135
0 136
0 137
0 138
0 139
0 140
0 141
0 142
0 143
0 144
0 145
0 146
0 147
0 148
0 149
1 2
1 3
1 4
1 5
1 6
1 7
1 8
1 9
1 10
1 11
1 12
1 13
1 14
1 15
1 16
1 17
1 18
1 19
1 20
1 21
1 22
1 23
1 24
1 25
1 26
1 27
1 28
1 29
1 30
1 31
1 32
1 33
1 34
1 35
1 36
1 37
1 38
1 39
1 40
1 41
1 42
1 43
1 44
1 45
1 46
1 47
1 48
1 49
1 50
1 51
1 52
1 53
1 54
1 55
1 56
1 57
1 58
1 59
1 60
1 61
1 62
1 63
1 64
1 65
1 66
1 67
1 68
1 69
1 70
1 71
1 72
1 73
1 74
1 75
1 76
1 77
1 78
1 79
1 80
1 81
1 82
1 83
1 84
1 85
1 86
1 87
1 88
1 89
1 90
1 91
1 92
1 93
1 94
1 95
1 96
1 97
1 98
1 101
1 102
1 103
1 104
1 105
1 106
1 107
1 109
1 110
1 111
1 112
1 113
1 116
1 117
1 118
1 119
1 120
1 121
1 122
1 125
1 128
1 129
1 130
1 131
1 132
1 135
1 136
1 137
1 138
1 141
1 144
1 145
1 146
1 147
1 148
1 149
2 3
2 4
2 5
2 6
2 7
2 8
2 9
2 10
2 11
2 12
2 13
2 14
2 15
2 16
2 17
2 18
2 19
2 20
2 21
2 22
2 23
2 24
2 25
2 26
2 27
2 28
2 29
2 30
2 31
2 32
2 33
2 34
2 35
2 36
2 37
2 38
2 39
2 40
2 41
2 42
2 43
2 44
2 45
2 46
2 47
2 48
2 49
2 50
2 51
2 52
2 53
2 54
2 55
2 56
2 57
2 59
2 60
2 61
2 62
2 63
2 64
2 65
2 67
2 68
2 70
2 71
2 72
2 73
2 74
2 76
2 77
2 78
2 79
2 80
2 81
2 83
2 84
2 86
2 87
2 88
2 89
2 90
2 91
2 93
2 96
2 97
2 98
2 100
2 101
2 103
2 104
2 106
2 109
2 112
2 113
2 114
2 116
2 117
2 120
2 123
2 126
2 127
2 128
2 129
2 130
2 133
2 134
2 136
2 138
2 139
2 140
2 142
2 143
2 146
2 147
2 149
3 4
3 5
3 6
3 7
3 8
3 9
3 10
3 11
3 12
3 13
3 14
3 15
3 16
3 17
3 18
3 19
3 20
3 21
3 22
3 23
3 24
3 25
3 26
3 27
3 28
3 29
3 30
3 31
3 32
3 33
3 34
3 35
3 36
3 37
3 38
3 39
3 40
3 41
3 42
3 43
3 44
3 45
3 46
3 47
3 48
3 51
3 52
3 53
3 55
3 56
3 57
3 59
3 61
3 62
3 63
3 64
3 65
3 66
3 67
3 68
3 70
3 71
3 73
3 74
3 75
3 76
3 79
3 80
3 81
3 82
3 83
3 85
3 86
3 87
3 90
3 91
3 93
3 94
3 98
3 99
3 103
3 104
3 105
3 109
3 110
3 111
3 112
3 113
3 114
3 115
3 119
3 120
3 124
3 130
3 132
3 135
3 136
3 143
3 147
3 148
4 5
4 6
4 7
4 8
4 9
4 10
4 11
4 12
4 13
4 14
4 15
4 16
4 17
4 18
4 19
4 20
4 21
4 22
4 23
4 24
4 25
4 26
4 27
4 28
4 29
4 30
4 31
4 32
4 33
4 34
4 35
4 36
4 37
4 38
4 39
4 40
4 41
4 42
4 43
4 44
4 45
4 46
4 48
4 49
4 50
4 51
4 52
4 53
4 55
4 56
4 57
4 58
4 59
4 60
4 61
4 62
4 63
4 64
4 68
4 69
4 70
4 71
4 72
4 73
4 74
4 75
4 79
4 80
4 81
4 82
4 85
4 86
4 87
4 88
4 90
4 92
4 93
4 98
4 99
4 101
4 104
4 107
4 108
4 111
4 112
4 114
4 118
4 119
4 121
4 123
4 124
4 126
4 127
4 129
4 130
4 131
4 134
4 135
4 137
4 141
4 142
4 146
5 6
5 7
5 8
5 9
5 10
5 11
5 12
5 13
5 14
5 15
5 16
5 17
5 18
5 19
5 20
5 21
5 22
5 23
5 24
5 25
5 26
5 27
5 28
5 29
5 30
5 31
5 33
5 34
5 35
5 36
5 37
5 39
5 40
5 41
5 42
5 43
5 44
5 45
5 46
5 47
5 48
5 49
5 51
5 52
5 54
5 55
5 56
5 60
5 61
5 62
5 65
5 68
5 69
5 74
5 76
5 78
5 82
5 83
5 85
5 86
5 89
5 90
5 92
5 93
5 95
5 96
5 98
5 100
5 102
5 104
5 106
5 107
5 108
5 113
5 116
5 119
5 120
5 121
5 123
5 125
5 126
5 127
5 133
5 136
5 140
5 144
5 148
6 7
6 8
6 9
6 10
6 11
6 12
6 13
6 14
6 15
6 16
6 17
6 18
6 19
6 20
6 21
6 22
6 23
6 24
6 25
6 26
6 27
6 28
6 29
6 30
6 31
6 32
6 33
6 34
6 35
6 36
6 37
6 38
6 39
6 40
6 41
6 42
6 43
6 44
6 45
6 46
6 47
6 50
6 51
6 53
6 54
6 55
6 56
6 57
6 58
6 61
6 62
6 63
6 64
6 65
6 67
6 68
6 69
6 71
6 74
6 75
6 76
6 77
6 78
6 82
6 85
6 87
6 89
6 91
6 95
6 98
6 99
6 100
6 101
6 103
6 105
6 106
6 108
6 115
6 116
6 120
6 122
6 123
6 124
6 126
6 127
6 128
6 130
6 131
6 136
6 141
6 143
6 145
6 148
7 8
7 9
7 10
7 11
7 12
7 13
7 14
7 15
7 16
7 17
7 18
7 19
7 20
7 21
7 22
7 23
7 24
7 25
7 26
7 27
7 28
7 29
7 30
7 31
7 32
7 33
7 35
7 36
7 134
7 38
7 39
7 42
7 43
7 46
7 47
7 48
7 136
7 51
7 52
7 54
7 56
7 57
7 58
7 59
7 61
7 62
7 133
7 65
7 68
7 70
7 71
7 72
7 73
7 131
7 138
7 79
7 80
7 82
7 85
7 86
7 88
7 90
7 91
7 92
7 95
7 96
7 100
7 101
7 102
7 145
7 104
7 146
7 111
7 114
7 117
7 122
7 149
8 9
8 10
8 11
8 12
8 13
8 14
8 15
8 16
8 17
8 18
8 19
8 20
8 21
8 22
8 23
8 26
8 27
8 28
8 29
8 30
8 133
8 33
8 34
8 35
8 36
8 37
8 40
8 41
8 42
8 43
8 44
8 45
8 46
8 48
8 49
8 54
8 56
8 60
8 61
8 62
8 66
8 68
8 69
8 71
8 72
8 73
8 74
8 75
8 138
8 80
8 82
8 83
8 84
8 87
8 90
8 91
8 135
8 95
8 96
8 102
8 105
8 106
8 107
8 113
8 117
8 120
8 121
8 122
8 125
8 126
9 10
9 11
9 12
9 13
9 14
9 15
9 16
9 17
9 18
9 19
9 20
9 21
9 23
9 24
9 25
9 26
9 27
9 28
9 29
9 30
9 31
9 35
9 42
9 43
9 44
9 45
9 49
9 51
9 52
9 55
9 57
9 60
9 61
9 62
9 67
9 140
9 74
9 77
9 141
9 84
9 91
9 135
9 95
9 98
9 99
9 100
9 103
9 105
9 125
10 11
10 12
10 13
10 14
10 15
10 16
10 17
10 18
10 19
10 148
10 21
10 23
10 24
10 26
10 27
10 28
10 29
10 31
10 32
10 37
10 41
10 42
10 44
10 47
10 50
10 51
10 52
10 54
10 137
10 56
10 57
10 59
10 61
10 63
10 64
10 139
10 72
10 75
10 145
10 79
10 80
10 84
10 142
10 87
10 143
10 97
10 98
10 100
10 102
10 103
10 104
10 111
10 113
10 147
10 117
10 122
10 125
11 12
11 13
11 14
11 15
11 16
11 17
11 18
11 20
11 22
11 24
11 25
11 27
11 29
11 31
11 32
11 34
11 35
11 37
11 38
11 129
11 41
11 135
11 44
11 45
11 46
11 47
11 49
11 50
11 52
11 54
11 60
11 61
11 62
11 65
11 68
11 75
11 76
11 79
11 80
11 81
11 84
11 85
11 89
11 93
11 99
11 100
11 142
11 105
11 107
11 115
11 118
11 138
11 126
12 13
12 14
12 15
12 144
12 17
12 18
12 19
12 20
12 23
12 132
12 26
12 27
12 29
12 32
12 34
12 35
12 38
12 39
12 42
12 135
12 46
12 48
12 49
12 50
12 55
12 57
12 60
12 138
12 63
12 65
12 130
12 75
12 76
12 78
12 80
12 84
12 89
12 143
12 92
12 98
12 145
12 106
12 107
12 109
12 116
12 119
13 14
13 16
13 17
13 18
13 19
13 20
13 22
13 24
13 25
13 26
13 27
13 29
13 31
13 33
13 36
13 37
13 40
13 46
13 47
13 136
13 52
13 54
13 57
13 61
13 63
13 65
13 139
13 68
13 72
13 77
13 79
13 80
13 84
13 87
13 92
13 95
13 101
13 104
13 105
13 109
13 115
13 116
13 122
14 15
14 16
14 17
14 18
14 21
14 141
14 26
14 28
14 29
14 31
14 34
14 35
14 36
14 37
14 39
14 40
14 47
14 50
14 137
14 57
14 60
14 64
14 130
14 74
14 77
14 79
14 81
14 82
14 87
14 93
14 145
14 105
14 108
14 110
14 112
14 113
14 117
14 120
14 125
15 130
15 16
15 17
15 146
15 19
15 21
15 22
15 23
15 132
15 26
15 29
15 30
15 31
15 32
15 36
15 134
15 39
15 40
15 43
15 46
15 48
15 50
15 54
15 55
15 57
15 61
15 63
15 64
15 65
15 70
15 77
15 85
15 92
15 93
15 94
15 96
15 99
15 100
15 101
15 103
15 112
15 119
15 120
15 122
15 124
15 125
16 17
16 19
16 20
16 21
16 22
16 23
16 24
16 25
16 26
16 27
16 28
16 30
16 32
16 33
16 37
16 43
16 46
16 48
16 50
16 51
16 52
16 55
16 59
16 65
16 68
16 69
16 70
16 76
16 78
16 80
16 81
16 88
16 89
16 91
16 135
16 94
16 96
16 106
16 108
16 109
16 147
16 118
16 121
16 127
17 145
17 20
17 22
17 25
17 27
17 28
17 128
17 32
17 33
17 134
17 133
17 41
17 42
17 45
17 46
17 50
17 51
17 55
17 57
17 61
17 63
17 68
17 71
17 74
17 76
17 86
17 88
17 89
17 143
17 94
17 97
17 102
17 103
17 104
17 105
17 106
17 111
17 114
18 131
18 23
18 24
18 25
18 29
18 31
18 32
18 33
18 34
18 35
18 36
18 37
18 38
18 40
18 41
18 42
18 44
18 45
18 46
18 52
18 53
18 55
18 57
18 59
18 62
18 66
18 69
18 79
18 80
18 81
18 83
18 84
18 137
18 98
18 103
18 105
18 111
18 116
18 119
18 121
18 127
19 132
19 131
19 97
19 87
19 24
19 25
19 27
19 101
19 30
19 31
19 96
19 33
19 37
19 38
19 39
19 105
19 108
19 111
19 48
19 54
19 149
19 70
19 89
19 65
20 74
20 147
20 22
20 132
20 92
20 30
20 33
20 98
20 35
20 36
20 37
20 65
20 39
20 40
20 106
20 43
20 46
20 47
20 49
20 72
20 57
20 136
20 102
20 134
20 127
21 132
21 130
21 146
21 25
21 27
21 28
21 34
21 35
21 37
21 39
21 40
21 45
21 47
21 136
21 50
21 54
21 55
21 56
21 59
21 138
21 63
21 67
21 68
21 69
21 72
21 78
21 81
21 84
21 85
21 90
21 91
21 98
21 100
21 102
21 105
21 113
21 115
21 116
21 118
21 119
21 126
22 140
22 25
22 26
22 27
22 29
22 31
22 133
22 33
22 38
22 40
22 43
22 44
22 46
22 48
22 50
22 57
22 58
22 60
22 61
22 72
22 74
22 76
22 135
22 81
22 86
22 89
22 143
22 92
22 96
22 109
22 110
22 111
22 120
23 84
23 149
23 86
23 25
23 143
23 29
23 69
23 32
23 35
23 38
23 40
23 135
23 45
23 47
23 76
23 49
23 53
23 54
23 55
23 120
23 136
23 95
23 60
23 62
23 63
24 136
24 78
24 81
24 85
24 86
24 130
24 28
24 31
24 147
24 144
24 35
24 37
24 38
24 39
24 40
24 42
24 135
24 82
24 46
24 104
24 51
24 83
25 142
25 79
25 148
25 83
25 26
25 27
25 86
25 95
25 147
25 33
25 87
25 39
25 40
25 97
25 103
25 44
25 82
25 51
25 132
25 56
25 121
25 58
25 120
25 149
26 28
26 29
26 31
26 34
26 134
26 38
26 135
26 46
26 48
26 128
26 58
26 138
26 62
26 65
26 71
26 75
26 80
26 81
26 88
26 90
26 143
26 97
26 99
26 102
26 116
26 124
26 125
27 78
27 90
27 91
27 68
27 29
27 31
27 32
27 67
27 136
27 113
27 38
27 39
27 129
27 41
27 71
27 108
27 45
27 72
27 50
27 147
27 57
27 58
27 124
28 75
28 140
28 66
28 143
28 67
28 73
28 30
28 96
28 33
28 34
28 37
28 40
28 106
28 109
28 80
28 74
28 49
28 114
28 52
28 55
28 56
28 104
28 61
28 62
29 132
29 39
29 40
29 44
29 45
29 47
29 53
29 54
29 137
29 59
29 60
29 61
29 66
29 70
29 75
29 76
29 79
29 87
29 91
29 94
29 102
29 105
29 143
30 128
30 75
30 76
30 141
30 90
30 94
30 31
30 96
30 33
30 100
30 70
30 103
30 41
30 42
30 71
30 48
30 51
30 117
30 120
31 33
31 35
31 45
31 47
31 55
31 58
31 59
31 60
31 62
31 139
31 71
31 74
31 76
31 78
31 87
31 92
31 131
31 103
31 110
31 115
31 116
31 118
31 124
32 66
32 86
32 68
32 96
32 98
32 35
32 134
32 104
32 124
32 42
32 44
32 45
32 50
32 138
32 132
32 59
32 60
32 74
33 74
33 77
33 147
33 91
33 97
33 34
33 102
33 38
33 40
33 41
33 107
33 92
33 47
33 83
33 52
33 62
33 63
34 137
34 138
34 66
34 83
34 148
34 105
34 95
34 98
34 41
34 78
34 82
34 51
34 55
34 149
34 121
34 62
34 127
35 128
35 77
35 88
35 67
35 135
35 92
35 97
35 98
35 131
35 37
35 38
35 43
35 55
35 120
35 121
35 59
36 145
36 83
36 66
36 88
36 89
36 79
36 92
36 93
36 94
36 130
36 38
36 41
36 135
36 44
36 82
36 48
36 51
36 55
36 148
36 63
37 137
37 77
37 86
37 143
37 144
37 97
37 102
37 38
37 40
37 124
37 42
37 43
37 48
37 49
37 115
37 116
37 54
37 104
37 139
37 60
38 137
38 66
38 141
38 85
38 100
38 130
38 90
38 101
38 102
38 105
38 71
38 110
38 125
38 99
38 131
38 118
38 61
39 72
39 137
39 128
39 66
39 80
39 145
39 87
39 130
39 144
39 103
39 42
39 107
39 46
39 140
39 51
39 59
39 63
40 76
40 90
40 79
40 100
40 64
40 42
40 78
40 109
40 47
40 112
40 136
40 115
40 126
41 76
41 141
41 131
41 68
41 103
41 42
41 45
41 110
41 55
41 56
41 120
41 63
42 145
42 80
42 85
42 86
42 132
42 103
42 81
42 133
42 144
42 43
42 46
42 76
42 115
42 53
42 118
42 105
42 57
42 134
43 77
43 82
43 67
43 149
43 88
43 143
43 102
43 44
43 109
43 51
43 52
43 117
43 122
43 59
43 60
43 63
44 65
44 79
44 80
44 67
44 84
44 110
44 104
44 108
44 46
44 93
44 48
44 51
44 119
44 60
44 74
45 129
45 130
45 120
45 99
45 47
45 48
45 50
45 56
45 63
46 74
46 91
46 92
46 118
46 99
46 70
46 113
46 53
46 54
46 136
46 138
46 62
46 63
47 140
47 141
47 80
47 69
47 96
47 98
47 139
47 103
47 122
47 111
47 54
47 120
47 121
47 58
47 63
48 70
48 141
48 100
48 93
48 80
48 129
48 71
48 110
48 52
48 94
48 119
48 58
49 139
49 65
49 74
49 78
49 145
49 82
49 85
49 68
49 109
49 72
49 54
49 120
49 87
49 124
49 127
50 69
50 108
50 130
50 88
50 78
50 140
50 52
50 53
50 56
50 57
51 130
51 85
51 109
51 108
51 118
51 55
51 56
51 61
52 72
52 79
52 67
52 139
52 66
52 143
52 95
52 101
52 85
53 114
53 118
53 124
53 62
53 127
54 137
54 95
54 113
54 117
54 57
54 124
54 61
54 149
55 71
55 72
55 77
55 101
55 118
55 56
56 141
56 64
56 92
56 115
56 111
56 57
56 85
57 69
57 94
57 133
57 91
57 77
57 71
57 108
57 113
57 143
57 61
58 99
58 69
58 96
58 144
58 113
58 134
59 133
59 134
59 64
59 78
59 88
59 68
59 94
59 111
59 114
59 60
60 107
60 142
60 101
60 97
60 109
60 111
60 108
60 87
61 144
61 66
61 91
61 145
61 120
61 127
61 63
62 66
62 98
62 133
62 121
63 64
63 89
63 110
63 99
63 72
64 75
64 144
64 79
64 138
64 125
65 76
65 146
65 90
65 135
65 116
65 118
65 119
66 101
66 97
66 89
66 132
66 84
66 95
67 147
67 70
67 135
67 141
67 92
67 87
67 116
67 134
68 86
68 89
68 93
68 144
68 99
68 70
68 112
68 125
69 75
69 108
69 81
69 115
69 117
69 95
70 73
70 118
70 121
71 86
71 90
71 95
71 134
71 104
71 106
71 117
71 122
72 86
72 111
72 120
72 117
73 133
73 96
73 113
73 81
73 85
73 91
73 93
73 95
74 138
74 97
74 105
75 97
75 79
75 112
75 89
76 80
76 90
76 105
76 120
77 136
78 130
78 145
78 82
78 148
78 90
78 109
79 137
79 91
79 103
79 121
79 124
79 127
80 81
80 96
80 137
80 121
81 91
81 105
81 142
81 116
81 126
81 149
82 90
82 123
82 100
83 145
83 139
83 141
83 88
83 147
83 97
83 91
83 104
84 135
84 142
84 91
84 95
84 106
84 128
84 117
84 87
84 126
85 120
85 143
85 96
85 109
85 106
86 134
86 128
86 130
86 98
86 102
86 103
86 117
86 116
87 139
87 147
87 93
87 96
87 131
88 136
88 128
88 130
88 148
88 144
88 98
88 111
88 126
89 113
89 129
89 91
90 128
90 130
90 145
90 99
90 116
90 127
91 141
91 92
91 102
91 93
91 112
92 136
92 98
92 101
92 102
92 111
92 112
93 114
94 107
95 139
95 98
96 130
96 145
96 98
96 137
96 121
96 125
97 107
97 141
97 139
98 147
98 112
98 113
98 114
99 122
99 137
99 101
100 146
100 127
100 117
101 121
102 140
102 106
103 135
103 139
103 141
104 123
105 139
105 147
105 123
106 137
106 126
107 137
107 142
107 143
107 119
107 120
108 133
108 115
108 109
108 148
108 114
110 128
110 115
111 112
111 116
111 137
111 126
113 132
113 130
113 144
114 144
114 146
114 148
114 127
115 119
116 137
116 120
116 149
118 122
118 144
119 147
119 145
119 121
120 148
121 130
121 128
121 147
121 127
122 131
122 139
122 125
123 148
123 143
124 130
124 141
124 142
127 140
130 135
130 136
130 141
131 140
132 147
133 135
133 141
133 142
133 148
134 138
134 148
135 148
136 148
138 149
140 144
141 146
142 149
143 147
147 148
