0 512
0 1
0 2
0 3
0 4
0 5
0 6
0 7
0 8
0 9
0 10
0 11
0 12
0 13
0 14
0 15
0 16
0 17
0 18
0 19
0 20
0 21
0 22
0 23
0 24
0 25
0 26
0 27
0 28
0 29
0 30
0 31
0 32
0 33
0 34
0 35
0 36
0 37
0 38
0 39
0 40
0 41
0 42
0 43
0 44
0 45
0 46
0 47
0 48
0 49
0 50
0 51
0 52
0 53
0 54
0 55
0 56
0 57
0 58
0 59
0 60
0 61
0 62
0 63
0 64
0 65
0 66
0 67
0 68
0 69
0 70
0 71
0 72
0 73
0 74
0 75
0 76
0 77
0 78
0 79
0 80
0 81
0 82
0 83
0 84
0 85
0 87
0 88
0 89
0 90
0 91
0 92
0 93
0 94
0 96
0 97
0 98
0 553
0 101
0 103
0 106
0 108
0 109
0 111
0 515
0 113
0 115
0 116
0 117
0 118
0 120
0 122
0 124
0 125
0 126
0 127
0 128
0 129
0 130
0 131
0 133
0 134
0 135
0 136
0 530
0 550
0 140
0 141
0 142
0 144
0 145
0 147
0 148
0 149
0 151
0 152
0 154
0 157
0 158
0 159
0 160
0 161
0 162
0 526
0 164
0 167
0 168
0 534
0 174
0 180
0 181
0 183
0 187
0 533
0 190
0 191
0 192
0 194
0 195
0 196
0 199
0 200
0 205
0 207
0 209
0 211
0 212
0 215
0 219
0 220
0 221
0 224
0 225
0 229
0 231
0 232
0 240
0 552
0 243
0 244
0 246
0 247
0 249
0 250
0 251
0 252
0 253
0 255
0 257
0 259
0 537
0 262
0 265
0 270
0 557
0 273
0 276
0 279
0 280
0 281
0 285
0 288
0 289
0 538
0 293
0 294
0 297
0 299
0 300
0 302
0 304
0 306
0 563
0 309
0 527
0 316
0 317
0 565
0 320
0 323
0 566
0 326
0 327
0 331
0 334
0 337
0 339
0 341
0 342
0 597
0 583
0 567
0 361
0 371
0 372
0 374
0 524
0 383
0 385
0 392
0 393
0 394
0 395
0 396
0 397
0 398
0 399
0 400
0 531
0 402
0 579
0 410
0 411
0 419
0 421
0 422
0 427
0 436
0 437
0 543
0 442
0 586
0 448
0 458
0 460
0 578
0 469
0 472
0 474
0 475
0 478
0 479
0 546
0 482
0 484
0 486
0 593
0 547
0 498
0 500
0 545
0 596
0 507
0 511
1 2
1 3
1 4
1 5
1 6
1 7
1 8
1 9
1 10
1 11
1 12
1 13
1 14
1 15
1 16
1 17
1 18
1 19
1 20
1 21
1 22
1 23
1 24
1 25
1 26
1 27
1 28
1 29
1 30
1 31
1 32
1 33
1 34
1 35
1 36
1 37
1 38
1 39
1 40
1 41
1 42
1 43
1 44
1 45
1 46
1 47
1 49
1 51
1 564
1 53
1 54
1 55
1 56
1 57
1 58
1 59
1 61
1 62
1 64
1 65
1 66
1 67
1 68
1 72
1 73
1 586
1 75
1 76
1 77
1 78
1 83
1 84
1 85
1 86
1 88
1 92
1 566
1 96
1 528
1 99
1 100
1 101
1 102
1 103
1 107
1 108
1 530
1 114
1 531
1 116
1 119
1 120
1 121
1 122
1 126
1 127
1 130
1 132
1 133
1 136
1 137
1 138
1 139
1 140
1 141
1 142
1 147
1 157
1 159
1 161
1 163
1 166
1 167
1 169
1 173
1 174
1 175
1 177
1 179
1 542
1 188
1 189
1 194
1 196
1 197
1 198
1 202
1 203
1 206
1 208
1 210
1 211
1 212
1 217
1 219
1 225
1 232
1 233
1 235
1 552
1 242
1 249
1 256
1 257
1 258
1 264
1 556
1 268
1 271
1 278
1 279
1 280
1 283
1 289
1 293
1 561
1 298
1 301
1 303
1 304
1 306
1 308
1 309
1 311
1 312
1 565
1 325
1 326
1 327
1 568
1 343
1 351
1 353
1 360
1 361
1 367
1 574
1 524
1 384
1 576
1 391
1 397
1 399
1 400
1 406
1 580
1 412
1 413
1 417
1 419
1 420
1 423
1 427
1 428
1 430
1 533
1 435
1 441
1 442
1 451
1 452
1 453
1 588
1 458
1 459
1 462
1 463
1 467
1 590
1 471
1 473
1 476
1 481
1 486
1 487
1 492
1 499
1 504
1 529
1 508
1 510
1 511
2 258
2 3
2 4
2 5
2 6
2 7
2 8
2 9
2 10
2 11
2 12
2 13
2 14
2 15
2 16
2 17
2 18
2 19
2 20
2 21
2 22
2 23
2 280
2 25
2 26
2 27
2 28
2 29
2 30
2 31
2 32
2 33
2 546
2 35
2 36
2 37
2 38
2 295
2 552
2 41
2 43
2 300
2 45
2 46
2 47
2 48
2 515
2 52
2 53
2 54
2 55
2 56
2 313
2 58
2 59
2 411
2 318
2 63
2 64
2 65
2 66
2 267
2 68
2 71
2 75
2 386
2 592
2 81
2 84
2 85
2 446
2 89
2 347
2 556
2 95
2 98
2 315
2 100
2 101
2 102
2 103
2 360
2 105
2 106
2 107
2 108
2 530
2 512
2 112
2 369
2 370
2 373
2 361
2 120
2 276
2 362
2 345
2 127
2 128
2 130
2 282
2 389
2 260
2 391
2 405
2 567
2 139
2 396
2 141
2 399
2 149
2 151
2 152
2 409
2 154
2 155
2 157
2 159
2 160
2 417
2 163
2 261
2 376
2 423
2 171
2 173
2 175
2 287
2 177
2 286
2 473
2 187
2 188
2 429
2 191
2 449
2 312
2 195
2 390
2 597
2 203
2 208
2 209
2 419
2 578
2 214
2 505
2 216
2 217
2 478
2 226
2 488
2 489
2 327
2 564
2 237
2 238
2 410
2 472
2 246
2 247
2 494
2 253
2 511
3 259
3 4
3 5
3 6
3 7
3 8
3 9
3 10
3 11
3 12
3 13
3 14
3 15
3 16
3 17
3 18
3 19
3 20
3 558
3 22
3 23
3 24
3 25
3 26
3 27
3 28
3 541
3 287
3 32
3 33
3 34
3 37
3 39
3 40
3 41
3 42
3 299
3 44
3 45
3 46
3 47
3 304
3 49
3 51
3 53
3 54
3 311
3 56
3 57
3 314
3 59
3 60
3 522
3 63
3 320
3 577
3 66
3 67
3 438
3 73
3 258
3 75
3 76
3 77
3 78
3 81
3 339
3 84
3 85
3 89
3 92
3 93
3 94
3 95
3 523
3 98
3 99
3 357
3 529
3 104
3 566
3 108
3 112
3 113
3 115
3 374
3 119
3 524
3 383
3 128
3 132
3 133
3 391
3 364
3 394
3 279
3 322
3 143
3 144
3 146
3 451
3 151
3 155
3 156
3 538
3 312
3 534
3 161
3 162
3 526
3 421
3 166
3 169
3 170
3 428
3 430
3 176
3 371
3 182
3 440
3 186
3 445
3 193
3 194
3 331
3 199
3 200
3 201
3 518
3 589
3 450
3 504
3 557
3 257
3 224
3 225
3 587
3 552
3 485
3 230
3 581
3 233
3 236
3 417
3 425
3 248
3 340
3 298
3 511
4 5
4 6
4 7
4 8
4 9
4 10
4 11
4 12
4 13
4 14
4 15
4 16
4 17
4 19
4 277
4 22
4 23
4 24
4 26
4 29
4 31
4 289
4 37
4 38
4 39
4 43
4 44
4 45
4 46
4 48
4 306
4 51
4 308
4 53
4 54
4 521
4 314
4 522
4 62
4 599
4 66
4 68
4 353
4 72
4 586
4 75
4 77
4 78
4 269
4 81
4 82
4 526
4 441
4 345
4 94
4 351
4 352
4 97
4 354
4 99
4 145
4 107
4 109
4 366
4 115
4 116
4 375
4 587
4 378
4 382
4 127
4 133
4 449
4 138
4 279
4 322
4 280
4 427
4 148
4 407
4 411
4 161
4 418
4 423
4 169
4 170
4 171
4 428
4 173
4 304
4 371
4 185
4 287
4 445
4 193
4 194
4 331
4 198
4 455
4 202
4 262
4 204
4 578
4 471
4 218
4 479
4 224
4 482
4 227
4 229
4 263
4 233
4 237
4 238
4 243
4 246
4 250
4 507
5 6
5 7
5 8
5 9
5 10
5 11
5 12
5 13
5 14
5 15
5 16
5 563
5 18
5 276
5 21
5 22
5 23
5 536
5 27
5 28
5 29
5 31
5 32
5 289
5 290
5 35
5 293
5 38
5 39
5 296
5 41
5 49
5 51
5 52
5 53
5 54
5 55
5 56
5 570
5 61
5 63
5 577
5 66
5 325
5 71
5 268
5 258
5 75
5 77
5 269
5 80
5 81
5 483
5 270
5 342
5 527
5 92
5 94
5 97
5 354
5 256
5 358
5 361
5 362
5 107
5 108
5 365
5 112
5 371
5 374
5 123
5 124
5 126
5 127
5 387
5 388
5 137
5 265
5 146
5 148
5 149
5 151
5 163
5 164
5 284
5 428
5 526
5 543
5 586
5 446
5 195
5 454
5 545
5 460
5 204
5 462
5 578
5 217
5 226
5 379
5 228
5 496
5 244
5 382
5 249
5 253
5 255
6 7
6 8
6 9
6 10
6 11
6 12
6 13
6 14
6 15
6 16
6 17
6 274
6 515
6 22
6 280
6 26
6 27
6 28
6 30
6 31
6 32
6 33
6 546
6 36
6 37
6 38
6 39
6 40
6 41
6 300
6 47
6 561
6 51
6 52
6 54
6 312
6 57
6 58
6 66
6 72
6 268
6 588
6 78
6 79
6 339
6 313
6 88
6 90
6 314
6 351
6 96
6 98
6 99
6 101
6 102
6 103
6 105
6 359
6 365
6 366
6 368
6 117
6 381
6 129
6 130
6 131
6 406
6 390
6 393
6 141
6 143
6 150
6 151
6 153
6 282
6 416
6 162
6 539
6 420
6 168
6 428
6 174
6 178
6 73
6 184
6 543
6 194
6 196
6 204
6 206
6 463
6 210
6 211
6 213
6 475
6 476
6 223
6 227
6 230
6 246
6 503
6 250
7 8
7 9
7 10
7 12
7 13
7 256
7 15
7 18
7 20
7 21
7 23
7 24
7 26
7 27
7 28
7 589
7 33
7 546
7 35
7 37
7 40
7 299
7 559
7 305
7 50
7 308
7 54
7 55
7 56
7 428
7 266
7 574
7 63
7 65
7 68
7 582
7 77
7 79
7 514
7 93
7 94
7 352
7 101
7 361
7 363
7 274
7 367
7 115
7 372
7 118
7 120
7 532
7 123
7 380
7 382
7 131
7 393
7 143
7 151
7 154
7 155
7 156
7 415
7 166
7 171
7 172
7 180
7 181
7 188
7 190
7 191
7 448
7 451
7 456
7 109
7 213
7 215
7 473
7 475
7 220
7 479
7 490
7 501
7 252
7 254
8 9
8 10
8 11
8 12
8 13
8 14
8 15
8 16
8 17
8 18
8 20
8 277
8 22
8 23
8 25
8 26
8 27
8 29
8 261
8 33
8 34
8 37
8 38
8 40
8 41
8 44
8 561
8 50
8 51
8 54
8 567
8 283
8 57
8 95
8 61
8 64
8 66
8 67
8 329
8 77
8 78
8 80
8 83
8 342
8 569
8 93
8 351
8 96
8 97
8 274
8 368
8 114
8 120
8 123
8 130
8 387
8 388
8 390
8 138
8 141
8 142
8 403
8 154
8 157
8 161
8 163
8 169
8 174
8 434
8 437
8 182
8 186
8 449
8 451
8 460
8 204
8 461
8 464
8 467
8 212
8 215
8 217
8 222
8 479
8 226
8 487
8 236
8 501
8 247
8 511
9 10
9 11
9 13
9 14
9 271
9 16
9 17
9 20
9 22
9 23
9 24
9 25
9 29
9 31
9 34
9 294
9 552
9 298
9 555
9 557
9 46
9 305
9 57
9 58
9 315
9 61
9 65
9 67
9 68
9 327
9 588
9 334
9 525
9 87
9 89
9 355
9 356
9 107
9 108
9 573
9 370
9 118
9 119
9 377
9 378
9 124
9 127
9 395
9 142
9 143
9 148
9 153
9 163
9 164
9 517
9 176
9 180
9 441
9 442
9 191
9 192
9 199
9 458
9 461
9 590
9 473
9 219
9 220
9 516
9 230
9 489
9 493
9 494
9 496
9 242
9 505
9 251
9 254
10 11
10 12
10 13
10 15
10 554
10 17
10 18
10 19
10 150
10 23
10 25
10 283
10 29
10 517
10 32
10 555
10 34
10 35
10 292
10 38
10 129
10 42
10 43
10 45
10 46
10 303
10 48
10 50
10 307
10 513
10 565
10 54
10 183
10 132
10 314
10 317
10 62
10 63
10 64
10 65
10 66
10 323
10 438
10 460
10 141
10 312
10 534
10 340
10 85
10 89
10 90
10 143
10 575
10 223
10 99
10 131
10 294
10 145
10 259
10 490
10 108
10 403
10 447
10 120
10 468
10 217
10 319
10 253
11 243
11 397
11 14
11 45
11 16
11 17
11 19
11 404
11 22
11 23
11 280
11 26
11 27
11 28
11 285
11 30
11 160
11 289
11 546
11 35
11 36
11 369
11 595
11 554
11 171
11 173
11 179
11 436
11 58
11 138
11 63
11 193
11 522
11 67
11 581
11 76
11 78
11 208
11 248
11 82
11 163
11 398
11 43
11 88
11 314
11 354
11 570
11 356
11 230
11 231
11 106
11 363
11 237
11 451
11 113
11 115
11 116
11 391
11 120
11 123
11 510
12 13
12 14
12 15
12 529
12 131
12 20
12 21
12 22
12 23
12 25
12 29
12 30
12 31
12 34
12 36
12 165
12 38
12 423
12 40
12 41
12 42
12 299
12 306
12 559
12 50
12 51
12 52
12 55
12 56
12 441
12 58
12 61
12 62
12 321
12 262
12 200
12 329
12 205
12 466
12 237
12 220
12 213
12 89
12 474
12 92
12 37
12 227
12 356
12 394
12 107
12 109
12 445
12 243
12 553
12 340
12 149
13 265
13 14
13 15
13 17
13 531
13 22
13 329
13 24
13 25
13 26
13 28
13 29
13 30
13 389
13 33
13 34
13 423
13 40
13 476
13 174
13 305
13 434
13 179
13 308
13 566
13 55
13 56
13 57
13 59
13 447
13 452
13 325
13 582
13 140
13 586
13 375
13 204
13 290
13 207
13 79
13 464
13 83
13 213
13 569
13 91
13 92
13 96
13 226
13 379
13 484
13 104
13 489
13 116
13 254
13 119
13 378
13 123
13 252
13 125
13 126
14 129
14 128
14 145
14 18
14 131
14 534
14 280
14 282
14 28
14 289
14 34
14 134
14 295
14 424
14 41
14 170
14 43
14 368
14 436
14 565
14 54
14 183
14 564
14 169
14 63
14 320
14 265
14 197
14 75
14 78
14 141
14 80
14 211
14 596
14 343
14 89
14 95
14 519
14 361
14 146
14 240
14 116
14 246
14 247
14 120
14 55
14 125
15 384
15 143
15 16
15 152
15 146
15 495
15 24
15 27
15 286
15 31
15 161
15 291
15 37
15 38
15 551
15 41
15 44
15 304
15 49
15 180
15 181
15 310
15 57
15 186
15 187
15 60
15 586
15 64
15 65
15 69
15 70
15 72
15 268
15 74
15 76
15 77
15 78
15 141
15 87
15 88
15 218
15 91
15 314
15 390
15 96
15 359
15 104
15 205
15 111
15 244
15 245
15 119
15 250
15 252
16 269
16 18
16 19
16 276
16 431
16 280
16 388
16 303
16 287
16 160
16 546
16 35
16 424
16 517
16 45
16 47
16 175
16 306
16 442
16 188
16 449
16 580
16 325
16 384
16 202
16 397
16 81
16 82
16 84
16 85
16 216
16 143
16 94
16 225
16 229
16 274
16 515
16 242
16 258
16 245
16 122
17 257
17 526
17 429
17 144
17 18
17 147
17 20
17 24
17 260
17 539
17 28
17 29
17 311
17 33
17 34
17 292
17 40
17 301
17 180
17 137
17 57
17 572
17 330
17 320
17 66
17 451
17 74
17 75
17 386
17 79
17 463
17 485
17 224
17 97
17 101
17 359
17 109
17 110
17 445
17 244
17 119
17 248
17 125
18 134
18 267
18 140
18 557
18 532
18 278
18 25
18 153
18 28
18 158
18 32
18 33
18 37
18 38
18 168
18 284
18 42
18 43
18 301
18 49
18 50
18 53
18 55
18 56
18 61
18 565
18 576
18 326
18 353
18 73
18 84
18 344
18 90
18 349
18 223
18 165
18 226
18 356
18 101
18 108
18 495
18 417
18 242
18 243
18 501
18 121
18 250
18 124
19 262
19 65
19 64
19 329
19 204
19 141
19 173
19 145
19 82
19 211
19 429
19 22
19 23
19 576
19 25
19 220
19 159
19 99
19 37
19 231
19 40
19 193
19 236
19 146
19 203
19 240
19 360
19 51
19 116
19 437
19 55
19 312
19 525
19 254
20 150
20 277
20 22
20 152
20 559
20 413
20 286
20 160
20 43
20 556
20 429
20 46
20 303
20 49
20 51
20 54
20 57
20 446
20 66
20 587
20 174
20 318
20 85
20 343
20 93
20 222
20 102
20 105
20 239
20 115
20 116
20 117
20 118
20 252
20 509
20 127
21 67
21 324
21 134
21 542
21 266
21 23
21 463
21 218
21 331
21 146
21 339
21 86
21 87
21 216
21 164
21 22
21 347
21 28
21 26
21 30
21 223
21 160
21 36
21 406
21 424
21 298
21 492
21 302
21 431
21 177
21 25
21 373
21 246
21 183
21 121
21 362
21 446
22 135
22 270
22 272
22 25
22 157
22 30
22 287
22 32
22 291
22 164
22 41
22 427
22 517
22 174
22 175
22 136
22 50
22 286
22 265
22 56
22 57
22 314
22 160
22 450
22 523
22 581
22 70
22 330
22 204
22 77
22 205
22 355
22 87
22 345
22 346
22 348
22 478
22 441
22 227
22 131
22 231
22 104
22 106
22 109
22 369
22 254
22 252
22 125
22 126
23 260
23 528
23 152
23 408
23 25
23 282
23 155
23 31
23 33
23 162
23 35
23 165
23 41
23 50
23 52
23 438
23 570
23 446
23 320
23 197
23 70
23 71
23 458
23 587
23 76
23 467
23 84
23 474
23 476
23 93
23 96
23 225
23 356
23 102
23 109
23 497
23 246
23 508
23 125
24 130
24 518
24 384
24 281
24 26
24 28
24 29
24 32
24 48
24 291
24 38
24 553
24 43
24 176
24 305
24 50
24 53
24 137
24 184
24 57
24 571
24 188
24 331
24 68
24 326
24 71
24 329
24 75
24 135
24 525
24 208
24 210
24 344
24 399
24 220
24 352
24 97
24 99
24 472
24 509
24 183
24 243
24 503
24 251
24 252
24 253
25 262
25 135
25 272
25 472
25 150
25 334
25 285
25 31
25 546
25 163
25 37
25 167
25 168
25 43
25 44
25 301
25 178
25 180
25 309
25 439
25 185
25 442
25 556
25 394
25 63
25 324
25 331
25 78
25 592
25 595
25 85
25 471
25 88
25 223
25 230
25 104
25 233
25 146
25 110
25 434
25 113
25 115
25 374
25 319
25 255
26 261
26 142
26 79
26 80
26 88
26 497
26 305
26 352
26 281
26 218
26 27
26 413
26 30
26 96
26 162
26 219
26 166
26 145
26 40
26 64
26 455
26 110
26 49
26 318
26 310
26 105
26 248
26 444
26 189
26 190
27 74
27 268
27 526
27 335
27 67
27 533
27 87
27 143
27 28
27 410
27 471
27 523
27 35
27 535
27 167
27 502
27 107
27 557
27 48
27 369
27 435
27 54
27 312
27 506
27 508
27 191
28 548
28 256
28 148
28 153
28 32
28 34
28 36
28 38
28 40
28 44
28 45
28 46
28 48
28 51
28 181
28 55
28 186
28 61
28 70
28 71
28 72
28 79
28 214
28 87
28 89
28 221
28 98
28 356
28 485
28 107
28 492
28 274
28 372
28 122
29 292
29 111
29 77
29 592
29 227
29 340
29 68
29 91
29 93
29 133
29 224
29 33
29 155
29 36
29 486
29 465
29 360
29 42
29 44
29 174
29 47
29 306
29 115
29 415
29 73
29 58
29 123
29 143
30 131
30 70
30 194
30 73
30 206
30 464
30 81
30 275
30 280
30 154
30 559
30 94
30 287
30 465
30 361
30 43
30 236
30 429
30 203
30 48
30 456
30 51
30 118
30 511
30 192
30 213
31 71
31 471
31 547
31 86
31 196
31 271
31 304
31 227
31 102
31 359
31 170
31 428
31 237
31 76
31 51
31 121
31 58
31 298
32 537
32 328
32 520
32 333
32 78
32 365
32 82
32 275
32 213
32 87
32 153
32 527
32 285
32 51
32 35
32 548
32 487
32 168
32 361
32 367
32 360
32 128
32 54
32 202
32 576
32 138
32 126
33 266
33 76
33 398
33 82
33 110
33 534
33 408
33 537
33 156
33 93
33 95
33 545
33 292
33 169
33 46
33 449
33 52
33 366
33 505
33 378
33 123
33 445
33 510
33 149
34 132
34 391
34 144
34 84
34 341
34 281
34 157
34 418
34 39
34 105
34 103
34 44
34 76
34 497
34 364
34 442
34 74
35 452
35 77
35 78
35 528
35 276
35 406
35 250
35 157
35 199
35 159
35 353
35 98
35 162
35 421
35 102
35 359
35 104
35 106
35 71
35 44
35 238
35 221
35 240
35 114
35 495
35 438
35 56
35 57
35 186
35 124
36 134
36 265
36 143
36 209
36 340
36 411
36 478
36 48
36 99
36 145
36 284
36 298
36 43
36 240
36 440
36 184
36 506
36 379
36 124
36 127
37 330
37 565
37 77
37 78
37 80
37 141
37 342
37 538
37 93
37 528
37 99
37 256
37 166
37 38
37 369
37 360
37 64
37 555
37 451
37 47
37 328
37 291
37 56
37 441
37 189
37 65
38 203
38 66
38 80
38 597
38 470
38 452
38 282
38 539
38 508
38 133
38 496
38 101
38 305
38 168
38 169
38 362
38 423
38 44
38 368
38 49
38 117
38 182
38 440
38 58
38 316
38 74
38 134
39 129
39 394
39 205
39 80
39 81
39 427
39 451
39 468
39 366
39 406
39 87
39 516
39 221
39 350
39 293
39 135
39 531
39 46
39 482
39 112
39 518
39 58
39 123
39 541
39 190
40 450
40 196
40 389
40 138
40 75
40 206
40 80
40 341
40 470
40 408
40 380
40 541
40 549
40 160
40 188
40 165
40 422
40 305
40 41
40 106
40 368
40 200
40 339
40 500
40 382
40 314
40 124
40 554
40 62
41 388
41 455
41 457
41 331
41 77
41 529
41 83
41 206
41 79
41 158
41 95
41 568
41 70
41 230
41 369
41 584
41 323
41 463
41 49
41 180
41 184
41 415
41 381
41 426
42 322
42 70
42 135
42 522
42 77
42 270
42 144
42 465
42 84
42 283
42 220
42 478
42 359
42 262
42 231
42 167
42 301
42 189
42 114
42 115
42 116
42 442
42 61
42 63
43 458
43 332
43 463
43 196
43 346
43 93
43 350
43 166
43 168
43 234
43 108
43 178
43 128
43 309
43 439
43 212
43 123
43 74
44 265
44 202
44 331
44 525
44 151
44 153
44 282
44 367
44 350
44 161
44 484
44 104
44 172
44 317
44 113
44 313
44 63
44 125
44 127
45 69
45 199
45 437
45 332
45 130
45 143
45 145
45 131
45 148
45 281
45 480
45 519
45 298
45 327
45 238
45 47
45 498
45 372
45 245
45 374
45 522
45 404
45 187
45 61
45 255
46 197
46 75
46 466
46 150
46 267
46 91
46 352
46 226
46 523
46 168
46 170
46 359
46 239
46 433
46 242
46 253
46 247
46 457
46 250
46 189
46 574
47 326
47 69
47 65
47 236
47 74
47 269
47 173
47 530
47 149
47 512
47 87
47 344
47 153
47 90
47 271
47 485
47 96
47 217
47 104
47 71
47 172
47 51
47 119
47 58
47 187
47 281
48 70
48 393
48 75
48 204
48 464
48 214
48 344
48 93
48 442
48 506
48 418
48 168
48 299
48 108
48 567
48 307
48 438
48 119
48 396
49 132
49 73
49 74
49 206
49 272
49 209
49 152
49 591
49 292
49 359
49 61
49 112
49 180
49 60
49 266
49 510
50 51
50 323
50 69
50 268
50 142
50 81
50 211
50 341
50 462
50 248
50 350
50 97
50 227
50 273
50 470
50 107
50 359
50 177
50 306
50 115
50 398
50 56
50 579
50 189
51 327
51 588
51 587
51 590
51 210
51 152
51 354
51 229
51 113
51 108
51 562
51 72
51 566
51 248
51 58
51 571
51 254
52 64
52 289
52 72
52 266
52 395
52 76
52 471
52 79
52 275
52 278
52 207
52 156
52 413
52 389
52 160
52 229
52 358
52 92
52 107
52 172
52 557
52 432
52 584
52 446
52 53
52 311
52 543
52 62
52 117
53 64
53 138
53 268
53 194
53 143
53 81
53 333
53 409
53 286
53 95
53 353
53 163
53 100
53 166
53 238
53 54
53 249
53 61
54 175
54 149
54 598
54 181
54 355
54 171
54 238
54 111
54 72
54 513
54 117
54 404
54 74
55 259
55 76
55 77
55 281
55 410
55 143
55 286
55 411
55 294
55 424
55 242
55 178
55 181
55 123
56 326
56 75
56 87
56 267
56 389
56 100
56 359
56 307
56 442
56 123
56 60
57 69
57 140
57 335
57 156
57 442
57 99
57 104
57 92
57 363
57 387
57 303
57 425
57 332
57 576
57 122
57 59
57 507
58 68
58 592
58 215
58 89
58 93
58 225
58 229
58 169
58 359
58 306
58 553
58 87
58 124
59 260
59 197
59 457
59 74
59 67
59 596
59 149
59 539
59 287
59 161
59 483
59 102
59 554
59 365
59 111
59 308
59 119
59 570
60 67
60 150
60 264
60 329
60 394
60 396
60 78
60 81
60 596
60 86
60 527
60 517
60 165
60 436
60 507
60 62
60 191
61 386
61 432
61 193
61 471
61 435
61 497
61 87
61 153
61 97
61 243
61 257
61 573
61 176
61 113
61 115
61 317
61 345
61 565
62 132
62 325
62 198
62 391
62 76
62 333
62 256
62 272
62 82
62 404
62 476
62 352
62 592
62 99
62 100
62 421
62 489
62 433
62 582
63 324
63 268
63 386
63 401
63 211
63 84
63 277
63 413
63 350
63 597
63 550
63 359
63 232
63 109
63 124
63 341
64 67
64 69
64 73
64 392
64 524
64 209
64 300
64 406
64 97
64 593
64 489
64 106
64 171
64 172
64 241
64 247
65 323
65 587
65 460
65 216
65 154
65 411
65 162
65 571
65 296
65 553
65 579
65 140
65 595
65 502
65 379
66 258
66 146
66 259
66 406
66 91
66 197
66 224
66 133
66 70
66 491
66 111
66 240
66 456
66 275
66 441
66 251
66 316
67 260
67 74
67 142
67 468
67 86
67 474
67 543
67 555
67 98
67 170
67 299
67 563
67 181
67 312
67 85
67 191
68 515
68 395
68 209
68 530
68 340
68 213
68 474
68 93
68 414
68 353
68 166
68 423
68 488
68 103
68 431
68 119
69 118
69 72
69 75
69 335
69 173
69 468
69 429
69 219
69 286
69 287
69 481
69 98
69 355
69 293
69 296
69 232
69 246
70 227
70 342
70 150
70 279
70 270
70 241
70 562
70 152
70 202
70 94
70 437
71 423
71 136
71 583
71 139
71 194
71 78
71 168
71 371
71 184
72 194
72 392
72 265
72 588
72 209
72 466
72 217
72 485
72 105
72 299
72 557
72 456
72 188
72 126
73 132
73 108
73 76
73 125
73 435
73 204
73 85
73 185
73 221
73 245
74 138
74 258
74 207
74 597
74 313
74 154
74 252
74 125
75 464
75 384
75 213
75 407
75 366
75 435
75 181
75 247
75 121
75 444
75 381
76 391
76 400
76 323
76 276
76 88
76 412
76 575
76 299
76 428
76 84
76 383
76 127
77 586
77 270
77 259
77 405
77 407
77 580
77 219
77 93
77 275
77 112
77 243
77 374
77 105
77 575
78 193
78 137
78 82
78 107
78 473
78 91
78 427
78 485
78 164
78 487
78 309
79 450
79 266
79 399
79 80
79 209
79 205
79 215
79 218
79 90
79 415
79 426
79 263
79 274
79 303
79 437
79 505
79 250
79 445
80 277
80 524
80 212
80 181
80 342
81 193
81 202
81 194
81 532
81 415
81 163
81 171
81 304
81 369
81 122
81 187
81 373
82 261
82 390
82 112
82 128
82 288
82 253
82 138
82 567
82 160
82 347
82 125
83 322
83 97
83 404
83 139
83 208
83 115
83 212
83 393
83 372
83 253
83 510
84 517
84 199
84 399
84 213
84 89
84 284
84 97
84 484
84 108
84 110
84 367
85 198
85 129
85 195
85 286
85 289
85 549
85 175
85 400
85 595
85 500
85 596
85 187
85 138
86 384
86 132
86 326
86 401
86 299
86 301
86 430
86 112
86 115
86 131
86 282
86 286
87 352
87 262
87 327
87 141
87 337
87 209
87 282
87 477
87 286
87 418
87 163
87 103
87 110
87 498
87 499
88 162
88 195
88 173
88 304
88 544
88 152
88 523
88 255
89 260
89 549
89 294
89 267
89 493
89 402
89 375
89 155
90 288
90 101
90 104
90 106
90 171
90 173
90 115
90 276
90 182
90 119
90 216
90 218
90 102
90 316
90 211
91 161
91 328
91 140
91 488
91 110
91 461
91 92
91 126
92 197
92 343
92 174
92 205
92 180
92 467
92 246
92 183
92 283
92 250
92 101
93 128
93 208
93 273
93 515
93 357
93 155
93 95
93 162
93 229
93 292
93 230
93 167
93 104
93 103
93 300
93 272
93 186
93 181
93 317
93 501
94 400
94 237
94 449
94 439
94 219
94 389
95 552
95 165
95 422
95 97
95 460
95 205
95 296
95 210
95 500
95 498
95 521
95 316
96 418
96 219
96 100
96 293
96 173
96 347
96 337
96 179
96 181
96 576
96 281
96 348
97 162
97 483
97 261
97 384
97 252
97 446
98 256
98 328
98 120
98 366
98 512
98 224
98 356
98 359
98 234
98 109
98 174
98 112
98 392
98 564
98 310
98 312
98 494
99 447
99 567
99 168
99 389
99 267
99 451
99 560
99 126
99 544
99 127
100 446
100 233
100 266
100 173
100 237
100 180
100 279
100 445
100 122
100 219
100 284
100 189
100 309
101 178
101 581
101 456
101 405
101 452
101 219
101 481
101 162
101 103
101 232
101 109
101 114
101 435
101 564
101 184
101 380
102 160
102 132
102 294
102 449
102 584
102 518
102 375
102 549
102 430
102 208
102 509
102 286
103 451
103 135
103 599
103 463
103 144
103 120
103 595
103 481
103 231
103 107
103 375
103 440
103 121
104 135
104 447
104 158
104 176
104 164
104 488
104 429
104 304
104 242
104 187
104 374
104 315
104 191
105 477
105 200
105 240
105 242
105 122
105 123
105 543
106 502
106 172
106 333
106 451
106 168
106 107
106 180
106 533
106 503
106 571
106 124
107 424
107 130
107 173
107 273
107 467
107 158
107 453
108 260
108 295
108 278
108 448
108 190
109 387
109 526
109 495
109 115
109 313
109 284
109 403
109 446
110 394
110 139
110 111
110 251
110 299
110 447
111 416
111 475
111 138
111 242
111 402
111 125
112 171
112 581
112 114
112 591
112 351
113 322
113 358
113 230
113 296
113 170
113 303
113 146
113 149
113 313
113 591
113 298
113 542
114 514
114 422
114 551
114 428
114 366
114 527
114 598
114 407
115 460
115 365
115 195
115 153
115 483
115 484
115 236
115 566
115 123
115 125
115 127
116 168
116 525
116 346
116 571
116 348
116 222
117 400
117 321
117 175
117 208
117 435
117 157
118 416
118 514
118 163
118 422
118 190
118 406
118 479
119 290
119 272
119 146
120 263
120 161
120 138
120 139
120 152
120 289
120 522
120 543
121 390
121 402
121 145
121 217
121 348
121 181
122 505
122 454
122 167
122 584
122 551
122 257
122 141
122 174
122 452
122 215
122 474
122 444
122 445
123 128
123 513
123 135
123 394
123 526
123 139
123 154
123 352
123 124
124 325
124 305
124 245
124 264
124 373
124 213
124 297
124 378
125 393
125 388
125 549
125 269
125 334
125 152
125 548
125 233
125 556
126 184
126 325
127 480
127 297
127 383
128 536
129 194
129 180
129 328
129 135
129 183
130 225
130 425
130 242
130 217
130 381
131 384
131 136
131 432
131 209
131 218
131 314
132 485
132 289
132 204
132 366
132 147
132 513
132 437
132 183
133 294
133 231
133 457
133 396
133 307
133 545
134 326
134 332
134 270
134 273
134 467
134 217
135 324
135 198
135 356
135 215
136 264
136 355
136 141
136 574
136 359
137 163
137 433
137 330
137 407
137 372
137 215
137 219
137 350
138 486
138 457
138 333
138 256
138 276
138 384
138 216
138 510
139 251
139 324
139 229
139 141
139 175
139 440
139 344
139 150
139 569
139 286
140 322
140 550
140 295
140 589
140 500
140 439
141 199
141 593
141 148
141 540
141 454
141 595
141 247
141 262
142 421
142 161
142 204
142 525
142 589
142 176
142 147
142 150
143 144
143 456
143 487
143 177
143 338
143 537
143 218
143 149
144 288
144 548
144 389
144 305
144 366
144 335
144 468
145 299
145 186
145 298
145 157
146 177
146 514
146 436
146 282
146 443
146 287
147 489
147 229
147 166
147 313
147 494
147 427
148 329
148 554
148 492
148 498
148 435
148 282
148 508
148 221
149 222
150 514
150 212
150 155
151 291
151 279
151 475
151 220
151 211
152 385
152 500
152 530
152 438
152 156
153 259
153 324
153 390
153 562
153 215
154 485
154 238
154 520
154 308
154 343
155 596
155 356
155 542
156 243
156 262
156 235
157 516
157 389
157 398
157 211
157 533
158 539
158 367
158 191
159 193
159 296
159 225
159 492
159 173
159 496
159 273
159 471
159 440
159 190
160 214
160 425
160 434
160 462
160 431
160 211
160 219
160 253
161 194
161 322
161 500
161 347
161 447
162 551
162 556
162 493
162 592
162 582
162 409
163 487
163 481
163 577
163 226
163 463
163 410
163 443
163 549
163 293
164 193
164 353
164 173
164 464
164 242
164 536
164 254
165 578
165 443
165 294
165 393
165 240
165 435
165 308
165 219
166 262
166 195
166 201
166 208
166 427
166 381
166 446
167 580
167 444
167 341
168 487
168 179
168 181
168 406
168 560
168 188
169 192
169 581
169 236
169 320
170 289
170 386
170 326
170 285
170 318
171 232
171 201
171 233
172 452
172 261
172 236
172 397
172 207
172 343
172 234
173 386
173 528
173 273
173 228
173 495
173 481
173 425
173 365
173 499
173 510
173 191
174 261
174 519
174 398
174 317
175 224
175 288
175 177
175 275
175 252
175 414
176 234
176 300
176 178
176 371
176 346
176 252
176 254
177 321
177 489
177 369
177 590
178 240
178 266
178 382
178 353
179 245
179 241
180 520
180 273
180 401
180 481
180 537
180 376
180 187
181 578
181 225
181 576
182 592
182 354
182 236
182 206
183 387
183 339
183 253
183 369
183 275
183 564
184 441
184 259
184 244
184 375
186 402
186 278
186 576
186 394
187 265
187 317
187 564
187 361
187 372
187 285
187 254
187 447
188 299
188 197
188 225
188 226
188 312
189 522
190 307
190 533
190 328
191 193
191 260
191 272
191 385
191 345
191 282
191 221
192 464
192 465
192 261
192 233
192 581
193 298
193 556
193 509
193 247
194 556
194 244
194 279
194 248
195 458
195 317
195 334
196 488
197 211
197 407
197 555
198 263
199 393
199 490
199 588
199 592
199 274
199 246
199 468
200 257
200 373
200 214
200 496
200 235
200 268
201 512
201 259
201 275
201 556
201 490
201 428
201 350
201 239
202 434
202 521
202 300
202 569
203 598
203 243
203 233
203 369
203 214
203 382
203 211
204 451
204 209
204 284
205 454
205 270
205 404
205 567
205 474
206 556
206 557
206 223
207 210
207 469
207 583
208 416
208 579
208 516
208 557
208 502
208 217
208 508
208 222
208 293
209 227
209 447
210 324
210 293
210 353
210 441
210 411
210 221
211 524
211 448
211 341
211 566
211 383
211 572
212 562
212 439
212 577
212 383
213 294
213 220
213 365
213 245
213 568
214 432
214 259
214 257
214 529
214 407
214 253
214 491
215 257
215 320
215 284
216 389
216 417
216 266
216 363
216 236
216 240
216 342
217 300
217 251
217 220
218 357
218 264
218 425
218 376
218 284
219 231
219 394
219 492
220 578
220 240
221 267
221 573
221 254
222 556
222 411
222 444
222 397
222 493
222 461
223 417
223 565
223 298
223 429
224 264
224 314
224 525
225 333
225 461
225 275
226 574
227 261
227 487
227 428
227 473
228 482
228 585
228 314
228 522
228 346
229 231
229 424
229 338
230 407
230 283
230 549
231 458
231 233
231 543
231 298
232 530
232 245
232 479
233 358
234 598
234 390
234 456
234 281
234 396
235 499
235 260
235 351
235 303
237 318
237 441
237 570
238 559
238 522
238 499
238 383
239 514
239 462
239 260
239 359
239 586
239 271
240 503
241 478
242 576
242 417
242 426
242 360
243 388
243 283
243 510
244 368
244 566
244 366
245 520
245 262
245 254
246 374
246 408
247 278
247 384
248 255
249 384
249 486
250 577
250 361
250 437
250 521
251 295
251 356
251 548
252 540
253 545
255 354
255 546
255 278
255 280
255 493
256 480
256 457
256 460
256 498
257 546
258 397
258 315
258 319
259 569
259 276
259 348
260 298
260 483
261 390
261 333
261 464
261 306
261 599
261 541
262 323
262 333
262 515
262 465
262 370
264 354
264 330
264 366
264 288
264 280
264 571
264 506
267 550
267 290
267 387
267 495
267 283
267 477
268 563
268 458
269 273
269 529
269 276
269 277
269 437
270 332
270 398
270 273
270 414
271 391
271 524
272 285
272 494
273 357
273 490
274 492
274 430
275 300
275 430
275 339
276 580
276 338
277 319
277 380
278 348
278 511
278 509
279 587
280 360
280 343
281 288
281 398
282 333
282 390
282 338
283 336
283 497
283 376
284 486
284 391
284 552
284 573
285 479
286 394
286 428
286 312
287 329
287 580
287 345
287 477
288 359
288 343
288 335
288 394
289 540
289 464
289 411
289 412
289 436
290 448
290 331
290 326
290 426
290 476
290 381
291 336
291 316
291 398
292 473
293 509
294 551
294 342
294 474
294 446
295 532
295 409
296 463
296 360
296 542
296 300
297 561
297 403
297 484
297 577
297 362
297 427
298 486
298 598
298 420
298 346
298 542
299 462
300 444
301 307
301 475
301 579
301 371
301 430
302 544
302 342
303 514
303 323
303 331
303 431
303 554
304 320
304 409
304 495
305 315
306 570
306 449
306 349
307 456
307 584
307 558
308 458
308 349
309 347
309 593
310 512
310 499
311 435
312 411
313 452
313 341
313 539
313 357
314 455
314 398
314 399
315 459
316 369
316 332
316 482
317 420
319 327
319 542
320 577
320 586
320 460
320 366
320 596
320 597
321 579
321 349
322 574
323 348
324 564
324 406
324 553
325 552
325 522
325 351
326 358
326 538
328 416
328 552
330 513
330 335
331 440
331 342
333 504
333 442
333 414
334 512
334 389
334 528
334 392
334 566
334 460
335 350
336 595
336 338
336 359
337 476
339 571
340 384
340 402
340 514
340 430
341 528
341 370
342 553
342 522
343 425
344 440
344 456
344 354
345 363
345 358
346 384
346 443
346 428
346 349
346 398
347 372
347 376
347 532
347 586
348 458
349 559
351 435
351 381
351 415
352 527
353 450
353 488
353 429
353 504
354 402
354 511
355 360
355 414
356 535
356 494
357 512
357 574
358 385
359 516
359 515
360 506
360 421
361 431
361 497
361 402
361 567
362 503
362 594
363 535
364 545
364 571
365 450
365 454
365 509
366 535
368 500
369 391
369 467
370 509
371 503
372 546
373 374
374 500
375 496
375 436
377 460
378 452
378 411
379 389
380 474
381 523
381 520
381 434
382 504
382 469
385 586
387 440
387 452
388 475
388 492
388 509
391 453
391 486
391 520
393 427
394 421
394 419
394 468
396 406
397 449
397 482
398 429
398 444
398 415
400 481
401 444
402 404
403 506
403 479
404 496
405 420
407 456
407 463
409 515
410 433
412 558
413 463
413 458
414 588
416 584
422 525
425 466
427 429
427 536
427 540
428 520
428 518
431 450
431 440
431 510
433 460
434 552
434 477
435 514
435 525
436 488
437 503
437 581
438 585
439 509
440 448
440 451
441 555
441 471
443 580
445 513
445 458
445 451
446 541
447 535
449 582
452 551
453 556
454 566
455 515
457 542
457 467
460 492
462 516
463 515
467 580
467 518
475 522
477 584
478 517
478 523
478 527
480 516
486 577
486 526
487 548
487 491
487 579
487 567
488 554
489 513
496 546
507 511
515 551
518 538
519 551
519 588
520 551
521 594
523 582
526 584
526 527
534 549
541 587
542 550
545 562
545 574
548 599
552 570
561 565
563 585
570 572
589 594
