0 512
0 1
0 2
0 3
0 4
0 5
0 6
0 7
0 8
0 9
0 10
0 11
0 12
0 13
0 14
0 15
0 16
0 17
0 18
0 19
0 20
0 21
0 22
0 23
0 24
0 25
0 26
0 27
0 28
0 29
0 30
0 31
0 32
0 33
0 34
0 35
0 36
0 37
0 38
0 39
0 40
0 41
0 42
0 43
0 44
0 45
0 46
0 47
0 48
0 49
0 50
0 51
0 52
0 53
0 54
0 55
0 56
0 57
0 58
0 59
0 60
0 61
0 62
0 63
0 64
0 65
0 66
0 67
0 68
0 69
0 70
0 71
0 72
0 73
0 74
0 75
0 76
0 77
0 78
0 531
0 593
0 873
0 83
0 84
0 85
0 86
0 87
0 89
0 90
0 92
0 93
0 94
0 95
0 96
0 97
0 98
0 99
0 100
0 101
0 102
0 104
0 105
0 106
0 107
0 108
0 109
0 110
0 623
0 112
0 113
0 114
0 115
0 117
0 118
0 617
0 121
0 122
0 123
0 618
0 126
0 127
0 128
0 642
0 131
0 132
0 134
0 135
0 136
0 139
0 140
0 141
0 142
0 143
0 144
0 146
0 148
0 149
0 150
0 152
0 543
0 666
0 155
0 156
0 158
0 161
0 674
0 539
0 165
0 167
0 168
0 169
0 170
0 717
0 172
0 173
0 174
0 175
0 176
0 177
0 181
0 183
0 652
0 186
0 187
0 188
0 189
0 191
0 192
0 544
0 194
0 707
0 532
0 197
0 198
0 199
0 200
0 201
0 518
0 203
0 204
0 205
0 206
0 207
0 208
0 635
0 210
0 211
0 212
0 213
0 215
0 728
0 689
0 218
0 220
0 221
0 222
0 549
0 738
0 227
0 553
0 231
0 746
0 235
0 637
0 552
0 812
0 247
0 251
0 254
0 257
0 721
0 260
0 261
0 520
0 264
0 265
0 268
0 776
0 271
0 273
0 275
0 276
0 278
0 729
0 282
0 283
0 796
0 286
0 288
0 560
0 290
0 803
0 294
0 828
0 296
0 844
0 299
0 777
0 301
0 733
0 816
0 306
0 308
0 309
0 822
0 311
0 313
0 607
0 315
0 316
0 931
0 318
0 831
0 322
0 325
0 838
0 327
0 328
0 329
0 823
0 332
0 333
0 337
0 739
0 345
0 346
0 859
0 693
0 540
0 741
0 867
0 795
0 841
0 360
0 572
0 362
0 363
0 700
0 643
0 373
0 374
0 863
0 890
0 582
0 524
0 385
0 386
0 899
0 390
0 394
0 578
0 399
0 400
0 914
0 403
0 405
0 408
0 409
0 412
0 926
0 415
0 929
0 930
0 667
0 420
0 421
0 423
0 426
0 941
0 432
0 670
0 438
0 439
0 440
0 886
0 714
0 837
0 458
0 459
0 460
0 463
0 467
0 471
0 473
0 851
0 481
0 849
0 932
0 679
0 743
0 496
0 562
0 501
0 502
0 504
0 596
0 506
0 511
1 2
1 3
1 4
1 5
1 6
1 7
1 8
1 9
1 10
1 11
1 12
1 13
1 14
1 15
1 16
1 17
1 18
1 19
1 20
1 21
1 22
1 23
1 24
1 25
1 26
1 27
1 28
1 29
1 31
1 32
1 34
1 35
1 36
1 37
1 38
1 39
1 40
1 41
1 42
1 43
1 44
1 46
1 47
1 48
1 50
1 53
1 54
1 55
1 56
1 57
1 58
1 59
1 61
1 62
1 63
1 64
1 65
1 523
1 580
1 71
1 73
1 74
1 76
1 77
1 80
1 81
1 82
1 83
1 85
1 87
1 88
1 91
1 95
1 96
1 97
1 98
1 99
1 100
1 103
1 104
1 105
1 106
1 107
1 620
1 109
1 110
1 623
1 515
1 117
1 119
1 120
1 123
1 124
1 637
1 131
1 644
1 519
1 140
1 141
1 142
1 144
1 145
1 146
1 147
1 148
1 150
1 663
1 153
1 154
1 155
1 157
1 160
1 161
1 168
1 684
1 173
1 175
1 176
1 182
1 697
1 543
1 190
1 191
1 704
1 194
1 707
1 709
1 198
1 199
1 201
1 202
1 631
1 205
1 206
1 207
1 720
1 210
1 723
1 724
1 706
1 217
1 218
1 219
1 733
1 222
1 549
1 736
1 227
1 553
1 600
1 232
1 233
1 236
1 722
1 753
1 754
1 755
1 758
1 247
1 248
1 249
1 250
1 253
1 766
1 255
1 256
1 258
1 259
1 270
1 728
1 687
1 787
1 788
1 278
1 280
1 285
1 286
1 289
1 290
1 293
1 734
1 297
1 306
1 820
1 309
1 624
1 826
1 828
1 317
1 832
1 833
1 841
1 842
1 333
1 335
1 336
1 568
1 739
1 341
1 342
1 346
1 348
1 861
1 865
1 866
1 357
1 358
1 361
1 364
1 881
1 371
1 374
1 375
1 892
1 524
1 576
1 389
1 390
1 577
1 911
1 913
1 610
1 918
1 873
1 418
1 421
1 555
1 425
1 941
1 432
1 433
1 947
1 467
1 468
1 902
1 475
1 476
1 848
1 516
1 505
1 767
2 514
2 3
2 4
2 5
2 6
2 7
2 8
2 9
2 10
2 11
2 12
2 13
2 14
2 15
2 16
2 17
2 18
2 19
2 20
2 24
2 537
2 26
2 27
2 29
2 30
2 32
2 33
2 548
2 37
2 38
2 41
2 42
2 45
2 46
2 47
2 48
2 520
2 50
2 51
2 52
2 54
2 521
2 57
2 58
2 59
2 60
2 62
2 64
2 65
2 66
2 67
2 70
2 71
2 72
2 76
2 77
2 79
2 80
2 81
2 82
2 598
2 87
2 88
2 89
2 602
2 91
2 93
2 94
2 95
2 608
2 101
2 615
2 108
2 515
2 113
2 114
2 128
2 641
2 647
2 136
2 567
2 138
2 652
2 142
2 536
2 147
2 148
2 149
2 25
2 157
2 671
2 161
2 166
2 625
2 681
2 174
2 687
2 178
2 182
2 183
2 186
2 187
2 192
2 705
2 707
2 203
2 208
2 210
2 212
2 218
2 221
2 549
2 720
2 226
2 228
2 231
2 451
2 768
2 245
2 249
2 251
2 252
2 605
2 256
2 260
2 773
2 271
2 280
2 285
2 799
2 800
2 803
2 806
2 298
2 820
2 137
2 828
2 319
2 322
2 323
2 838
2 328
2 140
2 55
2 845
2 339
2 343
2 860
2 353
2 358
2 572
2 876
2 879
2 369
2 887
2 378
2 382
2 896
2 388
2 151
2 403
2 404
2 407
2 408
2 525
2 925
2 415
2 416
2 422
2 840
2 948
2 445
2 331
2 452
2 465
2 591
2 783
2 482
2 483
2 488
2 490
2 496
2 503
3 555
3 4
3 5
3 6
3 7
3 8
3 9
3 10
3 11
3 12
3 13
3 14
3 15
3 16
3 17
3 18
3 19
3 20
3 21
3 22
3 345
3 24
3 25
3 283
3 28
3 797
3 30
3 31
3 32
3 33
3 34
3 603
3 36
3 37
3 809
3 298
3 43
3 557
3 46
3 47
3 48
3 817
3 52
3 53
3 54
3 265
3 824
3 308
3 60
3 61
3 63
3 64
3 65
3 579
3 68
3 566
3 838
3 72
3 524
3 311
3 332
3 77
3 78
3 335
3 80
3 82
3 88
3 89
3 602
3 271
3 860
3 93
3 95
3 609
3 98
3 355
3 356
3 106
3 107
3 658
3 110
3 531
3 117
3 118
3 120
3 889
3 122
3 319
3 636
3 125
3 126
3 896
3 643
3 644
3 135
3 141
3 654
3 146
3 835
3 592
3 836
3 900
3 411
3 157
3 415
3 672
3 740
3 674
3 163
3 261
3 166
3 423
3 169
3 171
3 429
3 175
3 434
3 183
3 899
3 186
3 187
3 190
3 447
3 193
3 354
3 195
3 196
3 198
3 711
3 759
3 208
3 376
3 467
3 334
3 420
3 218
3 549
3 224
3 225
3 391
3 487
3 681
3 679
3 338
3 494
3 754
3 245
3 502
3 247
3 250
3 254
4 5
4 6
4 7
4 8
4 9
4 10
4 11
4 13
4 14
4 15
4 16
4 17
4 18
4 20
4 21
4 23
4 24
4 25
4 26
4 27
4 28
4 29
4 31
4 32
4 34
4 35
4 36
4 293
4 38
4 39
4 41
4 257
4 301
4 46
4 48
4 50
4 564
4 55
4 568
4 57
4 573
4 63
4 64
4 352
4 66
4 67
4 70
4 71
4 73
4 74
4 75
4 78
4 81
4 83
4 340
4 343
4 696
4 89
4 90
4 91
4 93
4 96
4 272
4 99
4 256
4 101
4 104
4 361
4 110
4 839
4 116
4 374
4 377
4 890
4 380
4 125
4 127
4 130
4 645
4 904
4 906
4 651
4 322
4 399
4 622
4 150
4 281
4 152
4 346
4 282
4 929
4 162
4 283
4 166
4 168
4 284
4 171
4 173
4 175
4 691
4 438
4 440
4 185
4 347
4 287
4 941
4 288
4 706
4 196
4 199
4 202
4 715
4 204
4 930
4 207
4 725
4 470
4 215
4 472
4 730
4 820
4 228
4 678
4 490
4 491
4 237
4 238
4 726
4 242
4 562
4 245
4 246
4 247
4 300
4 251
4 508
5 773
5 6
5 7
5 8
5 9
5 10
5 11
5 12
5 13
5 15
5 16
5 17
5 18
5 259
5 276
5 789
5 278
5 23
5 25
5 26
5 283
5 541
5 861
5 34
5 518
5 49
5 40
5 732
5 42
5 263
5 939
5 47
5 48
5 305
5 50
5 52
5 309
5 310
5 55
5 312
5 57
5 314
5 316
5 63
5 64
5 66
5 323
5 69
5 72
5 74
5 929
5 76
5 590
5 336
5 568
5 82
5 84
5 86
5 344
5 100
5 859
5 93
5 94
5 99
5 356
5 613
5 455
5 105
5 879
5 112
5 115
5 884
5 916
5 635
5 381
5 299
5 129
5 22
5 134
5 925
5 138
5 140
5 914
5 147
5 148
5 494
5 281
5 152
5 153
5 154
5 411
5 412
5 282
5 601
5 161
5 923
5 169
5 682
5 427
5 413
5 948
5 184
5 417
5 457
5 720
5 216
5 217
5 218
5 219
5 220
5 735
5 592
5 891
5 743
5 235
5 748
5 850
5 238
6 7
6 8
6 9
6 267
6 16
6 17
6 19
6 788
6 21
6 23
6 24
6 900
6 27
6 29
6 30
6 688
6 34
6 37
6 550
6 811
6 775
6 44
6 47
6 304
6 50
6 51
6 334
6 54
6 56
6 57
6 58
6 60
6 62
6 576
6 779
6 836
6 582
6 840
6 730
6 805
6 76
6 590
6 79
6 342
6 87
6 601
6 346
6 94
6 351
6 528
6 360
6 106
6 619
6 364
6 515
6 116
6 574
6 374
6 120
6 121
6 122
6 124
6 125
6 130
6 797
6 134
6 136
6 906
6 141
6 399
6 280
6 403
6 90
6 150
6 155
6 156
6 162
6 539
6 164
6 424
6 687
6 176
6 704
6 944
6 198
6 711
6 456
6 460
6 418
6 722
6 78
6 473
6 474
6 475
6 293
6 736
6 227
6 231
6 636
6 235
7 8
7 9
7 10
7 11
7 13
7 14
7 16
7 17
7 20
7 22
7 23
7 25
7 26
7 27
7 30
7 517
7 288
7 832
7 547
7 292
7 37
7 38
7 39
7 42
7 44
7 46
7 48
7 55
7 56
7 58
7 556
7 320
7 67
7 74
7 78
7 80
7 84
7 345
7 357
7 98
7 100
7 613
7 359
7 617
7 883
7 118
7 375
7 378
7 129
7 386
7 643
7 132
7 389
7 136
7 137
7 279
7 516
7 913
7 149
7 406
7 407
7 416
7 933
7 682
7 428
7 174
7 944
7 182
7 442
7 188
7 448
7 195
7 197
7 203
7 469
7 472
7 729
7 738
7 806
7 233
7 236
7 494
7 242
7 759
7 251
7 281
7 765
7 725
8 776
8 10
8 14
8 15
8 17
8 18
8 19
8 20
8 533
8 22
8 23
8 27
8 29
8 519
8 44
8 392
8 931
8 563
8 52
8 393
8 283
8 59
8 778
8 62
8 833
8 67
8 72
8 76
8 78
8 312
8 338
8 84
8 90
8 527
8 92
8 94
8 98
8 106
8 111
8 632
8 121
8 123
8 637
8 384
8 925
8 136
8 137
8 407
8 397
8 142
8 143
8 912
8 147
8 661
8 918
8 151
8 411
8 412
8 413
8 161
8 162
8 163
8 677
8 924
8 285
8 840
8 194
8 195
8 675
8 213
8 221
8 229
8 489
8 491
8 236
8 749
8 125
8 240
8 500
8 251
8 253
8 254
8 767
9 10
9 12
9 13
9 14
9 16
9 18
9 19
9 20
9 21
9 22
9 23
9 25
9 28
9 287
9 546
9 36
9 262
9 38
9 807
9 41
9 519
9 733
9 48
9 305
9 50
9 57
9 573
9 62
9 64
9 577
9 68
9 72
9 585
9 589
9 78
9 79
9 337
9 86
9 87
9 784
9 99
9 873
9 109
9 110
9 369
9 882
9 115
9 117
9 637
9 126
9 902
9 207
9 392
9 907
9 908
9 516
9 655
9 912
9 913
9 148
9 408
9 669
9 159
9 674
9 420
9 284
9 939
9 435
9 692
9 181
9 708
9 77
9 723
9 164
9 731
9 817
9 228
9 230
9 231
9 752
9 767
10 260
10 11
10 12
10 751
10 14
10 15
10 16
10 17
10 18
10 746
10 277
10 22
10 407
10 132
10 27
10 28
10 31
10 32
10 33
10 162
10 165
10 167
10 42
10 811
10 512
10 46
10 264
10 50
10 947
10 692
10 53
10 54
10 183
10 57
10 452
10 192
10 65
10 66
10 68
10 182
10 471
10 161
10 72
10 74
10 333
10 78
10 80
10 416
10 313
10 728
10 89
10 91
10 655
10 605
10 144
10 354
10 485
10 615
10 106
10 748
10 239
10 624
10 756
10 638
10 528
10 119
10 508
10 170
10 126
11 902
11 396
11 13
11 15
11 272
11 401
11 18
11 537
11 20
11 21
11 23
11 152
11 132
11 26
11 413
11 31
11 160
11 161
11 34
11 38
11 389
11 794
11 301
11 814
11 689
11 128
11 52
11 182
11 788
11 62
11 629
11 32
11 67
11 630
11 71
11 584
11 713
11 842
11 331
11 463
11 513
11 851
11 86
11 727
11 93
11 352
11 864
11 749
11 870
11 276
11 106
11 402
11 495
11 241
11 754
11 545
11 246
11 120
11 249
11 715
11 509
11 255
12 267
12 140
12 642
12 14
12 398
12 16
12 920
12 146
12 403
12 20
12 24
12 25
12 26
12 670
12 133
12 544
12 38
12 167
12 389
12 553
12 199
12 45
12 51
12 54
12 265
12 445
12 58
12 61
12 64
12 196
12 886
12 198
12 71
12 329
12 74
12 761
12 335
12 341
12 377
12 221
12 404
12 144
12 357
12 360
12 106
12 364
12 530
12 878
12 353
12 515
12 936
12 638
12 118
12 504
12 121
12 122
12 636
12 299
12 511
13 642
13 271
13 18
13 19
13 20
13 22
13 25
13 153
13 27
13 800
13 161
13 667
13 422
13 37
13 65
13 167
13 40
13 426
13 135
13 684
13 46
13 47
13 48
13 309
13 57
13 58
13 168
13 60
13 191
13 96
13 200
13 715
13 211
13 85
13 723
13 475
13 860
13 222
13 224
13 263
13 226
13 356
13 101
13 614
13 316
13 106
13 39
13 786
13 238
13 368
13 113
13 147
13 504
13 63
13 126
14 790
14 130
14 143
14 16
14 17
14 19
14 278
14 473
14 452
14 26
14 27
14 28
14 666
14 30
14 288
14 297
14 135
14 45
14 686
14 432
14 179
14 53
14 310
14 314
14 578
14 196
14 71
14 328
14 588
14 458
14 204
14 209
14 83
14 724
14 365
14 856
14 169
14 608
14 109
14 879
14 113
14 41
14 121
14 123
14 124
14 253
14 254
15 385
15 140
15 256
15 912
15 17
15 18
15 150
15 23
15 24
15 132
15 28
15 29
15 159
15 36
15 549
15 38
15 423
15 168
15 391
15 172
15 814
15 669
15 773
15 309
15 439
15 57
15 58
15 61
15 637
15 320
15 65
15 195
15 78
15 81
15 722
15 724
15 85
15 218
15 91
15 604
15 222
15 96
15 613
15 337
15 105
15 494
15 253
15 296
15 281
15 125
15 213
16 143
16 18
16 259
16 22
16 158
16 288
16 35
16 38
16 45
16 48
16 563
16 180
16 54
16 183
16 61
16 323
16 69
16 71
16 331
16 332
16 208
16 337
16 931
16 86
16 88
16 220
16 733
16 606
16 351
16 374
16 103
16 274
16 625
16 498
16 502
16 761
16 508
16 639
17 130
17 19
17 20
17 150
17 826
17 156
17 157
17 542
17 133
17 544
17 34
17 931
17 292
17 37
17 40
17 811
17 43
17 54
17 311
17 697
17 186
17 446
17 321
17 67
17 70
17 842
17 55
17 717
17 36
17 347
17 92
17 605
17 94
17 95
17 97
17 230
17 743
17 747
17 369
17 243
17 500
17 121
17 636
18 386
18 24
18 786
18 19
18 20
18 768
18 152
18 260
18 27
18 540
18 286
18 261
18 288
18 293
18 422
18 41
18 43
18 44
18 813
18 46
18 221
18 945
18 53
18 184
18 442
18 330
18 202
18 117
18 66
18 196
18 650
18 839
18 74
18 331
18 297
18 397
18 440
18 82
18 912
18 342
18 868
18 93
18 95
18 96
18 656
18 355
18 228
18 894
18 102
18 359
18 259
18 664
18 131
18 247
18 378
18 899
18 874
18 299
19 648
19 279
19 20
19 22
19 23
19 24
19 153
19 26
19 155
19 670
19 32
19 162
19 37
19 550
19 297
19 427
19 44
19 177
19 51
19 567
19 64
19 65
19 195
19 836
19 326
19 72
19 330
19 75
19 465
19 83
19 84
19 214
19 471
19 473
19 474
19 890
19 677
19 355
19 101
19 358
19 745
19 108
19 928
19 497
19 117
19 425
19 553
19 379
19 102
20 692
20 60
20 23
20 397
20 25
20 795
20 28
20 669
20 347
20 677
20 934
20 948
20 41
20 42
20 177
20 50
20 691
20 308
20 521
20 52
20 59
20 188
20 190
20 63
20 320
20 833
20 779
20 709
20 75
20 716
20 77
20 335
20 83
20 84
20 91
20 348
20 719
20 443
20 100
20 233
20 915
20 116
20 502
20 375
20 250
20 637
20 638
21 386
21 263
21 142
21 472
21 515
21 277
21 151
21 576
21 26
21 28
21 542
21 913
21 34
21 139
21 294
21 167
21 552
21 412
21 647
21 760
21 896
21 561
21 52
21 54
21 137
21 312
21 313
21 189
21 64
21 195
21 196
21 566
21 200
21 713
21 202
21 332
21 207
21 696
21 632
21 84
21 470
21 267
21 218
21 222
21 98
21 550
21 103
21 104
21 105
21 235
21 749
21 694
21 920
21 244
21 937
21 248
21 124
21 126
22 772
22 262
22 146
22 662
22 23
22 24
22 26
22 29
22 32
22 929
22 162
22 804
22 40
22 170
22 391
22 941
22 46
22 309
22 825
22 316
22 53
22 704
22 71
22 200
22 204
22 77
22 718
22 205
22 597
22 342
22 384
22 605
22 351
22 400
22 847
22 228
22 116
22 245
22 636
22 767
23 898
23 149
23 729
23 516
23 26
23 285
23 30
23 325
23 161
23 292
23 934
23 41
23 941
23 477
23 305
23 53
23 641
23 769
23 63
23 480
23 324
23 69
23 326
23 71
23 458
23 83
23 596
23 804
23 36
23 92
23 93
23 96
23 196
23 620
23 758
23 246
23 340
23 126
24 69
24 609
24 136
24 139
24 141
24 145
24 916
24 431
24 388
24 155
24 29
24 31
24 545
24 419
24 911
24 229
24 552
24 169
24 42
24 333
24 658
24 175
24 200
24 754
24 147
24 309
24 438
24 413
24 121
24 826
24 380
24 637
25 136
25 658
25 149
25 29
25 542
25 31
25 34
25 935
25 40
25 425
25 810
25 46
25 431
25 435
25 185
25 573
25 577
25 322
25 118
25 326
25 711
25 205
25 212
25 471
25 92
25 93
25 480
25 741
25 106
25 189
25 245
25 630
25 252
26 331
26 198
26 904
26 585
26 138
26 141
26 398
26 468
26 525
26 30
26 69
26 32
26 38
26 105
26 618
26 491
26 142
26 559
26 48
26 49
26 50
26 115
26 628
26 54
26 183
26 95
26 590
26 778
27 656
27 661
27 670
27 665
27 540
27 29
27 30
27 163
27 549
27 680
27 28
27 298
27 44
27 178
27 49
27 562
27 692
27 52
27 286
27 440
27 441
27 315
27 394
27 63
27 192
27 65
27 197
27 585
27 74
27 78
27 184
27 35
27 600
27 91
27 604
27 366
27 116
27 117
27 297
28 139
28 145
28 388
28 285
28 31
28 545
28 419
28 420
28 40
28 44
28 948
28 824
28 441
28 699
28 573
28 62
28 320
28 577
28 706
28 907
28 927
28 70
28 77
28 206
28 57
28 97
28 484
28 101
28 750
28 242
28 115
28 373
28 633
28 636
28 639
29 133
29 149
29 156
29 544
29 475
29 134
29 42
29 455
29 174
29 49
29 306
29 310
29 713
29 825
29 442
29 828
29 327
29 204
29 588
29 205
29 334
29 333
29 208
29 57
29 857
29 91
29 101
29 108
29 109
29 368
29 243
29 378
29 123
29 298
30 800
30 261
30 137
30 138
30 203
30 258
30 43
30 530
30 291
30 155
30 796
30 154
30 416
30 518
30 666
30 519
30 235
30 775
30 928
30 50
30 778
30 180
30 310
30 329
30 120
30 252
30 458
30 190
31 66
31 581
31 65
31 72
31 751
31 678
31 208
31 195
31 910
31 278
31 473
31 152
31 282
31 444
31 92
31 159
31 160
31 35
31 714
31 38
31 166
31 168
31 169
31 199
31 483
31 872
31 233
31 632
31 671
31 316
31 701
32 662
32 326
32 793
32 141
32 142
32 885
32 791
32 388
32 95
32 523
32 34
32 35
32 36
32 101
32 616
32 235
32 300
32 814
32 496
32 128
32 308
32 373
32 56
32 441
32 702
32 255
33 260
33 838
33 135
33 201
33 78
33 274
33 771
33 87
33 344
33 281
33 282
33 603
33 92
33 157
33 226
33 167
33 936
33 476
33 359
33 940
33 111
33 243
33 118
33 61
33 255
34 714
34 74
34 333
34 597
34 399
34 786
34 724
34 918
34 282
34 858
34 901
34 162
34 38
34 233
34 815
34 178
34 307
34 180
34 182
34 762
34 61
34 533
35 195
35 134
35 897
35 328
35 77
35 270
35 451
35 181
35 400
35 99
35 229
35 237
35 814
35 306
35 307
35 117
35 754
35 127
35 509
35 475
35 255
36 133
36 243
36 74
36 290
36 848
36 465
36 211
36 404
36 723
36 151
36 728
36 603
36 95
36 98
36 667
36 100
36 337
36 362
36 896
36 173
36 147
36 52
36 501
36 759
36 383
36 319
37 388
37 69
37 460
37 206
37 397
37 415
37 402
37 154
37 923
37 81
37 101
37 528
37 419
37 198
37 295
37 553
37 42
37 171
37 302
37 112
37 369
37 308
37 757
37 830
37 55
37 633
37 58
37 315
37 444
37 554
37 784
38 643
38 390
38 78
38 81
38 468
38 716
38 612
38 217
38 442
38 90
38 199
38 608
38 592
38 356
38 166
38 871
38 40
38 42
38 43
38 492
38 495
38 51
38 478
38 57
38 122
38 123
38 765
39 774
39 457
39 202
39 912
39 913
39 277
39 151
39 792
39 900
39 223
39 610
39 230
39 678
39 41
39 50
39 115
39 565
39 694
39 55
40 899
40 65
40 72
40 84
40 71
40 220
40 413
40 229
40 604
40 675
40 391
40 357
40 171
40 44
40 621
40 495
40 114
40 120
40 255
41 43
41 773
41 710
41 129
41 392
41 791
41 840
41 339
41 216
41 71
41 363
41 199
41 295
41 419
41 420
41 107
41 44
41 338
41 240
41 177
41 115
41 643
41 756
41 148
41 446
41 703
42 580
42 140
42 461
42 256
42 337
42 275
42 612
42 431
42 161
42 354
42 859
42 292
42 305
42 839
42 108
42 349
42 112
42 241
42 432
42 74
42 138
42 55
42 266
42 253
42 637
43 457
43 71
43 584
43 103
43 50
43 291
43 313
43 56
43 120
43 858
43 220
44 67
44 324
44 517
44 64
44 573
44 332
44 909
44 837
44 83
44 148
44 597
44 221
44 51
44 418
44 134
44 102
44 103
44 106
44 108
44 109
44 239
44 50
44 694
44 123
44 316
44 381
44 702
44 639
45 193
45 388
45 182
45 70
45 502
45 128
45 845
45 270
45 665
45 280
45 516
45 735
45 224
45 630
45 928
45 550
45 489
45 365
45 366
45 48
45 50
45 246
45 55
46 133
46 841
46 918
46 399
46 90
46 214
46 132
46 218
46 158
46 288
46 106
46 257
46 173
46 942
46 48
46 177
46 798
46 630
46 439
46 637
47 71
47 456
47 784
47 904
47 707
47 276
47 150
47 217
47 219
47 736
47 673
47 582
47 241
47 299
47 110
47 560
47 136
47 52
47 244
47 253
47 254
47 865
48 204
48 144
48 88
48 219
48 69
48 101
48 166
48 817
48 828
48 367
48 758
48 308
48 630
48 521
48 761
48 511
48 508
48 189
48 63
49 199
49 602
49 341
49 406
49 604
49 346
49 222
49 100
49 229
49 424
49 105
49 106
49 750
49 111
49 496
49 497
49 626
49 158
49 234
49 149
50 683
50 680
50 717
50 593
50 146
50 150
50 722
50 338
50 94
50 159
50 552
50 554
50 111
50 108
50 118
50 119
50 184
51 264
51 265
51 322
51 79
51 80
51 81
51 333
51 408
51 665
51 143
51 348
51 797
51 478
51 95
51 224
51 740
51 70
51 297
51 368
51 372
51 55
51 57
51 122
51 607
51 829
52 134
52 395
52 721
52 338
52 67
52 902
52 485
52 216
52 949
52 875
52 92
52 69
52 197
52 619
52 350
52 389
52 171
52 402
52 581
52 879
52 803
52 309
52 869
52 120
52 57
52 443
52 124
52 765
52 702
52 85
53 262
53 80
53 259
53 217
53 155
53 927
53 546
53 134
53 167
53 105
53 359
53 172
53 237
53 762
53 202
53 126
54 829
54 654
54 611
54 88
54 793
54 220
54 718
54 163
54 156
54 556
54 813
54 445
54 240
54 305
54 116
54 565
54 837
54 120
54 249
54 74
55 79
55 594
55 216
55 217
55 92
55 389
55 491
55 302
55 183
55 59
55 170
55 62
56 66
56 328
56 73
56 205
56 941
56 352
56 558
56 740
56 418
56 484
56 165
56 615
56 296
56 105
56 686
56 110
56 115
56 57
56 890
56 315
56 636
56 125
56 127
57 263
57 715
57 912
57 338
57 85
57 216
57 934
57 839
57 364
57 557
57 560
57 58
58 72
58 74
58 343
58 76
58 77
58 88
58 346
58 165
58 653
58 685
58 611
58 65
58 681
58 619
58 257
58 549
58 486
58 677
58 79
58 121
58 59
59 580
59 726
59 326
59 113
59 136
59 650
59 143
59 593
59 82
59 86
59 600
59 591
59 122
59 293
59 231
59 584
59 359
59 174
59 114
59 903
59 511
60 567
60 75
60 529
60 341
60 761
60 367
60 95
60 611
60 487
60 169
60 239
60 885
60 181
60 247
60 568
60 404
60 378
60 509
60 382
60 117
61 196
61 197
61 385
61 64
61 457
61 714
61 451
61 853
61 343
61 282
61 655
61 220
61 734
61 261
61 547
61 745
61 618
61 239
61 579
61 947
61 245
61 182
62 131
62 481
62 192
62 386
62 270
62 145
62 786
62 86
62 857
62 154
62 223
62 353
62 134
62 489
62 683
62 301
62 942
62 118
62 763
63 330
63 654
63 79
63 150
63 856
63 260
63 231
63 105
63 370
63 305
63 498
63 365
63 629
63 894
64 199
64 266
64 267
64 910
64 82
64 665
64 475
64 325
64 225
64 610
64 612
64 869
64 934
64 362
64 304
64 116
64 373
64 522
64 624
64 191
64 255
65 135
65 769
65 238
65 270
65 213
65 124
65 698
66 939
66 135
66 78
66 657
66 601
66 644
66 222
66 354
66 170
66 107
66 178
66 242
66 823
66 380
67 129
67 389
67 144
67 340
67 558
67 599
67 900
67 347
67 476
67 93
67 106
67 494
67 820
68 864
68 900
68 133
68 230
68 392
68 396
68 200
68 722
68 243
68 281
68 440
68 89
68 586
69 98
69 356
69 441
69 80
69 96
69 247
69 208
69 232
69 82
69 693
69 313
69 730
70 491
70 774
70 651
70 139
70 268
70 173
70 533
70 278
70 280
70 537
70 478
70 240
70 484
70 617
70 363
70 558
70 496
70 117
70 190
71 133
71 392
71 713
71 527
71 340
71 732
71 506
71 158
71 228
71 493
71 104
71 116
71 756
71 567
71 249
71 87
71 891
71 125
72 77
72 216
72 149
72 86
72 88
72 730
72 879
72 314
72 426
72 237
72 110
72 797
72 73
72 376
72 317
72 661
73 453
73 458
73 652
73 162
73 526
73 212
73 132
73 92
73 94
73 95
73 288
73 98
73 483
73 228
73 293
73 551
73 360
73 114
73 247
73 701
74 76
74 813
74 504
74 82
74 154
74 231
74 171
74 304
74 241
74 115
74 312
74 125
74 254
74 426
75 107
75 99
75 389
75 169
75 458
75 139
75 923
75 336
75 114
75 691
75 697
75 121
75 724
75 763
76 163
76 667
76 129
76 157
76 689
76 927
76 116
76 373
76 415
76 700
76 93
76 133
77 764
77 305
77 234
77 427
77 353
77 241
77 309
77 436
77 219
77 917
78 332
78 589
78 131
78 599
78 600
78 921
78 739
78 781
78 454
78 170
78 363
78 111
78 435
78 314
78 778
79 384
79 289
79 481
79 194
79 577
79 130
79 302
79 111
79 85
79 463
79 91
79 190
80 640
80 261
80 459
80 460
80 717
80 147
80 729
80 733
80 389
80 419
80 519
80 517
80 879
80 385
80 305
80 823
80 570
81 198
81 129
81 486
81 132
81 332
81 82
81 86
81 217
81 90
81 221
81 803
81 360
81 135
81 817
81 570
81 189
81 666
82 260
82 742
82 241
82 210
82 429
82 258
82 372
82 277
82 251
82 761
82 914
83 363
83 532
83 300
83 842
83 183
83 173
83 461
83 384
83 334
83 249
83 640
83 379
83 499
84 513
84 325
84 785
84 110
84 593
84 607
84 319
84 520
84 190
84 101
85 911
85 294
85 617
85 875
85 365
85 433
85 147
85 927
85 116
85 751
86 459
86 660
86 150
86 727
86 157
86 480
86 545
86 867
86 550
86 946
86 820
86 713
86 185
86 87
87 395
87 140
87 591
87 942
87 278
87 91
87 476
87 517
87 160
87 418
87 549
87 617
87 299
87 365
87 878
87 372
88 261
88 714
88 203
88 141
88 259
88 916
88 732
88 901
88 97
88 136
88 211
88 643
88 440
88 927
88 125
89 193
89 385
89 264
89 892
89 631
89 397
89 573
89 592
89 785
89 530
89 921
89 215
89 795
89 508
89 349
90 640
90 551
90 809
90 266
90 203
90 532
90 278
90 791
90 511
90 897
90 296
91 325
91 198
91 280
91 153
91 349
91 105
91 367
91 368
91 177
91 245
91 246
91 441
91 124
92 102
92 145
92 172
92 921
92 401
92 752
92 147
92 406
92 667
92 605
93 449
93 642
93 529
93 459
93 420
93 728
93 126
93 95
94 544
94 673
94 556
94 730
94 870
94 120
94 122
94 284
94 125
94 158
94 389
95 452
95 263
95 128
95 258
95 336
95 274
95 535
95 152
95 358
95 492
95 687
95 119
96 521
96 330
96 267
96 670
96 287
96 611
96 292
96 168
96 491
96 946
96 820
96 222
96 312
96 188
96 509
97 408
97 259
97 708
97 165
97 262
97 519
97 360
97 713
97 267
97 917
97 625
97 285
97 491
98 130
98 101
98 588
98 417
98 534
98 728
98 122
98 859
98 252
98 730
99 550
99 137
99 140
99 695
99 448
99 324
99 794
99 190
100 136
100 489
100 812
100 880
100 114
100 829
100 101
101 896
101 194
101 450
101 662
101 644
101 155
101 220
101 157
101 229
101 172
101 433
101 467
101 634
101 572
102 225
102 866
102 387
102 484
102 486
102 481
102 924
102 877
102 180
102 567
102 537
102 635
102 318
103 295
103 394
103 173
103 914
103 435
103 916
103 885
103 696
103 574
103 245
104 162
104 806
104 454
104 713
104 206
104 624
104 180
104 185
104 121
104 575
104 189
104 798
104 469
105 354
105 745
105 501
105 512
105 142
105 404
105 479
105 249
105 252
105 574
106 143
106 789
106 279
106 271
106 671
106 416
106 178
106 755
106 437
106 632
107 918
107 404
107 534
107 473
107 153
107 602
107 703
108 581
108 778
108 520
108 521
108 170
108 363
108 770
108 808
108 408
108 154
108 399
108 202
108 127
109 290
109 363
109 716
109 458
109 202
109 160
109 336
109 274
109 180
109 405
109 810
109 378
109 315
109 156
110 293
110 641
110 136
110 330
110 555
110 236
110 370
110 114
110 854
110 143
110 888
110 357
111 580
111 295
111 298
111 647
111 210
111 559
111 851
111 214
112 131
112 804
112 913
112 240
112 241
112 658
112 153
112 478
112 415
113 165
113 232
113 240
113 147
113 692
113 118
113 857
113 187
113 915
113 574
114 811
114 424
114 402
114 156
115 900
115 904
115 140
115 412
115 478
115 453
115 496
115 178
115 307
115 248
115 569
115 330
115 190
116 130
116 131
116 811
116 630
116 142
116 816
116 242
116 339
116 334
116 636
116 415
117 371
117 192
117 205
117 573
117 177
117 204
117 285
118 514
118 132
118 486
118 393
118 456
118 268
118 238
118 380
118 251
118 156
118 349
118 223
119 645
119 423
119 553
119 524
119 943
119 371
119 628
119 599
119 788
119 605
120 450
120 398
120 207
120 724
120 890
121 802
121 227
121 231
121 142
121 775
121 631
121 590
121 698
121 309
122 576
122 359
122 843
122 467
122 790
122 346
122 155
122 797
122 421
123 486
123 295
123 779
123 140
123 493
123 626
123 180
123 184
123 377
123 672
123 190
123 607
124 740
124 566
124 918
124 721
124 723
124 214
124 217
124 472
124 153
124 510
124 927
125 320
125 143
125 806
125 166
125 167
125 135
125 877
125 943
125 305
125 375
125 442
125 394
125 264
126 292
126 171
126 428
126 827
126 269
126 816
126 632
126 521
126 472
126 219
127 135
127 201
127 591
127 628
127 821
127 431
127 220
127 190
128 804
128 396
128 224
128 855
128 183
128 354
128 281
128 762
128 283
129 582
129 236
129 157
129 382
129 261
130 358
130 173
130 368
130 340
130 639
130 476
130 318
130 319
131 226
131 419
131 550
131 231
131 460
131 566
131 215
131 608
131 897
132 310
132 133
132 677
132 148
132 287
132 255
133 148
133 419
133 381
133 788
133 340
133 750
133 470
133 489
133 830
133 863
134 580
134 615
134 809
134 427
134 273
134 182
135 612
135 681
135 588
135 317
135 716
135 397
135 672
135 222
136 842
136 147
136 853
136 282
136 223
136 353
136 359
136 167
136 377
136 828
137 453
137 706
137 877
137 528
137 561
137 210
137 660
137 738
137 439
137 345
137 506
137 911
137 261
138 229
138 557
138 528
138 402
138 307
138 889
138 575
138 155
138 447
139 246
139 856
139 489
139 733
139 677
140 577
140 651
140 207
140 467
140 212
140 491
140 238
140 311
140 248
140 570
140 251
140 234
141 902
141 391
141 224
141 207
141 790
141 159
142 926
142 330
142 493
142 629
142 751
142 668
142 474
142 702
142 511
143 208
143 687
143 304
143 288
143 238
143 210
143 182
143 793
143 767
144 406
144 188
144 250
144 394
144 621
145 344
145 690
145 603
145 420
145 252
145 427
146 322
146 232
146 360
146 342
146 153
146 604
146 318
147 579
147 329
147 664
147 724
147 631
147 517
148 391
148 420
148 172
148 942
148 848
148 244
148 308
148 506
148 284
148 702
149 192
149 491
149 655
149 947
149 726
149 408
149 753
150 251
150 454
150 904
150 393
150 662
150 515
150 181
150 937
150 600
150 286
151 309
151 713
151 394
151 235
151 492
151 889
151 793
151 185
151 572
151 447
152 695
152 588
152 751
152 466
152 407
152 344
152 442
152 636
153 612
153 294
153 167
153 264
153 242
153 686
153 594
153 543
153 762
153 390
154 609
154 632
154 411
154 445
154 414
155 897
155 617
155 203
155 824
155 472
155 446
155 218
155 415
156 465
156 622
156 893
156 511
157 852
157 933
157 689
157 798
157 261
158 641
158 355
158 945
158 747
158 243
158 398
158 247
158 376
158 732
158 925
158 191
159 196
159 713
159 811
159 819
159 553
159 346
159 253
160 295
160 296
160 617
160 429
160 302
160 753
160 199
161 579
161 224
161 595
161 706
161 409
161 413
161 287
161 288
161 429
161 477
161 755
161 891
161 830
162 785
162 307
162 804
162 888
162 601
163 306
163 372
163 501
163 893
163 350
163 255
164 736
164 513
164 514
164 801
164 776
164 314
164 205
164 897
165 875
165 261
165 257
165 331
165 558
165 914
165 854
165 807
165 250
165 251
165 613
166 384
166 773
166 258
166 462
166 911
166 532
166 895
166 670
167 493
167 724
167 655
168 195
168 264
168 881
168 306
168 291
168 787
168 185
168 511
168 573
169 224
169 508
169 426
169 817
169 570
169 222
170 484
170 361
170 567
170 177
170 562
170 686
170 350
171 851
171 696
171 217
171 900
171 394
172 561
172 457
172 555
172 173
172 369
172 502
172 393
172 917
172 317
172 629
173 360
173 460
173 362
173 226
173 719
173 401
173 797
173 667
173 189
173 608
174 577
174 869
174 427
174 882
174 435
174 308
174 854
174 761
174 600
174 505
175 837
175 641
175 654
176 290
176 489
176 252
176 285
177 404
177 409
177 259
178 517
178 369
178 916
178 474
178 316
178 189
179 849
179 228
179 718
179 343
179 279
179 188
180 656
180 387
180 516
180 486
180 430
180 461
180 465
180 709
181 294
181 295
181 776
181 762
181 493
181 613
182 391
182 777
182 462
182 467
182 759
183 580
183 837
183 268
183 433
183 400
184 450
184 498
184 949
184 605
185 342
185 268
185 573
186 517
186 278
186 385
186 520
186 218
186 400
186 481
187 292
187 663
187 665
187 842
187 761
187 284
187 418
188 708
188 230
188 335
188 465
188 214
188 279
188 281
188 705
188 704
188 605
189 603
189 829
190 255
190 501
190 926
190 564
191 458
191 556
191 520
191 726
191 311
191 859
191 298
192 331
192 372
192 568
192 381
193 228
193 581
193 326
193 740
193 369
193 778
193 437
193 854
193 312
193 413
194 227
194 484
194 815
194 391
194 938
194 300
194 270
194 657
194 545
194 918
194 767
194 542
194 287
195 257
195 786
195 288
195 400
195 434
195 464
195 694
196 609
196 200
196 236
196 491
196 527
196 470
196 228
196 858
197 723
197 696
197 260
198 303
198 947
198 412
198 669
199 856
199 332
200 480
200 615
200 267
201 863
201 691
201 799
202 834
202 707
202 239
202 379
203 417
203 640
203 424
203 397
203 948
203 215
204 770
204 600
204 809
204 274
204 829
204 369
204 210
204 404
204 376
204 697
204 314
205 512
205 401
205 370
205 563
205 637
206 708
206 266
206 268
206 590
206 724
206 855
206 345
206 314
206 638
207 313
207 672
207 860
207 533
208 464
208 805
208 266
208 453
208 245
208 463
208 567
208 357
209 263
209 751
209 223
210 581
210 558
210 823
210 569
210 415
211 736
211 485
211 327
211 234
211 332
211 494
211 465
211 244
211 566
211 682
211 222
211 865
213 290
213 276
213 464
213 802
213 498
214 378
214 639
215 456
215 653
215 334
215 435
215 916
215 825
215 730
216 547
216 253
216 926
217 290
217 331
217 389
217 645
217 443
217 247
218 223
219 516
219 229
219 262
219 289
219 620
219 267
219 460
219 239
220 752
220 226
220 733
220 914
220 293
221 513
221 328
221 690
221 342
221 537
222 392
222 532
222 409
222 509
223 480
223 772
223 613
223 622
223 303
223 883
223 725
223 858
224 229
224 673
224 592
224 402
224 329
225 263
225 925
225 621
225 879
226 324
226 389
226 429
226 290
226 478
227 485
227 672
227 300
227 625
227 274
227 435
227 411
227 671
228 338
228 305
228 248
228 915
228 836
229 512
229 465
229 332
229 242
230 875
230 344
230 395
231 353
231 260
231 518
231 428
231 814
231 662
232 435
232 289
232 873
232 475
233 529
233 391
233 519
233 266
233 462
233 369
233 901
233 379
234 743
234 553
234 833
234 269
235 792
235 688
236 467
236 867
236 425
236 548
237 577
237 329
237 621
238 865
238 811
238 343
238 324
238 890
238 795
238 924
239 275
240 752
240 356
240 721
240 313
240 314
240 863
241 258
241 903
241 557
241 798
241 378
241 286
242 533
243 849
243 671
244 272
244 425
244 724
244 932
244 525
245 742
245 873
245 697
246 929
246 307
247 386
247 326
247 525
247 444
249 374
249 492
249 491
250 674
250 304
250 613
250 533
250 920
250 798
250 901
251 320
251 291
251 617
251 842
251 337
251 633
251 535
251 260
251 314
252 449
252 805
252 326
252 268
252 629
252 314
252 539
253 351
253 323
253 949
254 497
254 821
254 891
255 834
255 614
255 744
255 270
255 488
255 382
255 634
256 814
256 425
256 509
256 364
256 378
256 622
257 804
258 272
258 373
258 299
258 572
258 386
259 863
259 427
259 405
260 895
260 416
260 277
260 470
260 505
261 456
261 907
261 862
261 601
261 508
261 380
262 811
263 928
263 767
263 643
263 677
263 850
263 759
263 536
263 389
264 483
264 327
264 457
264 519
264 711
265 721
265 340
265 918
265 599
265 344
265 729
265 795
265 574
266 430
266 267
266 621
267 269
267 752
267 536
267 508
268 832
268 857
268 477
268 605
269 288
269 457
269 387
269 372
269 446
269 455
269 377
269 879
270 515
270 932
270 879
271 294
271 473
271 377
272 555
272 455
272 787
272 606
272 591
274 530
274 823
274 764
274 303
274 719
275 611
275 774
275 615
275 679
275 364
275 461
275 816
275 871
275 277
275 409
277 867
277 783
278 386
278 615
278 591
278 496
278 641
278 349
279 340
280 291
280 326
280 606
280 365
281 835
281 520
281 686
282 353
283 346
283 366
283 693
284 870
284 678
284 296
284 708
284 365
285 917
285 455
285 463
286 363
286 409
286 530
286 441
287 848
287 938
288 421
288 906
288 735
289 635
289 744
290 299
290 476
291 301
292 804
292 914
292 466
292 922
292 766
293 363
293 620
293 338
293 879
293 926
294 446
294 590
295 929
295 648
295 618
295 651
295 695
295 824
295 377
295 453
296 675
296 469
296 328
296 439
296 686
297 876
297 562
297 720
297 438
297 503
297 889
297 666
297 475
298 792
298 500
298 329
298 589
299 723
299 473
300 821
300 662
300 439
301 357
301 789
302 786
302 723
302 749
302 558
302 319
303 547
303 615
303 856
303 793
304 625
304 733
304 740
304 663
304 672
305 421
306 578
306 596
306 804
307 520
307 732
308 322
308 924
308 387
309 499
309 318
310 418
310 902
310 392
311 773
311 935
312 433
312 501
312 316
312 938
313 467
313 473
313 652
314 667
315 416
315 645
315 742
315 495
316 868
316 422
316 841
316 458
316 948
317 605
317 494
317 765
318 346
318 469
319 739
319 473
319 347
320 333
320 496
320 689
320 659
320 503
320 505
320 602
321 322
321 819
321 388
321 438
321 871
321 888
321 377
322 680
322 865
322 509
323 368
323 546
323 563
323 934
323 792
324 640
324 609
324 549
324 398
324 338
324 819
324 798
324 639
325 697
326 335
326 861
327 339
327 554
327 908
327 543
328 368
328 818
328 547
328 636
328 543
329 617
329 428
329 881
329 789
329 792
329 800
330 583
330 633
330 683
331 451
331 730
332 905
332 658
332 372
333 453
333 935
333 808
333 482
334 341
335 336
335 478
335 620
336 859
336 392
336 425
336 684
337 569
337 902
337 473
337 762
338 475
339 409
339 927
340 457
340 567
341 545
341 811
341 777
341 671
342 381
342 683
343 816
343 718
343 666
344 668
344 486
344 593
345 593
345 500
345 870
347 479
348 874
349 656
349 895
349 503
349 489
349 860
349 645
350 949
350 829
350 431
351 560
351 614
351 854
351 750
352 534
352 843
352 363
353 649
354 665
354 882
355 896
355 421
355 397
356 700
356 591
356 364
357 364
358 933
358 438
358 458
358 639
360 519
360 396
360 474
360 635
361 522
362 517
362 422
363 546
363 803
363 520
363 378
363 922
365 577
365 785
365 554
366 461
367 563
368 689
368 628
368 933
369 688
370 755
370 405
370 642
370 590
371 816
371 547
371 478
372 816
372 599
375 627
375 722
375 531
377 663
377 894
378 489
378 815
378 408
380 527
381 833
382 586
382 491
382 718
383 531
383 580
383 435
384 428
384 723
385 586
385 918
386 880
386 423
387 786
387 468
387 702
388 409
389 830
390 806
390 461
391 448
391 609
391 452
391 596
391 468
391 575
392 656
392 778
392 718
392 842
393 480
393 610
393 822
394 581
394 617
395 430
396 592
396 626
396 857
396 458
396 570
397 545
398 593
398 874
398 519
398 932
398 557
399 704
399 558
400 927
400 796
400 471
400 647
401 916
401 910
402 880
402 454
402 807
402 568
403 721
403 927
404 545
404 708
404 508
405 758
405 586
405 541
406 532
406 522
406 411
408 812
408 565
409 414
409 468
409 566
410 890
410 580
411 471
413 486
413 600
413 556
413 925
413 773
414 639
414 508
414 591
415 439
416 474
416 625
416 472
416 912
417 467
417 596
417 502
417 458
417 476
418 491
418 436
418 739
419 578
419 489
419 729
419 901
420 603
420 827
421 427
422 435
422 612
422 943
422 539
423 772
423 475
424 649
425 579
425 568
425 730
425 429
426 623
427 449
427 714
427 697
427 924
427 861
428 896
429 747
429 815
430 692
430 931
431 489
431 570
432 766
432 518
432 737
432 576
434 487
435 861
435 799
436 873
437 792
437 514
438 687
439 562
439 507
440 822
440 653
441 560
441 595
441 821
442 468
442 505
442 770
442 716
443 676
443 583
444 812
444 460
446 652
446 591
447 921
448 672
450 832
451 502
452 931
452 519
453 542
454 584
454 726
454 777
454 782
455 722
455 917
455 786
456 489
456 891
457 571
457 623
458 906
460 656
461 465
463 763
463 938
464 724
464 811
464 731
464 879
466 475
467 835
467 681
467 824
467 606
468 550
468 811
468 742
469 600
469 715
470 496
471 802
471 857
471 732
471 509
471 671
472 653
473 722
474 946
475 487
475 545
476 648
476 521
476 624
476 698
476 890
477 925
478 836
478 856
480 757
480 588
482 819
482 630
483 945
483 644
483 730
483 860
485 669
486 499
487 659
490 500
490 794
490 549
491 553
491 693
491 531
491 676
492 766
494 712
494 523
494 588
495 544
496 673
496 616
496 693
498 870
498 921
499 672
501 734
501 887
502 562
502 590
503 872
503 826
504 624
504 672
505 868
506 642
507 548
508 651
508 843
510 529
511 627
511 622
512 847
514 937
514 869
516 760
516 878
516 873
517 695
518 728
519 813
519 785
520 943
521 712
521 564
522 900
522 641
523 654
523 751
524 678
524 681
526 636
526 941
526 537
527 943
528 843
529 640
529 531
529 798
530 864
531 546
531 683
531 757
531 615
531 863
533 597
533 919
533 863
534 754
536 549
537 733
538 729
539 770
539 552
541 777
543 678
543 727
544 910
545 627
545 639
550 703
550 637
552 825
555 576
555 781
556 735
556 759
557 946
557 920
559 815
562 611
563 584
564 570
564 838
567 932
569 627
570 723
571 652
572 649
573 585
575 725
576 694
577 885
579 696
579 653
581 794
583 744
583 876
588 937
588 732
589 740
589 841
589 828
592 824
593 878
594 691
595 732
596 605
597 647
598 602
601 797
602 694
606 901
609 676
609 711
609 665
610 659
610 845
611 904
613 724
614 667
615 812
615 656
615 776
615 697
616 684
616 878
617 754
618 854
619 707
620 893
621 673
621 730
621 943
622 886
622 904
622 862
623 736
625 794
625 699
627 866
628 674
628 777
631 821
631 663
633 772
633 841
633 788
636 675
637 716
637 915
640 697
641 766
641 713
642 894
643 719
647 900
648 670
651 908
655 798
656 836
658 805
658 780
658 669
659 775
659 726
660 840
660 708
661 805
661 718
663 774
666 884
667 869
668 801
668 930
669 938
672 772
672 819
675 870
680 812
681 684
681 733
682 856
685 734
686 737
686 863
688 895
689 765
694 768
694 818
695 943
696 764
699 797
699 829
701 935
703 725
703 909
711 808
714 777
718 947
719 912
721 851
723 897
723 876
723 858
725 910
726 755
733 918
735 898
735 828
737 745
738 895
739 880
739 906
746 850
747 876
748 934
752 800
752 803
753 795
754 898
758 853
759 776
760 868
763 915
764 884
765 841
770 834
775 811
775 781
776 777
777 883
789 809
792 845
795 884
803 869
805 928
805 855
805 940
813 843
815 844
816 885
818 906
819 889
822 858
825 922
836 896
836 889
837 902
839 855
842 863
845 868
848 885
849 856
851 941
863 889
871 943
872 878
881 947
892 913
898 928
899 907
900 935
910 934
918 921
