Graph Algorithm population nodes edges steps fitness_evaluations covering_size edges_covered fitness
ca-GrQc_clean EA 10 5242 14496 44885 44894 3365 14493 82439057
ca-GrQc_clean EA 10 5242 14496 44885 44894 3407 14490 164874791
ca-GrQc_clean EA 10 5242 14496 44885 44894 3386 14491 137396206
ca-GrQc_clean EA 10 5242 14496 44885 44894 3392 14490 164874776
ca-GrQc_clean EA 10 5242 14496 44885 44894 3391 14491 137396211
ca-GrQc_clean EA 10 5242 14496 44885 44894 3387 14489 192353335
ca-GrQc_clean EA 10 5242 14496 44885 44894 3357 14491 137396177
ca-GrQc_clean EA 10 5242 14496 44885 44894 3393 14491 137396213
ca-GrQc_clean EA 10 5242 14496 44885 44894 3367 14491 137396187
ca-GrQc_clean EA 10 5242 14496 44885 44894 3382 14492 109917638
ca-GrQc_clean EA 30 5242 14496 44865 44894 3478 14151 9480108058
ca-GrQc_clean EA 30 5242 14496 44865 44894 3438 14119 10359422066
ca-GrQc_clean EA 30 5242 14496 44865 44894 3459 14151 9480108039
ca-GrQc_clean EA 30 5242 14496 44865 44894 3453 14146 9617500853
ca-GrQc_clean EA 30 5242 14496 44865 44894 3478 14165 9095408162
ca-GrQc_clean EA 30 5242 14496 44865 44894 3439 14125 10194550683
ca-GrQc_clean EA 50 5242 14496 44845 44894 3214 13750 20499011958
ca-GrQc_clean EA 30 5242 14496 44865 44894 3451 14148 9562543723
ca-GrQc_clean EA 50 5242 14496 44845 44894 3211 13741 20746319031
ca-GrQc_clean EA 30 5242 14496 44865 44894 3454 14154 9397672342
ca-GrQc_clean EA 50 5242 14496 44845 44894 3219 13744 20663883347
ca-GrQc_clean EA 30 5242 14496 44865 44894 3452 14124 10222029260
ca-GrQc_clean EA 30 5242 14496 44865 44894 3439 14115 10469336323
ca-GrQc_clean EA 50 5242 14496 44845 44894 3258 13764 20114312106
ca-GrQc_clean EA 70 5242 14496 44825 44894 3090 13465 28330402574
ca-GrQc_clean EA 50 5242 14496 44845 44894 3221 13671 22669818521
ca-GrQc_clean EA 50 5242 14496 44845 44894 3226 13697 21955375862
ca-GrQc_clean EA 50 5242 14496 44845 44894 3283 13743 20691361975
ca-GrQc_clean EA 50 5242 14496 44845 44894 3280 13719 21350847508
ca-GrQc_clean EA 70 5242 14496 44825 44894 3061 13343 31682787353
ca-GrQc_clean EA 90 5242 14496 44805 44894 3035 13173 36354143207
ca-GrQc_clean EA 70 5242 14496 44825 44894 3099 13429 29319630887
ca-GrQc_clean EA 90 5242 14496 44805 44894 3017 13184 36051878985
ca-GrQc_clean EA 70 5242 14496 44825 44894 3082 13432 29237195178
ca-GrQc_clean EA 90 5242 14496 44805 44894 3021 13182 36106836117
ca-GrQc_clean EA 70 5242 14496 44825 44894 3132 13417 29649373688
ca-GrQc_clean EA 90 5242 14496 44805 44894 3010 13203 35529786262
ca-GrQc_clean EA 50 5242 14496 44845 44894 3256 13700 21872940200
ca-GrQc_clean EA 70 5242 14496 44825 44894 3103 13425 29429545147
ca-GrQc_clean EA 90 5242 14496 44805 44894 3040 13166 36546493160
ca-GrQc_clean EA 70 5242 14496 44825 44894 3083 13413 29759287895
ca-GrQc_clean EA 70 5242 14496 44825 44894 3145 13430 29292152369
ca-GrQc_clean EA 90 5242 14496 44805 44894 3064 13195 35749614828
ca-GrQc_clean EA 90 5242 14496 44805 44894 3052 13142 37205978708
ca-GrQc_clean EA 90 5242 14496 44805 44894 3026 13151 36958671606
ca-GrQc_clean EA 70 5242 14496 44825 44894 3133 13374 30830951941
ca-GrQc_clean EA 70 5242 14496 44825 44894 3133 13374 30830951941
ca-GrQc_clean EA 90 5242 14496 44805 44894 3077 13148 37041107349
ca-GrQc_clean EA 20 5242 14496 44875 44894 3556 14374 3352388364
ca-GrQc_clean EA 20 5242 14496 44875 44894 3554 14367 3544738310
ca-GrQc_clean EA 20 5242 14496 44875 44894 3582 14368 3517259774
ca-GrQc_clean EA 20 5242 14496 44875 44894 3602 14369 3489781230
ca-GrQc_clean EA 20 5242 14496 44875 44894 3623 14361 3709609763
ca-GrQc_clean EA 40 5242 14496 44855 44894 3349 13899 16404706057
ca-GrQc_clean EA 40 5242 14496 44855 44894 3322 13870 17201584386
ca-GrQc_clean EA 40 5242 14496 44855 44894 3392 13976 14288856672
ca-GrQc_clean EA 40 5242 14496 44855 44894 3376 13918 15882613368
ca-GrQc_clean EA 40 5242 14496 44855 44894 3296 13901 16349748876
ca-GrQc_clean EA 20 5242 14496 44875 44894 3588 14375 3324909832
ca-GrQc_clean EA 80 5242 14496 44815 44894 3037 13253 34155858089
ca-GrQc_clean EA 20 5242 14496 44875 44894 3605 14377 3269952721
ca-GrQc_clean EA 20 5242 14496 44875 44894 3583 14377 3269952699
ca-GrQc_clean EA 20 5242 14496 44875 44894 3618 14387 2995167094
ca-GrQc_clean EA 20 5242 14496 44875 44894 3585 14370 3462302649
ca-GrQc_clean EA 60 5242 14496 44835 44894 3167 13527 26626731683
ca-GrQc_clean EA 80 5242 14496 44815 44894 3054 13298 32919322726
ca-GrQc_clean EA 100 5242 14496 44795 44894 2939 13010 40833149043
ca-GrQc_clean EA 40 5242 14496 44855 44894 3282 13927 15635306198
ca-GrQc_clean EA 100 5242 14496 44795 44894 3003 13108 38140249835
ca-GrQc_clean EA 80 5242 14496 44815 44894 3059 13288 33194108371
ca-GrQc_clean EA 100 5242 14496 44795 44894 2964 13012 40778191940
ca-GrQc_clean EA 40 5242 14496 44855 44894 3343 13958 14783470775
ca-GrQc_clean EA 100 5242 14496 44795 44894 3028 13125 37673114272
ca-GrQc_clean EA 40 5242 14496 44855 44894 3352 13950 15003299296
ca-GrQc_clean EA 40 5242 14496 44855 44894 3311 13899 16404706019
ca-GrQc_clean EA 60 5242 14496 44835 44894 3137 13530 26544295961
ca-GrQc_clean EA 40 5242 14496 44855 44894 3367 13921 15800177667
ca-GrQc_clean EA 60 5242 14496 44835 44894 3183 13554 25884810471
ca-GrQc_clean EA 60 5242 14496 44835 44894 3161 13577 25252803477
ca-GrQc_clean EA 60 5242 14496 44835 44894 3186 13545 26132117550
ca-GrQc_clean EA 60 5242 14496 44835 44894 3174 13542 26214553230
ca-GrQc_clean EA 60 5242 14496 44835 44894 3161 13570 25445153425
ca-GrQc_clean EA 60 5242 14496 44835 44894 3161 13570 25445153425
ca-GrQc_clean EA 60 5242 14496 44835 44894 3212 13596 24730710812
ca-GrQc_clean EA 80 5242 14496 44815 44894 3064 13288 33194108376
ca-GrQc_clean EA 80 5242 14496 44815 44894 3031 13218 35117607823
ca-GrQc_clean EA 100 5242 14496 44795 44894 3024 13013 40750713436
ca-GrQc_clean EA 80 5242 14496 44815 44894 3039 13257 34045943835
ca-GrQc_clean EA 80 5242 14496 44815 44894 3055 13208 35392393487
ca-GrQc_clean EA 80 5242 14496 44815 44894 3082 13339 31792701630
ca-GrQc_clean EA 80 5242 14496 44815 44894 3013 13224 34952736421
ca-GrQc_clean EA 100 5242 14496 44795 44894 3003 13014 40723234851
ca-GrQc_clean EA 100 5242 14496 44795 44894 2977 13042 39953835033
ca-GrQc_clean EA 80 5242 14496 44815 44894 3125 13332 31985051621
ca-GrQc_clean EA 100 5242 14496 44795 44894 2985 13004 40998020473
ca-GrQc_clean EA 100 5242 14496 44795 44894 2948 13057 39541656544
ca-GrQc_clean EA 30 5242 14496 44865 44894 3455 14162 9177843831
ca-GrQc_clean EA 30 5242 14496 44865 44894 3476 14169 8985493904
ca-GrQc_clean EA 30 5242 14496 44865 44894 3425 14158 9287758057
ca-GrQc_clean EA 30 5242 14496 44865 44894 3442 14109 10634207710
ca-GrQc_clean EA 50 5242 14496 44845 44894 3217 13713 21515718829
ca-GrQc_clean EA 50 5242 14496 44845 44894 3210 13728 21103540362
ca-GrQc_clean EA 50 5242 14496 44845 44894 3255 13742 20718840511
ca-GrQc_clean EA 30 5242 14496 44865 44894 3425 14158 9287758057
ca-GrQc_clean EA 30 5242 14496 44865 44894 3480 14160 9232800984
ca-GrQc_clean EA 70 5242 14496 44825 44894 3120 13395 30253902084
ca-GrQc_clean EA 30 5242 14496 44865 44894 3456 14141 9754893676
ca-GrQc_clean EA 90 5242 14496 44805 44894 3032 13168 36491536024
ca-GrQc_clean EA 30 5242 14496 44865 44894 3512 14194 8298529840
ca-GrQc_clean EA 90 5242 14496 44805 44894 3037 13157 36793800233
ca-GrQc_clean EA 10 5242 14496 44885 44894 3408 14488 219831920
ca-GrQc_clean EA 50 5242 14496 44845 44894 3255 13719 21350847483
ca-GrQc_clean EA 50 5242 14496 44845 44894 3249 13724 21213454657
ca-GrQc_clean EA 30 5242 14496 44865 44894 3442 14141 9754893662
ca-GrQc_clean EA 90 5242 14496 44805 44894 3058 13187 35969443334
ca-GrQc_clean EA 10 5242 14496 44885 44894 3392 14490 164874776
ca-GrQc_clean EA 10 5242 14496 44885 44894 3348 14488 219831860
ca-GrQc_clean EA 30 5242 14496 44865 44894 3451 14148 9562543723
ca-GrQc_clean EA 10 5242 14496 44885 44894 3394 14491 137396214
ca-GrQc_clean EA 50 5242 14496 44845 44894 3258 13764 20114312106
ca-GrQc_clean EA 90 5242 14496 44805 44894 2987 13116 37920421307
ca-GrQc_clean EA 90 5242 14496 44805 44894 3013 13145 37123542977
ca-GrQc_clean EA 50 5242 14496 44845 44894 3256 13700 21872940200
ca-GrQc_clean EA 10 5242 14496 44885 44894 3334 14489 192353282
ca-GrQc_clean EA 90 5242 14496 44805 44894 3060 13140 37260935844
ca-GrQc_clean EA 50 5242 14496 44845 44894 3262 13727 21131018978
ca-GrQc_clean EA 10 5242 14496 44885 44894 3386 14494 54960514
ca-GrQc_clean EA 70 5242 14496 44825 44894 3097 13377 30748516213
ca-GrQc_clean EA 90 5242 14496 44805 44894 3041 13162 36656407417
ca-GrQc_clean EA 90 5242 14496 44805 44894 2985 13112 38030335561
ca-GrQc_clean EA 70 5242 14496 44825 44894 3099 13429 29319630887
ca-GrQc_clean EA 10 5242 14496 44885 44894 3393 14488 219831905
ca-GrQc_clean EA 50 5242 14496 44845 44894 3274 13725 21185976118
ca-GrQc_clean EA 10 5242 14496 44885 44894 3385 14494 54960513
ca-GrQc_clean EA 50 5242 14496 44845 44894 3260 13760 20224226364
ca-GrQc_clean EA 70 5242 14496 44825 44894 3081 13363 31133216093
ca-GrQc_clean EA 10 5242 14496 44885 44894 3353 14491 137396173
ca-GrQc_clean EA 70 5242 14496 44825 44894 3144 13474 28083095552
ca-GrQc_clean EA 70 5242 14496 44825 44894 3151 13461 28440316891
ca-GrQc_clean EA 70 5242 14496 44825 44894 3154 13475 28055616998
ca-GrQc_clean EA 70 5242 14496 44825 44894 3106 13411 29814245046
ca-GrQc_clean EA 90 5242 14496 44805 44894 3015 13099 38387556923
ca-GrQc_clean EA 90 5242 14496 44805 44894 3001 13107 38167728397
ca-GrQc_clean EA 70 5242 14496 44825 44894 3097 13384 30556166265
ca-GrQc_clean EA 40 5242 14496 44855 44894 3364 13967 14536163720
ca-GrQc_clean EA 40 5242 14496 44855 44894 3339 13941 15250606359
ca-GrQc_clean EA 40 5242 14496 44855 44894 3339 13959 14755992207
ca-GrQc_clean EA 60 5242 14496 44835 44894 3174 13542 26214553230
ca-GrQc_clean EA 60 5242 14496 44835 44894 3203 13550 25994724747
ca-GrQc_clean EA 60 5242 14496 44835 44894 3148 13559 25747417616
ca-GrQc_clean EA 40 5242 14496 44855 44894 3311 13899 16404706019
ca-GrQc_clean EA 40 5242 14496 44855 44894 3356 13910 16102441860
ca-GrQc_clean EA 60 5242 14496 44835 44894 3146 13550 25994724690
ca-GrQc_clean EA 20 5242 14496 44875 44894 3611 14352 3956916827
ca-GrQc_clean EA 20 5242 14496 44875 44894 3584 14369 3489781212
ca-GrQc_clean EA 20 5242 14496 44875 44894 3633 14374 3352388441
ca-GrQc_clean EA 40 5242 14496 44855 44894 3364 13957 14810949360
ca-GrQc_clean EA 80 5242 14496 44815 44894 3059 13266 33798636779
ca-GrQc_clean EA 60 5242 14496 44835 44894 3137 13481 27890745597
ca-GrQc_clean EA 40 5242 14496 44855 44894 3362 13945 15140692126
ca-GrQc_clean EA 40 5242 14496 44855 44894 3356 13910 16102441860
ca-GrQc_clean EA 40 5242 14496 44855 44894 3357 13902 16322270373
ca-GrQc_clean EA 100 5242 14496 44795 44894 3006 13110 38085292710
ca-GrQc_clean EA 100 5242 14496 44795 44894 2980 13037 40091227856
ca-GrQc_clean EA 40 5242 14496 44855 44894 3362 13967 14536163718
ca-GrQc_clean EA 60 5242 14496 44835 44894 3139 13514 26983952987
ca-GrQc_clean EA 20 5242 14496 44875 44894 3613 14393 2830295705
ca-GrQc_clean EA 20 5242 14496 44875 44894 3600 14388 2967688512
ca-GrQc_clean EA 60 5242 14496 44835 44894 3195 13602 24565839411
ca-GrQc_clean EA 100 5242 14496 44795 44894 2991 13074 39074520999
ca-GrQc_clean EA 60 5242 14496 44835 44894 3235 13637 23604089711
ca-GrQc_clean EA 20 5242 14496 44875 44894 3556 14364 3627174004
ca-GrQc_clean EA 100 5242 14496 44795 44894 2978 13063 39376785190
ca-GrQc_clean EA 80 5242 14496 44815 44894 3061 13290 33139151245
ca-GrQc_clean EA 80 5242 14496 44815 44894 3087 13280 33413936911
ca-GrQc_clean EA 80 5242 14496 44815 44894 3068 13263 33881072480
ca-GrQc_clean EA 60 5242 14496 44835 44894 3211 13602 24565839427
ca-GrQc_clean EA 80 5242 14496 44815 44894 3020 13236 34622993660
ca-GrQc_clean EA 100 5242 14496 44795 44894 3014 13074 39074521022
ca-GrQc_clean EA 100 5242 14496 44795 44894 2964 13017 40640799120
ca-GrQc_clean EA 80 5242 14496 44815 44894 3029 13231 34760386489
ca-GrQc_clean EA 20 5242 14496 44875 44894 3629 14374 3352388437
ca-GrQc_clean EA 100 5242 14496 44795 44894 2939 13010 40833149043
ca-GrQc_clean EA 100 5242 14496 44795 44894 3017 13105 38222685541
ca-GrQc_clean EA 80 5242 14496 44815 44894 3024 13222 35007693560
ca-GrQc_clean EA 100 5242 14496 44795 44894 2984 12983 41575070316
ca-GrQc_clean EA 80 5242 14496 44815 44894 3087 13280 33413936911
ca-GrQc_clean EA 20 5242 14496 44875 44894 3590 14384 3077602758
ca-GrQc_clean EA 20 5242 14496 44875 44894 3616 14382 3132559912
ca-GrQc_clean EA 60 5242 14496 44835 44894 3138 13549 26022203246
ca-GrQc_clean EA 100 5242 14496 44795 44894 3004 13085 38772256808
ca-GrQc_clean EA 80 5242 14496 44815 44894 3095 13281 33386458355
ca-GrQc_clean EA 50 5242 14496 44845 44894 3221 13676 22532425701
ca-GrQc_clean EA 50 5242 14496 44845 44894 3211 13741 20746319031
ca-GrQc_clean EA 30 5242 14496 44865 44894 3444 14112 10551772020
ca-GrQc_clean EA 50 5242 14496 44845 44894 3271 13738 20828754783
ca-GrQc_clean EA 30 5242 14496 44865 44894 3442 14109 10634207710
ca-GrQc_clean EA 50 5242 14496 44845 44894 3257 13752 20444054873
ca-GrQc_clean EA 70 5242 14496 44825 44894 3113 13406 29951637873
ca-GrQc_clean EA 70 5242 14496 44825 44894 3126 13411 29814245066
ca-GrQc_clean EA 50 5242 14496 44845 44894 3248 13735 20911190452
ca-GrQc_clean EA 70 5242 14496 44825 44894 3132 13451 28715102512
ca-GrQc_clean EA 50 5242 14496 44845 44894 3200 13682 22367554296
ca-GrQc_clean EA 50 5242 14496 44845 44894 3259 13737 20856233335
ca-GrQc_clean EA 10 5242 14496 44885 44894 3392 14491 137396212
ca-GrQc_clean EA 90 5242 14496 44805 44894 3052 13142 37205978708
ca-GrQc_clean EA 70 5242 14496 44825 44894 3184 13398 30171466456
ca-GrQc_clean EA 50 5242 14496 44845 44894 3217 13713 21515718829
ca-GrQc_clean EA 10 5242 14496 44885 44894 3373 14491 137396193
ca-GrQc_clean EA 30 5242 14496 44865 44894 3456 14141 9754893676
ca-GrQc_clean EA 50 5242 14496 44845 44894 3248 13708 21653111680
ca-GrQc_clean EA 70 5242 14496 44825 44894 3072 13356 31325566032
ca-GrQc_clean EA 70 5242 14496 44825 44894 3040 13410 29841723544
ca-GrQc_clean EA 30 5242 14496 44865 44894 3455 14155 9370193779
ca-GrQc_clean EA 30 5242 14496 44865 44894 3502 14146 9617500902
ca-GrQc_clean EA 50 5242 14496 44845 44894 3208 13741 20746319028
ca-GrQc_clean EA 30 5242 14496 44865 44894 3479 14160 9232800983
ca-GrQc_clean EA 10 5242 14496 44885 44894 3355 14494 54960483
ca-GrQc_clean EA 10 5242 14496 44885 44894 3363 14490 164874747
ca-GrQc_clean EA 10 5242 14496 44885 44894 3330 14487 247310406
ca-GrQc_clean EA 10 5242 14496 44885 44894 3387 14490 164874771
ca-GrQc_clean EA 10 5242 14496 44885 44894 3408 14488 219831920
ca-GrQc_clean EA 70 5242 14496 44825 44894 3134 13394 30281380662
ca-GrQc_clean EA 70 5242 14496 44825 44894 3075 13378 30721037627
ca-GrQc_clean EA 70 5242 14496 44825 44894 3083 13392 30336337739
ca-GrQc_clean EA 90 5242 14496 44805 44894 3005 13152 36931193021
ca-GrQc_clean EA 90 5242 14496 44805 44894 3064 13195 35749614828
ca-GrQc_clean EA 70 5242 14496 44825 44894 3114 13368 30995823306
ca-GrQc_clean EA 10 5242 14496 44885 44894 3357 14491 137396177
ca-GrQc_clean EA 90 5242 14496 44805 44894 3041 13162 36656407417
ca-GrQc_clean EA 10 5242 14496 44885 44894 3389 14490 164874773
ca-GrQc_clean EA 10 5242 14496 44885 44894 3376 14492 109917632
ca-GrQc_clean EA 30 5242 14496 44865 44894 3433 14139 9809850781
ca-GrQc_clean EA 90 5242 14496 44805 44894 3017 13184 36051878985
ca-GrQc_clean EA 30 5242 14496 44865 44894 3451 14148 9562543723
ca-GrQc_clean EA 30 5242 14496 44865 44894 3502 14177 8765665418
ca-GrQc_clean EA 90 5242 14496 44805 44894 3032 13168 36491536024
ca-GrQc_clean EA 90 5242 14496 44805 44894 2981 13135 37398328585
ca-GrQc_clean EA 90 5242 14496 44805 44894 3031 13199 35639700539
ca-GrQc_clean EA 90 5242 14496 44805 44894 3055 13204 35502307743
ca-GrQc_clean EA 60 5242 14496 44835 44894 3107 13521 26791603007
ca-GrQc_clean EA 60 5242 14496 44835 44894 3142 13545 26132117506
ca-GrQc_clean EA 80 5242 14496 44815 44894 3030 13203 35529786282
ca-GrQc_clean EA 60 5242 14496 44835 44894 3134 13509 27121345802
ca-GrQc_clean EA 60 5242 14496 44835 44894 3142 13521 26791603042
ca-GrQc_clean EA 60 5242 14496 44835 44894 3183 13554 25884810471
ca-GrQc_clean EA 20 5242 14496 44875 44894 3584 14369 3489781212
ca-GrQc_clean EA 60 5242 14496 44835 44894 3146 13533 26461860278
ca-GrQc_clean EA 80 5242 14496 44815 44894 3037 13253 34155858089
ca-GrQc_clean EA 40 5242 14496 44855 44894 3301 13908 16157398933
ca-GrQc_clean EA 60 5242 14496 44835 44894 3127 13496 27478567127
ca-GrQc_clean EA 20 5242 14496 44875 44894 3584 14374 3352388392
ca-GrQc_clean EA 40 5242 14496 44855 44894 3303 13889 16679491651
ca-GrQc_clean EA 80 5242 14496 44815 44894 3068 13263 33881072480
ca-GrQc_clean EA 40 5242 14496 44855 44894 3349 13899 16404706057
ca-GrQc_clean EA 20 5242 14496 44875 44894 3636 14376 3297431316
ca-GrQc_clean EA 80 5242 14496 44815 44894 3034 13264 33853593882
ca-GrQc_clean EA 80 5242 14496 44815 44894 3094 13366 31050780414
ca-GrQc_clean EA 60 5242 14496 44835 44894 3134 13504 27258738622
ca-GrQc_clean EA 80 5242 14496 44815 44894 3017 13236 34622993657
ca-GrQc_clean EA 40 5242 14496 44855 44894 3283 13880 16926798707
ca-GrQc_clean EA 100 5242 14496 44795 44894 2942 12968 41987248734
ca-GrQc_clean EA 40 5242 14496 44855 44894 3376 13918 15882613368
ca-GrQc_clean EA 20 5242 14496 44875 44894 3568 14367 3544738324
ca-GrQc_clean EA 60 5242 14496 44835 44894 3134 13509 27121345802
ca-GrQc_clean EA 40 5242 14496 44855 44894 3283 13880 16926798707