Algorithm nodes edges power_exponent steps covering_size edges_covered fitness
EA 100 1735 2.5 3684 85 1735 85
EA 100 1735 2.5 3684 83 1735 83
EA 100 1735 2.5 3684 85 1735 85
EA 100 1735 2.5 3684 87 1735 87
EA 100 1735 2.5 3684 85 1735 85
EA 100 1735 2.5 3684 83 1735 83
EA 100 1735 2.5 3684 83 1735 83
EA 100 1735 2.5 3684 84 1735 84
EA 100 1735 2.5 3684 86 1735 86
EA 100 1735 2.5 3684 82 1735 82
EA 100 1735 2.5 3684 85 1735 85
EA 100 1735 2.5 3684 84 1735 84
EA 100 1735 2.5 3684 84 1735 84
EA 100 1735 2.5 3684 84 1735 84
EA 100 1735 2.5 3684 84 1735 84
EA 100 1735 2.5 3684 84 1735 84
EA 100 1735 2.5 3684 84 1735 84
EA 100 1735 2.5 3684 85 1735 85
EA 100 1735 2.5 3684 83 1735 83
EA 100 1735 2.5 3684 84 1735 84
EA 100 1735 2.5 3684 85 1735 85
EA 100 1735 2.5 3684 85 1735 85
EA 100 1735 2.5 3684 83 1735 83
EA 100 1735 2.5 3684 83 1735 83
EA 100 1735 2.5 3684 83 1735 83
EA 100 1735 2.5 3684 84 1735 84
EA 100 1735 2.5 3684 84 1735 84
EA 100 1735 2.5 3684 83 1735 83
EA 100 1735 2.5 3684 83 1735 83
EA 100 1735 2.5 3684 85 1735 85
EA 100 1735 2.5 3684 84 1735 84
EA 100 1735 2.5 3684 81 1735 81
EA 100 1735 2.5 3684 85 1735 85
EA 100 1735 2.5 3684 85 1735 85
EA 100 1735 2.5 3684 87 1735 87
EA 100 1735 2.5 3684 83 1735 83
EA 100 1735 2.5 3684 84 1735 84
EA 100 1735 2.5 3684 83 1735 83
EA 100 1735 2.5 3684 83 1735 83
EA 100 1735 2.5 3684 81 1735 81
EA 100 1735 2.5 3684 86 1735 86
EA 100 1735 2.5 3684 84 1735 84
EA 100 1735 2.5 3684 84 1735 84
EA 100 1735 2.5 3684 85 1735 85
EA 100 1735 2.5 3684 83 1735 83
EA 100 1735 2.5 3684 84 1735 84
EA 100 1735 2.5 3684 85 1735 85
EA 100 1735 2.5 3684 84 1735 84
EA 100 1735 2.5 3684 82 1735 82
EA 100 1735 2.5 3684 87 1735 87
EA 100 1735 2.5 3684 83 1735 83
EA 100 1735 2.5 3684 84 1735 84
EA 100 1735 2.5 3684 83 1735 83
EA 100 1735 2.5 3684 86 1735 86
EA 100 1735 2.5 3684 87 1735 87
EA 100 1735 2.5 3684 84 1735 84
EA 100 1735 2.5 3684 85 1735 85
EA 100 1735 2.5 3684 82 1735 82
EA 100 1735 2.5 3684 83 1735 83
EA 100 1735 2.5 3684 83 1735 83
EA 100 1735 2.5 3684 83 1735 83
EA 100 1735 2.5 3684 84 1735 84
EA 100 1735 2.5 3684 83 1735 83
EA 100 1735 2.5 3684 84 1735 84
EA 100 1735 2.5 3684 83 1735 83
EA 100 1735 2.5 3684 83 1735 83
EA 100 1735 2.5 3684 85 1735 85
EA 100 1735 2.5 3684 86 1735 86
EA 100 1735 2.5 3684 84 1735 84
EA 100 1735 2.5 3684 87 1735 87
EA 100 1735 2.5 3684 82 1735 82
EA 100 1735 2.5 3684 85 1735 85
EA 100 1735 2.5 3684 84 1735 84
EA 100 1735 2.5 3684 83 1735 83
EA 100 1735 2.5 3684 84 1735 84
EA 100 1735 2.5 3684 82 1735 82
EA 100 1735 2.5 3684 87 1735 87
EA 100 1735 2.5 3684 84 1735 84
EA 100 1735 2.5 3684 83 1735 83
EA 100 1735 2.5 3684 82 1735 82
EA 100 1735 2.5 3684 83 1735 83
EA 100 1735 2.5 3684 87 1735 87
EA 100 1735 2.5 3684 83 1735 83
EA 100 1735 2.5 3684 83 1735 83
EA 100 1735 2.5 3684 84 1735 84
EA 100 1735 2.5 3684 86 1735 86
EA 100 1735 2.5 3684 84 1735 84
EA 100 1735 2.5 3684 81 1735 81
EA 100 1735 2.5 3684 85 1735 85
EA 100 1735 2.5 3684 84 1735 84
EA 100 1735 2.5 3684 82 1735 82
EA 100 1735 2.5 3684 84 1735 84
EA 100 1735 2.5 3684 83 1735 83
EA 100 1735 2.5 3684 83 1735 83
EA 100 1735 2.5 3684 83 1735 83
EA 100 1735 2.5 3684 85 1735 85
EA 100 1735 2.5 3684 84 1735 84
EA 100 1735 2.5 3684 84 1735 84
EA 100 1735 2.5 3684 82 1735 82
EA 150 2362 2.5 6012 125 2362 125
EA 150 2362 2.5 6012 124 2362 124
EA 150 2362 2.5 6012 122 2362 122
EA 150 2362 2.5 6012 124 2362 124
EA 150 2362 2.5 6012 121 2362 121
EA 150 2362 2.5 6012 123 2362 123
EA 150 2362 2.5 6012 120 2362 120
EA 150 2362 2.5 6012 118 2362 118
EA 150 2362 2.5 6012 121 2362 121
EA 150 2362 2.5 6012 121 2362 121
EA 150 2362 2.5 6012 125 2362 125
EA 150 2362 2.5 6012 123 2362 123
EA 150 2362 2.5 6012 121 2362 121
EA 150 2362 2.5 6012 118 2362 118
EA 150 2362 2.5 6012 124 2362 124
EA 150 2362 2.5 6012 120 2362 120
EA 150 2362 2.5 6012 121 2362 121
EA 150 2362 2.5 6012 122 2362 122
EA 150 2362 2.5 6012 118 2362 118
EA 150 2362 2.5 6012 123 2362 123
EA 150 2362 2.5 6012 120 2362 120
EA 150 2362 2.5 6012 121 2362 121
EA 150 2362 2.5 6012 121 2362 121
EA 150 2362 2.5 6012 122 2362 122
EA 150 2362 2.5 6012 121 2362 121
EA 150 2362 2.5 6012 124 2362 124
EA 150 2362 2.5 6012 123 2362 123
EA 150 2362 2.5 6012 119 2362 119
EA 150 2362 2.5 6012 123 2362 123
EA 150 2362 2.5 6012 123 2362 123
EA 150 2362 2.5 6012 123 2362 123
EA 150 2362 2.5 6012 121 2362 121
EA 150 2362 2.5 6012 118 2362 118
EA 150 2362 2.5 6012 122 2362 122
EA 150 2362 2.5 6012 123 2362 123
EA 150 2362 2.5 6012 123 2362 123
EA 150 2362 2.5 6012 120 2362 120
EA 150 2362 2.5 6012 121 2362 121
EA 150 2362 2.5 6012 118 2362 118
EA 150 2362 2.5 6012 121 2362 121
EA 150 2362 2.5 6012 125 2362 125
EA 150 2362 2.5 6012 121 2362 121
EA 150 2362 2.5 6012 120 2362 120
EA 150 2362 2.5 6012 122 2362 122
EA 150 2362 2.5 6012 119 2362 119
EA 150 2362 2.5 6012 121 2362 121
EA 150 2362 2.5 6012 118 2362 118
EA 150 2362 2.5 6012 121 2362 121
EA 150 2362 2.5 6012 124 2362 124
EA 150 2362 2.5 6012 116 2362 116
EA 150 2362 2.5 6012 116 2362 116
EA 150 2362 2.5 6012 123 2362 123
EA 150 2362 2.5 6012 121 2362 121
EA 150 2362 2.5 6012 123 2362 123
EA 150 2362 2.5 6012 120 2362 120
EA 150 2362 2.5 6012 124 2362 124
EA 150 2362 2.5 6012 123 2362 123
EA 150 2362 2.5 6012 124 2362 124
EA 150 2362 2.5 6012 123 2362 123
EA 150 2362 2.5 6012 122 2362 122
EA 150 2362 2.5 6012 126 2362 126
EA 150 2362 2.5 6012 123 2362 123
EA 150 2362 2.5 6012 121 2362 121
EA 150 2362 2.5 6012 120 2362 120
EA 150 2362 2.5 6012 122 2362 122
EA 150 2362 2.5 6012 123 2362 123
EA 150 2362 2.5 6012 123 2362 123
EA 150 2362 2.5 6012 125 2362 125
EA 150 2362 2.5 6012 123 2362 123
EA 150 2362 2.5 6012 121 2362 121
EA 150 2362 2.5 6012 122 2362 122
EA 150 2362 2.5 6012 116 2362 116
EA 150 2362 2.5 6012 125 2362 125
EA 150 2362 2.5 6012 125 2362 125
EA 150 2362 2.5 6012 123 2362 123
EA 150 2362 2.5 6012 121 2362 121
EA 150 2362 2.5 6012 124 2362 124
EA 150 2362 2.5 6012 121 2362 121
EA 150 2362 2.5 6012 124 2362 124
EA 150 2362 2.5 6012 123 2362 123
EA 150 2362 2.5 6012 124 2362 124
EA 150 2362 2.5 6012 124 2362 124
EA 150 2362 2.5 6012 121 2362 121
EA 150 2362 2.5 6012 124 2362 124
EA 150 2362 2.5 6012 125 2362 125
EA 150 2362 2.5 6012 120 2362 120
EA 150 2362 2.5 6012 125 2362 125
EA 150 2362 2.5 6012 122 2362 122
EA 150 2362 2.5 6012 125 2362 125
EA 150 2362 2.5 6012 122 2362 122
EA 150 2362 2.5 6012 121 2362 121
EA 150 2362 2.5 6012 119 2362 119
EA 150 2362 2.5 6012 122 2362 122
EA 150 2362 2.5 6012 119 2362 119
EA 150 2362 2.5 6012 119 2362 119
EA 150 2362 2.5 6012 122 2362 122
EA 150 2362 2.5 6012 123 2362 123
EA 150 2362 2.5 6012 126 2362 126
EA 150 2362 2.5 6012 118 2362 118
EA 200 2743 2.5 8477 154 2743 154
EA 200 2743 2.5 8477 155 2743 155
EA 200 2743 2.5 8477 154 2743 154
EA 200 2743 2.5 8477 156 2743 156
EA 200 2743 2.5 8477 157 2743 157
EA 200 2743 2.5 8477 153 2743 153
EA 200 2743 2.5 8477 158 2743 158
EA 200 2743 2.5 8477 151 2743 151
EA 200 2743 2.5 8477 153 2743 153
EA 200 2743 2.5 8477 151 2743 151
EA 200 2743 2.5 8477 155 2743 155
EA 200 2743 2.5 8477 154 2743 154
EA 200 2743 2.5 8477 157 2743 157
EA 200 2743 2.5 8477 155 2743 155
EA 200 2743 2.5 8477 156 2743 156
EA 200 2743 2.5 8477 150 2743 150
EA 200 2743 2.5 8477 153 2743 153
EA 200 2743 2.5 8477 158 2743 158
EA 200 2743 2.5 8477 152 2743 152
EA 200 2743 2.5 8477 153 2743 153
EA 200 2743 2.5 8477 155 2743 155
EA 200 2743 2.5 8477 153 2743 153
EA 200 2743 2.5 8477 157 2743 157
EA 200 2743 2.5 8477 154 2743 154
EA 200 2743 2.5 8477 157 2743 157
EA 200 2743 2.5 8477 155 2743 155
EA 200 2743 2.5 8477 153 2743 153
EA 200 2743 2.5 8477 153 2743 153
EA 200 2743 2.5 8477 154 2743 154
EA 200 2743 2.5 8477 156 2743 156
EA 200 2743 2.5 8477 158 2743 158
EA 200 2743 2.5 8477 153 2743 153
EA 200 2743 2.5 8477 155 2743 155
EA 200 2743 2.5 8477 152 2743 152
EA 200 2743 2.5 8477 154 2743 154
EA 200 2743 2.5 8477 153 2743 153
EA 200 2743 2.5 8477 153 2743 153
EA 200 2743 2.5 8477 157 2743 157
EA 200 2743 2.5 8477 156 2743 156
EA 200 2743 2.5 8477 151 2743 151
EA 200 2743 2.5 8477 159 2743 159
EA 200 2743 2.5 8477 159 2743 159
EA 200 2743 2.5 8477 154 2743 154
EA 200 2743 2.5 8477 153 2743 153
EA 200 2743 2.5 8477 157 2743 157
EA 200 2743 2.5 8477 159 2743 159
EA 200 2743 2.5 8477 156 2743 156
EA 200 2743 2.5 8477 154 2743 154
EA 200 2743 2.5 8477 158 2743 158
EA 200 2743 2.5 8477 152 2743 152
EA 200 2743 2.5 8477 152 2743 152
EA 200 2743 2.5 8477 154 2743 154
EA 200 2743 2.5 8477 151 2743 151
EA 200 2743 2.5 8477 152 2743 152
EA 200 2743 2.5 8477 156 2743 156
EA 200 2743 2.5 8477 150 2743 150
EA 200 2743 2.5 8477 151 2743 151
EA 200 2743 2.5 8477 155 2743 155
EA 200 2743 2.5 8477 151 2743 151
EA 200 2743 2.5 8477 151 2743 151
EA 200 2743 2.5 8477 155 2743 155
EA 200 2743 2.5 8477 150 2743 150
EA 200 2743 2.5 8477 150 2743 150
EA 200 2743 2.5 8477 153 2743 153
EA 200 2743 2.5 8477 156 2743 156
EA 200 2743 2.5 8477 154 2743 154
EA 200 2743 2.5 8477 158 2743 158
EA 200 2743 2.5 8477 156 2743 156
EA 200 2743 2.5 8477 154 2743 154
EA 200 2743 2.5 8477 154 2743 154
EA 200 2743 2.5 8477 154 2743 154
EA 200 2743 2.5 8477 153 2743 153
EA 200 2743 2.5 8477 152 2743 152
EA 200 2743 2.5 8477 158 2743 158
EA 200 2743 2.5 8477 153 2743 153
EA 200 2743 2.5 8477 156 2743 156
EA 200 2743 2.5 8477 155 2743 155
EA 200 2743 2.5 8477 154 2743 154
EA 200 2743 2.5 8477 151 2743 151
EA 200 2743 2.5 8477 155 2743 155
EA 200 2743 2.5 8477 152 2743 152
EA 200 2743 2.5 8477 154 2743 154
EA 200 2743 2.5 8477 151 2743 151
EA 200 2743 2.5 8477 151 2743 151
EA 200 2743 2.5 8477 154 2743 154
EA 200 2743 2.5 8477 152 2743 152
EA 200 2743 2.5 8477 156 2743 156
EA 200 2743 2.5 8477 153 2743 153
EA 200 2743 2.5 8477 152 2743 152
EA 200 2743 2.5 8477 154 2743 154
EA 200 2743 2.5 8477 151 2743 151
EA 200 2743 2.5 8477 158 2743 158
EA 200 2743 2.5 8477 154 2743 154
EA 200 2743 2.5 8477 164 2743 164
EA 200 2743 2.5 8477 151 2743 151
EA 200 2743 2.5 8477 152 2743 152
EA 200 2743 2.5 8477 151 2743 151
EA 200 2743 2.5 8477 150 2743 150
EA 200 2743 2.5 8477 157 2743 157
EA 250 3103 2.5 11042 185 3103 185
EA 250 3103 2.5 11042 192 3103 192
EA 250 3103 2.5 11042 188 3103 188
EA 250 3103 2.5 11042 193 3103 193
EA 250 3103 2.5 11042 185 3103 185
EA 250 3103 2.5 11042 185 3103 185
EA 250 3103 2.5 11042 184 3103 184
EA 250 3103 2.5 11042 192 3103 192
EA 250 3103 2.5 11042 193 3103 193
EA 250 3103 2.5 11042 187 3103 187
EA 250 3103 2.5 11042 194 3103 194
EA 250 3103 2.5 11042 192 3103 192
EA 250 3103 2.5 11042 192 3103 192
EA 250 3103 2.5 11042 188 3103 188
EA 250 3103 2.5 11042 194 3103 194
EA 250 3103 2.5 11042 189 3103 189
EA 250 3103 2.5 11042 185 3103 185
EA 250 3103 2.5 11042 190 3103 190
EA 250 3103 2.5 11042 192 3103 192
EA 250 3103 2.5 11042 194 3103 194
EA 250 3103 2.5 11042 185 3103 185
EA 250 3103 2.5 11042 191 3103 191
EA 250 3103 2.5 11042 189 3103 189
EA 250 3103 2.5 11042 189 3103 189
EA 250 3103 2.5 11042 192 3103 192
EA 250 3103 2.5 11042 190 3103 190
EA 250 3103 2.5 11042 191 3103 191
EA 250 3103 2.5 11042 192 3103 192
EA 250 3103 2.5 11042 189 3103 189
EA 250 3103 2.5 11042 191 3103 191
EA 250 3103 2.5 11042 187 3103 187
EA 250 3103 2.5 11042 188 3103 188
EA 250 3103 2.5 11042 188 3103 188
EA 250 3103 2.5 11042 194 3103 194
EA 250 3103 2.5 11042 192 3103 192
EA 250 3103 2.5 11042 187 3103 187
EA 250 3103 2.5 11042 190 3103 190
EA 250 3103 2.5 11042 189 3103 189
EA 250 3103 2.5 11042 194 3103 194
EA 250 3103 2.5 11042 188 3103 188
EA 250 3103 2.5 11042 190 3103 190
EA 250 3103 2.5 11042 193 3103 193
EA 250 3103 2.5 11042 192 3103 192
EA 250 3103 2.5 11042 191 3103 191
EA 250 3103 2.5 11042 190 3103 190
EA 250 3103 2.5 11042 189 3103 189
EA 250 3103 2.5 11042 192 3103 192
EA 250 3103 2.5 11042 190 3103 190
EA 250 3103 2.5 11042 190 3103 190
EA 250 3103 2.5 11042 192 3103 192
EA 250 3103 2.5 11042 190 3103 190
EA 250 3103 2.5 11042 192 3103 192
EA 250 3103 2.5 11042 192 3103 192
EA 250 3103 2.5 11042 189 3103 189
EA 250 3103 2.5 11042 192 3103 192
EA 250 3103 2.5 11042 190 3103 190
EA 250 3103 2.5 11042 190 3103 190
EA 250 3103 2.5 11042 190 3103 190
EA 250 3103 2.5 11042 192 3103 192
EA 250 3103 2.5 11042 190 3103 190
EA 250 3103 2.5 11042 189 3103 189
EA 250 3103 2.5 11042 189 3103 189
EA 250 3103 2.5 11042 185 3103 185
EA 250 3103 2.5 11042 191 3103 191
EA 250 3103 2.5 11042 193 3103 193
EA 250 3103 2.5 11042 192 3103 192
EA 250 3103 2.5 11042 190 3103 190
EA 250 3103 2.5 11042 185 3103 185
EA 250 3103 2.5 11042 188 3103 188
EA 250 3103 2.5 11042 193 3103 193
EA 250 3103 2.5 11042 185 3103 185
EA 250 3103 2.5 11042 187 3103 187
EA 250 3103 2.5 11042 193 3103 193
EA 250 3103 2.5 11042 193 3103 193
EA 250 3103 2.5 11042 189 3103 189
EA 250 3103 2.5 11042 185 3103 185
EA 250 3103 2.5 11042 191 3103 191
EA 250 3103 2.5 11042 193 3103 193
EA 250 3103 2.5 11042 192 3103 192
EA 250 3103 2.5 11042 194 3103 194
EA 250 3103 2.5 11042 192 3103 192
EA 250 3103 2.5 11042 187 3103 187
EA 250 3103 2.5 11042 189 3103 189
EA 250 3103 2.5 11042 192 3103 192
EA 250 3103 2.5 11042 193 3103 193
EA 250 3103 2.5 11042 190 3103 190
EA 250 3103 2.5 11042 190 3103 190
EA 250 3103 2.5 11042 188 3103 188
EA 250 3103 2.5 11042 193 3103 193
EA 250 3103 2.5 11042 191 3103 191
EA 250 3103 2.5 11042 185 3103 185
EA 250 3103 2.5 11042 190 3103 190
EA 250 3103 2.5 11042 184 3103 184
EA 250 3103 2.5 11042 189 3103 189
EA 250 3103 2.5 11042 187 3103 187
EA 250 3103 2.5 11042 189 3103 189
EA 250 3103 2.5 11042 186 3103 186
EA 250 3103 2.5 11042 194 3103 194
EA 250 3103 2.5 11042 194 3103 194
EA 300 3331 2.5 13689 220 3331 220
EA 300 3331 2.5 13689 220 3331 220
EA 300 3331 2.5 13689 222 3331 222
EA 300 3331 2.5 13689 222 3331 222
EA 300 3331 2.5 13689 221 3331 221
EA 300 3331 2.5 13689 219 3331 219
EA 300 3331 2.5 13689 216 3331 216
EA 300 3331 2.5 13689 220 3331 220
EA 300 3331 2.5 13689 217 3331 217
EA 300 3331 2.5 13689 222 3331 222
EA 300 3331 2.5 13689 219 3331 219
EA 300 3331 2.5 13689 217 3331 217
EA 300 3331 2.5 13689 222 3331 222
EA 300 3331 2.5 13689 226 3331 226
EA 300 3331 2.5 13689 222 3331 222
EA 300 3331 2.5 13689 217 3331 217
EA 300 3331 2.5 13689 219 3331 219
EA 300 3331 2.5 13689 220 3331 220
EA 300 3331 2.5 13689 219 3331 219
EA 300 3331 2.5 13689 222 3331 222
EA 300 3331 2.5 13689 224 3331 224
EA 300 3331 2.5 13689 219 3331 219
EA 300 3331 2.5 13689 220 3331 220
EA 300 3331 2.5 13689 217 3331 217
EA 300 3331 2.5 13689 216 3331 216
EA 300 3331 2.5 13689 217 3331 217
EA 300 3331 2.5 13689 221 3331 221
EA 300 3331 2.5 13689 222 3331 222
EA 300 3331 2.5 13689 217 3331 217
EA 300 3331 2.5 13689 220 3331 220
EA 300 3331 2.5 13689 220 3331 220
EA 300 3331 2.5 13689 222 3331 222
EA 300 3331 2.5 13689 222 3331 222
EA 300 3331 2.5 13689 225 3331 225
EA 300 3331 2.5 13689 224 3331 224
EA 300 3331 2.5 13689 211 3331 211
EA 300 3331 2.5 13689 224 3331 224
EA 300 3331 2.5 13689 219 3331 219
EA 300 3331 2.5 13689 217 3331 217
EA 300 3331 2.5 13689 217 3331 217
EA 300 3331 2.5 13689 218 3331 218
EA 300 3331 2.5 13689 228 3331 228
EA 300 3331 2.5 13689 217 3331 217
EA 300 3331 2.5 13689 220 3331 220
EA 300 3331 2.5 13689 222 3331 222
EA 300 3331 2.5 13689 224 3331 224
EA 300 3331 2.5 13689 221 3331 221
EA 300 3331 2.5 13689 218 3331 218
EA 300 3331 2.5 13689 226 3331 226
EA 300 3331 2.5 13689 211 3331 211
EA 300 3331 2.5 13689 220 3331 220
EA 300 3331 2.5 13689 226 3331 226
EA 300 3331 2.5 13689 222 3331 222
EA 300 3331 2.5 13689 221 3331 221
EA 300 3331 2.5 13689 217 3331 217
EA 300 3331 2.5 13689 219 3331 219
EA 300 3331 2.5 13689 217 3331 217
EA 300 3331 2.5 13689 222 3331 222
EA 300 3331 2.5 13689 217 3331 217
EA 300 3331 2.5 13689 216 3331 216
EA 300 3331 2.5 13689 222 3331 222
EA 300 3331 2.5 13689 217 3331 217
EA 300 3331 2.5 13689 221 3331 221
EA 300 3331 2.5 13689 220 3331 220
EA 300 3331 2.5 13689 212 3331 212
EA 300 3331 2.5 13689 219 3331 219
EA 300 3331 2.5 13689 219 3331 219
EA 300 3331 2.5 13689 226 3331 226
EA 300 3331 2.5 13689 222 3331 222
EA 300 3331 2.5 13689 222 3331 222
EA 300 3331 2.5 13689 220 3331 220
EA 300 3331 2.5 13689 215 3331 215
EA 300 3331 2.5 13689 219 3331 219
EA 300 3331 2.5 13689 216 3331 216
EA 300 3331 2.5 13689 218 3331 218
EA 300 3331 2.5 13689 217 3331 217
EA 300 3331 2.5 13689 222 3331 222
EA 300 3331 2.5 13689 223 3331 223
EA 300 3331 2.5 13689 222 3331 222
EA 300 3331 2.5 13689 219 3331 219
EA 300 3331 2.5 13689 226 3331 226
EA 300 3331 2.5 13689 228 3331 228
EA 300 3331 2.5 13689 219 3331 219
EA 300 3331 2.5 13689 220 3331 220
EA 300 3331 2.5 13689 215 3331 215
EA 300 3331 2.5 13689 217 3331 217
EA 300 3331 2.5 13689 218 3331 218
EA 300 3331 2.5 13689 219 3331 219
EA 300 3331 2.5 13689 216 3331 216
EA 300 3331 2.5 13689 219 3331 219
EA 300 3331 2.5 13689 218 3331 218
EA 300 3331 2.5 13689 214 3331 214
EA 300 3331 2.5 13689 218 3331 218
EA 300 3331 2.5 13689 220 3331 220
EA 300 3331 2.5 13689 219 3331 219
EA 300 3331 2.5 13689 220 3331 220
EA 300 3331 2.5 13689 222 3331 222
EA 300 3331 2.5 13689 224 3331 224
EA 300 3331 2.5 13689 222 3331 222
EA 350 3696 2.5 16402 258 3696 258
EA 350 3696 2.5 16402 253 3696 253
EA 350 3696 2.5 16402 252 3696 252
EA 350 3696 2.5 16402 253 3696 253
EA 350 3696 2.5 16402 252 3696 252
EA 350 3696 2.5 16402 256 3696 256
EA 350 3696 2.5 16402 256 3696 256
EA 350 3696 2.5 16402 252 3696 252
EA 350 3696 2.5 16402 254 3696 254
EA 350 3696 2.5 16402 247 3696 247
EA 350 3696 2.5 16402 251 3696 251
EA 350 3696 2.5 16402 253 3696 253
EA 350 3696 2.5 16402 249 3696 249
EA 350 3696 2.5 16402 255 3696 255
EA 350 3696 2.5 16402 250 3696 250
EA 350 3696 2.5 16402 257 3696 257
EA 350 3696 2.5 16402 248 3696 248
EA 350 3696 2.5 16402 255 3696 255
EA 350 3696 2.5 16402 256 3696 256
EA 350 3696 2.5 16402 257 3696 257
EA 350 3696 2.5 16402 249 3696 249
EA 350 3696 2.5 16402 259 3696 259
EA 350 3696 2.5 16402 255 3696 255
EA 350 3696 2.5 16402 247 3696 247
EA 350 3696 2.5 16402 263 3696 263
EA 350 3696 2.5 16402 252 3696 252
EA 350 3696 2.5 16402 250 3696 250
EA 350 3696 2.5 16402 252 3696 252
EA 350 3696 2.5 16402 253 3696 253
EA 350 3696 2.5 16402 248 3696 248
EA 350 3696 2.5 16402 251 3696 251
EA 350 3696 2.5 16402 251 3696 251
EA 350 3696 2.5 16402 245 3696 245
EA 350 3696 2.5 16402 252 3696 252
EA 350 3696 2.5 16402 252 3696 252
EA 350 3696 2.5 16402 257 3696 257
EA 350 3696 2.5 16402 251 3696 251
EA 350 3696 2.5 16402 253 3696 253
EA 350 3696 2.5 16402 253 3696 253
EA 350 3696 2.5 16402 248 3696 248
EA 350 3696 2.5 16402 254 3696 254
EA 350 3696 2.5 16402 251 3696 251
EA 350 3696 2.5 16402 258 3696 258
EA 350 3696 2.5 16402 255 3696 255
EA 350 3696 2.5 16402 246 3696 246
EA 350 3696 2.5 16402 251 3696 251
EA 350 3696 2.5 16402 247 3696 247
EA 350 3696 2.5 16402 252 3696 252
EA 350 3696 2.5 16402 259 3696 259
EA 350 3696 2.5 16402 251 3696 251
EA 350 3696 2.5 16402 250 3696 250
EA 350 3696 2.5 16402 247 3696 247
EA 350 3696 2.5 16402 251 3696 251
EA 350 3696 2.5 16402 257 3696 257
EA 350 3696 2.5 16402 258 3696 258
EA 350 3696 2.5 16402 248 3696 248
EA 350 3696 2.5 16402 246 3696 246
EA 350 3696 2.5 16402 252 3696 252
EA 350 3696 2.5 16402 247 3696 247
EA 350 3696 2.5 16402 251 3696 251
EA 350 3696 2.5 16402 253 3696 253
EA 350 3696 2.5 16402 257 3696 257
EA 350 3696 2.5 16402 263 3696 263
EA 350 3696 2.5 16402 256 3696 256
EA 350 3696 2.5 16402 259 3696 259
EA 350 3696 2.5 16402 256 3696 256
EA 350 3696 2.5 16402 259 3696 259
EA 350 3696 2.5 16402 259 3696 259
EA 350 3696 2.5 16402 263 3696 263
EA 350 3696 2.5 16402 247 3696 247
EA 350 3696 2.5 16402 252 3696 252
EA 350 3696 2.5 16402 251 3696 251
EA 350 3696 2.5 16402 253 3696 253
EA 350 3696 2.5 16402 246 3696 246
EA 350 3696 2.5 16402 256 3696 256
EA 350 3696 2.5 16402 252 3696 252
EA 350 3696 2.5 16402 256 3696 256
EA 350 3696 2.5 16402 252 3696 252
EA 350 3696 2.5 16402 246 3696 246
EA 350 3696 2.5 16402 252 3696 252
EA 350 3696 2.5 16402 253 3696 253
EA 350 3696 2.5 16402 254 3696 254
EA 350 3696 2.5 16402 254 3696 254
EA 350 3696 2.5 16402 257 3696 257
EA 350 3696 2.5 16402 255 3696 255
EA 350 3696 2.5 16402 249 3696 249
EA 350 3696 2.5 16402 249 3696 249
EA 350 3696 2.5 16402 256 3696 256
EA 350 3696 2.5 16402 255 3696 255
EA 350 3696 2.5 16402 256 3696 256
EA 350 3696 2.5 16402 252 3696 252
EA 350 3696 2.5 16402 249 3696 249
EA 350 3696 2.5 16402 253 3696 253
EA 350 3696 2.5 16402 252 3696 252
EA 350 3696 2.5 16402 252 3696 252
EA 350 3696 2.5 16402 254 3696 254
EA 350 3696 2.5 16402 251 3696 251
EA 350 3696 2.5 16402 253 3696 253
EA 350 3696 2.5 16402 256 3696 256
EA 400 3820 2.5 19172 285 3820 285
EA 400 3820 2.5 19172 280 3820 280
EA 400 3820 2.5 19172 280 3820 280
EA 400 3820 2.5 19172 281 3820 281
EA 400 3820 2.5 19172 281 3820 281
EA 400 3820 2.5 19172 290 3820 290
EA 400 3820 2.5 19172 278 3820 278
EA 400 3820 2.5 19172 278 3820 278
EA 400 3820 2.5 19172 289 3820 289
EA 400 3820 2.5 19172 277 3820 277
EA 400 3820 2.5 19172 274 3820 274
EA 400 3820 2.5 19172 278 3820 278
EA 400 3820 2.5 19172 285 3820 285
EA 400 3820 2.5 19172 283 3820 283
EA 400 3820 2.5 19172 280 3820 280
EA 400 3820 2.5 19172 280 3820 280
EA 400 3820 2.5 19172 281 3820 281
EA 400 3820 2.5 19172 290 3820 290
EA 400 3820 2.5 19172 285 3820 285
EA 400 3820 2.5 19172 281 3820 281
EA 400 3820 2.5 19172 280 3820 280
EA 400 3820 2.5 19172 279 3820 279
EA 400 3820 2.5 19172 290 3820 290
EA 400 3820 2.5 19172 288 3820 288
EA 400 3820 2.5 19172 277 3820 277
EA 400 3820 2.5 19172 283 3820 283
EA 400 3820 2.5 19172 287 3820 287
EA 400 3820 2.5 19172 289 3820 289
EA 400 3820 2.5 19172 279 3820 279
EA 400 3820 2.5 19172 276 3820 276
EA 400 3820 2.5 19172 288 3820 288
EA 400 3820 2.5 19172 276 3820 276
EA 400 3820 2.5 19172 287 3820 287
EA 400 3820 2.5 19172 284 3820 284
EA 400 3820 2.5 19172 283 3820 283
EA 400 3820 2.5 19172 282 3820 282
EA 400 3820 2.5 19172 293 3820 293
EA 400 3820 2.5 19172 285 3820 285
EA 400 3820 2.5 19172 285 3820 285
EA 400 3820 2.5 19172 281 3820 281
EA 400 3820 2.5 19172 280 3820 280
EA 400 3820 2.5 19172 280 3820 280
EA 400 3820 2.5 19172 285 3820 285
EA 400 3820 2.5 19172 274 3820 274
EA 400 3820 2.5 19172 279 3820 279
EA 400 3820 2.5 19172 286 3820 286
EA 400 3820 2.5 19172 283 3820 283
EA 400 3820 2.5 19172 287 3820 287
EA 400 3820 2.5 19172 278 3820 278
EA 400 3820 2.5 19172 274 3820 274
EA 400 3820 2.5 19172 288 3820 288
EA 400 3820 2.5 19172 289 3820 289
EA 400 3820 2.5 19172 279 3820 279
EA 400 3820 2.5 19172 275 3820 275
EA 400 3820 2.5 19172 286 3820 286
EA 400 3820 2.5 19172 281 3820 281
EA 400 3820 2.5 19172 275 3820 275
EA 400 3820 2.5 19172 282 3820 282
EA 400 3820 2.5 19172 282 3820 282
EA 400 3820 2.5 19172 289 3820 289
EA 400 3820 2.5 19172 293 3820 293
EA 400 3820 2.5 19172 289 3820 289
EA 400 3820 2.5 19172 275 3820 275
EA 400 3820 2.5 19172 274 3820 274
EA 400 3820 2.5 19172 289 3820 289
EA 400 3820 2.5 19172 287 3820 287
EA 400 3820 2.5 19172 286 3820 286
EA 400 3820 2.5 19172 287 3820 287
EA 400 3820 2.5 19172 280 3820 280
EA 400 3820 2.5 19172 284 3820 284
EA 400 3820 2.5 19172 278 3820 278
EA 400 3820 2.5 19172 287 3820 287
EA 400 3820 2.5 19172 291 3820 291
EA 400 3820 2.5 19172 286 3820 286
EA 400 3820 2.5 19172 292 3820 292
EA 400 3820 2.5 19172 284 3820 284
EA 400 3820 2.5 19172 289 3820 289
EA 400 3820 2.5 19172 285 3820 285
EA 400 3820 2.5 19172 284 3820 284
EA 400 3820 2.5 19172 287 3820 287
EA 400 3820 2.5 19172 280 3820 280
EA 400 3820 2.5 19172 277 3820 277
EA 400 3820 2.5 19172 280 3820 280
EA 400 3820 2.5 19172 285 3820 285
EA 400 3820 2.5 19172 288 3820 288
EA 400 3820 2.5 19172 279 3820 279
EA 400 3820 2.5 19172 280 3820 280
EA 400 3820 2.5 19172 283 3820 283
EA 400 3820 2.5 19172 282 3820 282
EA 400 3820 2.5 19172 280 3820 280
EA 400 3820 2.5 19172 282 3820 282
EA 400 3820 2.5 19172 280 3820 280
EA 400 3820 2.5 19172 287 3820 287
EA 400 3820 2.5 19172 283 3820 283
EA 400 3820 2.5 19172 280 3820 280
EA 400 3820 2.5 19172 282 3820 282
EA 400 3820 2.5 19172 276 3820 276
EA 400 3820 2.5 19172 287 3820 287
EA 400 3820 2.5 19172 283 3820 283
EA 450 4162 2.5 21993 324 4162 324
EA 450 4162 2.5 21993 320 4162 320
EA 450 4162 2.5 21993 327 4162 327
EA 450 4162 2.5 21993 320 4162 320
EA 450 4162 2.5 21993 324 4162 324
EA 450 4162 2.5 21993 319 4162 319
EA 450 4162 2.5 21993 319 4162 319
EA 450 4162 2.5 21993 326 4162 326
EA 450 4162 2.5 21993 320 4162 320
EA 450 4162 2.5 21993 324 4162 324
EA 450 4162 2.5 21993 315 4162 315
EA 450 4162 2.5 21993 327 4162 327
EA 450 4162 2.5 21993 321 4162 321
EA 450 4162 2.5 21993 321 4162 321
EA 450 4162 2.5 21993 318 4162 318
EA 450 4162 2.5 21993 324 4162 324
EA 450 4162 2.5 21993 322 4162 322
EA 450 4162 2.5 21993 313 4162 313
EA 450 4162 2.5 21993 322 4162 322
EA 450 4162 2.5 21993 321 4162 321
EA 450 4162 2.5 21993 315 4162 315
EA 450 4162 2.5 21993 321 4162 321
EA 450 4162 2.5 21993 322 4162 322
EA 450 4162 2.5 21993 320 4162 320
EA 450 4162 2.5 21993 317 4162 317
EA 450 4162 2.5 21993 321 4162 321
EA 450 4162 2.5 21993 321 4162 321
EA 450 4162 2.5 21993 322 4162 322
EA 450 4162 2.5 21993 322 4162 322
EA 450 4162 2.5 21993 319 4162 319
EA 450 4162 2.5 21993 315 4162 315
EA 450 4162 2.5 21993 324 4162 324
EA 450 4162 2.5 21993 331 4162 331
EA 450 4162 2.5 21993 320 4162 320
EA 450 4162 2.5 21993 321 4162 321
EA 450 4162 2.5 21993 318 4162 318
EA 450 4162 2.5 21993 315 4162 315
EA 450 4162 2.5 21993 321 4162 321
EA 450 4162 2.5 21993 322 4162 322
EA 450 4162 2.5 21993 323 4162 323
EA 450 4162 2.5 21993 317 4162 317
EA 450 4162 2.5 21993 322 4162 322
EA 450 4162 2.5 21993 327 4162 327
EA 450 4162 2.5 21993 327 4162 327
EA 450 4162 2.5 21993 325 4162 325
EA 450 4162 2.5 21993 314 4162 314
EA 450 4162 2.5 21993 323 4162 323
EA 450 4162 2.5 21993 326 4162 326
EA 450 4162 2.5 21993 317 4162 317
EA 450 4162 2.5 21993 317 4162 317
EA 450 4162 2.5 21993 327 4162 327
EA 450 4162 2.5 21993 313 4162 313
EA 450 4162 2.5 21993 319 4162 319
EA 450 4162 2.5 21993 322 4162 322
EA 450 4162 2.5 21993 322 4162 322
EA 450 4162 2.5 21993 321 4162 321
EA 450 4162 2.5 21993 317 4162 317
EA 450 4162 2.5 21993 324 4162 324
EA 450 4162 2.5 21993 321 4162 321
EA 450 4162 2.5 21993 321 4162 321
EA 450 4162 2.5 21993 315 4162 315
EA 450 4162 2.5 21993 322 4162 322
EA 450 4162 2.5 21993 314 4162 314
EA 450 4162 2.5 21993 321 4162 321
EA 450 4162 2.5 21993 327 4162 327
EA 450 4162 2.5 21993 318 4162 318
EA 450 4162 2.5 21993 319 4162 319
EA 450 4162 2.5 21993 318 4162 318
EA 450 4162 2.5 21993 327 4162 327
EA 450 4162 2.5 21993 326 4162 326
EA 450 4162 2.5 21993 324 4162 324
EA 450 4162 2.5 21993 315 4162 315
EA 450 4162 2.5 21993 324 4162 324
EA 450 4162 2.5 21993 319 4162 319
EA 450 4162 2.5 21993 326 4162 326
EA 450 4162 2.5 21993 317 4162 317
EA 450 4162 2.5 21993 315 4162 315
EA 450 4162 2.5 21993 320 4162 320
EA 450 4162 2.5 21993 318 4162 318
EA 450 4162 2.5 21993 331 4162 331
EA 450 4162 2.5 21993 321 4162 321
EA 450 4162 2.5 21993 318 4162 318
EA 450 4162 2.5 21993 315 4162 315
EA 450 4162 2.5 21993 322 4162 322
EA 450 4162 2.5 21993 324 4162 324
EA 450 4162 2.5 21993 315 4162 315
EA 450 4162 2.5 21993 315 4162 315
EA 450 4162 2.5 21993 322 4162 322
EA 450 4162 2.5 21993 315 4162 315
EA 450 4162 2.5 21993 329 4162 329
EA 450 4162 2.5 21993 326 4162 326
EA 450 4162 2.5 21993 326 4162 326
EA 450 4162 2.5 21993 323 4162 323
EA 450 4162 2.5 21993 315 4162 315
EA 450 4162 2.5 21993 327 4162 327
EA 450 4162 2.5 21993 321 4162 321
EA 450 4162 2.5 21993 320 4162 320
EA 450 4162 2.5 21993 322 4162 322
EA 450 4162 2.5 21993 324 4162 324
EA 500 4216 2.5 24858 346 4216 346
EA 500 4216 2.5 24858 335 4216 335
EA 500 4216 2.5 24858 338 4216 338
EA 500 4216 2.5 24858 352 4216 352
EA 500 4216 2.5 24858 353 4216 353
EA 500 4216 2.5 24858 341 4216 341
EA 500 4216 2.5 24858 352 4216 352
EA 500 4216 2.5 24858 339 4216 339
EA 500 4216 2.5 24858 342 4216 342
EA 500 4216 2.5 24858 353 4216 353
EA 500 4216 2.5 24858 343 4216 343
EA 500 4216 2.5 24858 347 4216 347
EA 500 4216 2.5 24858 337 4216 337
EA 500 4216 2.5 24858 351 4216 351
EA 500 4216 2.5 24858 350 4216 350
EA 500 4216 2.5 24858 348 4216 348
EA 500 4216 2.5 24858 348 4216 348
EA 500 4216 2.5 24858 338 4216 338
EA 500 4216 2.5 24858 340 4216 340
EA 500 4216 2.5 24858 345 4216 345
EA 500 4216 2.5 24858 342 4216 342
EA 500 4216 2.5 24858 342 4216 342
EA 500 4216 2.5 24858 345 4216 345
EA 500 4216 2.5 24858 342 4216 342
EA 500 4216 2.5 24858 335 4216 335
EA 500 4216 2.5 24858 351 4216 351
EA 500 4216 2.5 24858 348 4216 348
EA 500 4216 2.5 24858 345 4216 345
EA 500 4216 2.5 24858 340 4216 340
EA 500 4216 2.5 24858 342 4216 342
EA 500 4216 2.5 24858 347 4216 347
EA 500 4216 2.5 24858 348 4216 348
EA 500 4216 2.5 24858 348 4216 348
EA 500 4216 2.5 24858 342 4216 342
EA 500 4216 2.5 24858 345 4216 345
EA 500 4216 2.5 24858 354 4216 354
EA 500 4216 2.5 24858 346 4216 346
EA 500 4216 2.5 24858 351 4216 351
EA 500 4216 2.5 24858 348 4216 348
EA 500 4216 2.5 24858 351 4216 351
EA 500 4216 2.5 24858 340 4216 340
EA 500 4216 2.5 24858 343 4216 343
EA 500 4216 2.5 24858 347 4216 347
EA 500 4216 2.5 24858 345 4216 345
EA 500 4216 2.5 24858 352 4216 352
EA 500 4216 2.5 24858 343 4216 343
EA 500 4216 2.5 24858 344 4216 344
EA 500 4216 2.5 24858 340 4216 340
EA 500 4216 2.5 24858 339 4216 339
EA 500 4216 2.5 24858 341 4216 341
EA 500 4216 2.5 24858 352 4216 352
EA 500 4216 2.5 24858 343 4216 343
EA 500 4216 2.5 24858 353 4216 353
EA 500 4216 2.5 24858 344 4216 344
EA 500 4216 2.5 24858 348 4216 348
EA 500 4216 2.5 24858 337 4216 337
EA 500 4216 2.5 24858 340 4216 340
EA 500 4216 2.5 24858 343 4216 343
EA 500 4216 2.5 24858 348 4216 348
EA 500 4216 2.5 24858 348 4216 348
EA 500 4216 2.5 24858 351 4216 351
EA 500 4216 2.5 24858 353 4216 353
EA 500 4216 2.5 24858 351 4216 351
EA 500 4216 2.5 24858 355 4216 355
EA 500 4216 2.5 24858 348 4216 348
EA 500 4216 2.5 24858 342 4216 342
EA 500 4216 2.5 24858 340 4216 340
EA 500 4216 2.5 24858 336 4216 336
EA 500 4216 2.5 24858 352 4216 352
EA 500 4216 2.5 24858 338 4216 338
EA 500 4216 2.5 24858 336 4216 336
EA 500 4216 2.5 24858 342 4216 342
EA 500 4216 2.5 24858 348 4216 348
EA 500 4216 2.5 24858 346 4216 346
EA 500 4216 2.5 24858 341 4216 341
EA 500 4216 2.5 24858 348 4216 348
EA 500 4216 2.5 24858 334 4216 334
EA 500 4216 2.5 24858 338 4216 338
EA 500 4216 2.5 24858 350 4216 350
EA 500 4216 2.5 24858 343 4216 343
EA 500 4216 2.5 24858 347 4216 347
EA 500 4216 2.5 24858 343 4216 343
EA 500 4216 2.5 24858 343 4216 343
EA 500 4216 2.5 24858 336 4216 336
EA 500 4216 2.5 24858 353 4216 353
EA 500 4216 2.5 24858 337 4216 337
EA 500 4216 2.5 24858 345 4216 345
EA 500 4216 2.5 24858 352 4216 352
EA 500 4216 2.5 24858 350 4216 350
EA 500 4216 2.5 24858 340 4216 340
EA 500 4216 2.5 24858 344 4216 344
EA 500 4216 2.5 24858 337 4216 337
EA 500 4216 2.5 24858 342 4216 342
EA 500 4216 2.5 24858 348 4216 348
EA 500 4216 2.5 24858 340 4216 340
EA 500 4216 2.5 24858 338 4216 338
EA 500 4216 2.5 24858 340 4216 340
EA 500 4216 2.5 24858 338 4216 338
EA 500 4216 2.5 24858 349 4216 349
EA 550 4554 2.5 27763 380 4554 380
EA 550 4554 2.5 27763 372 4554 372
EA 550 4554 2.5 27763 370 4554 370
EA 550 4554 2.5 27763 382 4554 382
EA 550 4554 2.5 27763 382 4554 382
EA 550 4554 2.5 27763 375 4554 375
EA 550 4554 2.5 27763 392 4554 392
EA 550 4554 2.5 27763 380 4554 380
EA 550 4554 2.5 27763 371 4554 371
EA 550 4554 2.5 27763 382 4554 382
EA 550 4554 2.5 27763 379 4554 379
EA 550 4554 2.5 27763 382 4554 382
EA 550 4554 2.5 27763 385 4554 385
EA 550 4554 2.5 27763 376 4554 376
EA 550 4554 2.5 27763 372 4554 372
EA 550 4554 2.5 27763 375 4554 375
EA 550 4554 2.5 27763 373 4554 373
EA 550 4554 2.5 27763 375 4554 375
EA 550 4554 2.5 27763 379 4554 379
EA 550 4554 2.5 27763 378 4554 378
EA 550 4554 2.5 27763 380 4554 380
EA 550 4554 2.5 27763 379 4554 379
EA 550 4554 2.5 27763 382 4554 382
EA 550 4554 2.5 27763 371 4554 371
EA 550 4554 2.5 27763 375 4554 375
EA 550 4554 2.5 27763 386 4554 386
EA 550 4554 2.5 27763 372 4554 372
EA 550 4554 2.5 27763 371 4554 371
EA 550 4554 2.5 27763 380 4554 380
EA 550 4554 2.5 27763 378 4554 378
EA 550 4554 2.5 27763 367 4554 367
EA 550 4554 2.5 27763 385 4554 385
EA 550 4554 2.5 27763 390 4554 390
EA 550 4554 2.5 27763 368 4554 368
EA 550 4554 2.5 27763 379 4554 379
EA 550 4554 2.5 27763 373 4554 373
EA 550 4554 2.5 27763 368 4554 368
EA 550 4554 2.5 27763 373 4554 373
EA 550 4554 2.5 27763 375 4554 375
EA 550 4554 2.5 27763 382 4554 382
EA 550 4554 2.5 27763 372 4554 372
EA 550 4554 2.5 27763 382 4554 382
EA 550 4554 2.5 27763 377 4554 377
EA 550 4554 2.5 27763 375 4554 375
EA 550 4554 2.5 27763 367 4554 367
EA 550 4554 2.5 27763 371 4554 371
EA 550 4554 2.5 27763 379 4554 379
EA 550 4554 2.5 27763 386 4554 386
EA 550 4554 2.5 27763 383 4554 383
EA 550 4554 2.5 27763 376 4554 376
EA 550 4554 2.5 27763 371 4554 371
EA 550 4554 2.5 27763 378 4554 378
EA 550 4554 2.5 27763 373 4554 373
EA 550 4554 2.5 27763 379 4554 379
EA 550 4554 2.5 27763 371 4554 371
EA 550 4554 2.5 27763 377 4554 377
EA 550 4554 2.5 27763 376 4554 376
EA 550 4554 2.5 27763 380 4554 380
EA 550 4554 2.5 27763 374 4554 374
EA 550 4554 2.5 27763 374 4554 374
EA 550 4554 2.5 27763 381 4554 381
EA 550 4554 2.5 27763 377 4554 377
EA 550 4554 2.5 27763 377 4554 377
EA 550 4554 2.5 27763 378 4554 378
EA 550 4554 2.5 27763 378 4554 378
EA 550 4554 2.5 27763 385 4554 385
EA 550 4554 2.5 27763 375 4554 375
EA 550 4554 2.5 27763 377 4554 377
EA 550 4554 2.5 27763 368 4554 368
EA 550 4554 2.5 27763 369 4554 369
EA 550 4554 2.5 27763 378 4554 378
EA 550 4554 2.5 27763 372 4554 372
EA 550 4554 2.5 27763 375 4554 375
EA 550 4554 2.5 27763 371 4554 371
EA 550 4554 2.5 27763 376 4554 376
EA 550 4554 2.5 27763 371 4554 371
EA 550 4554 2.5 27763 381 4554 381
EA 550 4554 2.5 27763 377 4554 377
EA 550 4554 2.5 27763 380 4554 380
EA 550 4554 2.5 27763 371 4554 371
EA 550 4554 2.5 27763 377 4554 377
EA 550 4554 2.5 27763 378 4554 378
EA 550 4554 2.5 27763 390 4554 390
EA 550 4554 2.5 27763 370 4554 370
EA 550 4554 2.5 27763 379 4554 379
EA 550 4554 2.5 27763 380 4554 380
EA 550 4554 2.5 27763 376 4554 376
EA 550 4554 2.5 27763 368 4554 368
EA 550 4554 2.5 27763 369 4554 369
EA 550 4554 2.5 27763 372 4554 372
EA 550 4554 2.5 27763 382 4554 382
EA 550 4554 2.5 27763 375 4554 375
EA 550 4554 2.5 27763 372 4554 372
EA 550 4554 2.5 27763 375 4554 375
EA 550 4554 2.5 27763 375 4554 375
EA 550 4554 2.5 27763 375 4554 375
EA 550 4554 2.5 27763 371 4554 371
EA 550 4554 2.5 27763 379 4554 379
EA 550 4554 2.5 27763 381 4554 381
EA 600 4643 2.5 30705 410 4643 410
EA 600 4643 2.5 30705 401 4643 401
EA 600 4643 2.5 30705 400 4643 400
EA 600 4643 2.5 30705 407 4643 407
EA 600 4643 2.5 30705 418 4643 418
EA 600 4643 2.5 30705 404 4643 404
EA 600 4643 2.5 30705 404 4643 404
EA 600 4643 2.5 30705 397 4643 397
EA 600 4643 2.5 30705 395 4643 395
EA 600 4643 2.5 30705 403 4643 403
EA 600 4643 2.5 30705 403 4643 403
EA 600 4643 2.5 30705 407 4643 407
EA 600 4643 2.5 30705 404 4643 404
EA 600 4643 2.5 30705 396 4643 396
EA 600 4643 2.5 30705 396 4643 396
EA 600 4643 2.5 30705 389 4643 389
EA 600 4643 2.5 30705 417 4643 417
EA 600 4643 2.5 30705 403 4643 403
EA 600 4643 2.5 30705 407 4643 407
EA 600 4643 2.5 30705 400 4643 400
EA 600 4643 2.5 30705 398 4643 398
EA 600 4643 2.5 30705 406 4643 406
EA 600 4643 2.5 30705 400 4643 400
EA 600 4643 2.5 30705 397 4643 397
EA 600 4643 2.5 30705 398 4643 398
EA 600 4643 2.5 30705 397 4643 397
EA 600 4643 2.5 30705 399 4643 399
EA 600 4643 2.5 30705 406 4643 406
EA 600 4643 2.5 30705 406 4643 406
EA 600 4643 2.5 30705 396 4643 396
EA 600 4643 2.5 30705 406 4643 406
EA 600 4643 2.5 30705 396 4643 396
EA 600 4643 2.5 30705 411 4643 411
EA 600 4643 2.5 30705 394 4643 394
EA 600 4643 2.5 30705 404 4643 404
EA 600 4643 2.5 30705 403 4643 403
EA 600 4643 2.5 30705 406 4643 406
EA 600 4643 2.5 30705 417 4643 417
EA 600 4643 2.5 30705 403 4643 403
EA 600 4643 2.5 30705 403 4643 403
EA 600 4643 2.5 30705 403 4643 403
EA 600 4643 2.5 30705 398 4643 398
EA 600 4643 2.5 30705 404 4643 404
EA 600 4643 2.5 30705 407 4643 407
EA 600 4643 2.5 30705 398 4643 398
EA 600 4643 2.5 30705 404 4643 404
EA 600 4643 2.5 30705 394 4643 394
EA 600 4643 2.5 30705 407 4643 407
EA 600 4643 2.5 30705 409 4643 409
EA 600 4643 2.5 30705 403 4643 403
EA 600 4643 2.5 30705 398 4643 398
EA 600 4643 2.5 30705 400 4643 400
EA 600 4643 2.5 30705 399 4643 399
EA 600 4643 2.5 30705 396 4643 396
EA 600 4643 2.5 30705 406 4643 406
EA 600 4643 2.5 30705 411 4643 411
EA 600 4643 2.5 30705 396 4643 396
EA 600 4643 2.5 30705 407 4643 407
EA 600 4643 2.5 30705 398 4643 398
EA 600 4643 2.5 30705 411 4643 411
EA 600 4643 2.5 30705 404 4643 404
EA 600 4643 2.5 30705 399 4643 399
EA 600 4643 2.5 30705 399 4643 399
EA 600 4643 2.5 30705 399 4643 399
EA 600 4643 2.5 30705 404 4643 404
EA 600 4643 2.5 30705 398 4643 398
EA 600 4643 2.5 30705 398 4643 398
EA 600 4643 2.5 30705 404 4643 404
EA 600 4643 2.5 30705 401 4643 401
EA 600 4643 2.5 30705 395 4643 395
EA 600 4643 2.5 30705 410 4643 410
EA 600 4643 2.5 30705 403 4643 403
EA 600 4643 2.5 30705 398 4643 398
EA 600 4643 2.5 30705 417 4643 417
EA 600 4643 2.5 30705 395 4643 395
EA 600 4643 2.5 30705 404 4643 404
EA 600 4643 2.5 30705 394 4643 394
EA 600 4643 2.5 30705 396 4643 396
EA 600 4643 2.5 30705 407 4643 407
EA 600 4643 2.5 30705 407 4643 407
EA 600 4643 2.5 30705 403 4643 403
EA 600 4643 2.5 30705 397 4643 397
EA 600 4643 2.5 30705 411 4643 411
EA 600 4643 2.5 30705 409 4643 409
EA 600 4643 2.5 30705 400 4643 400
EA 600 4643 2.5 30705 399 4643 399
EA 600 4643 2.5 30705 397 4643 397
EA 600 4643 2.5 30705 397 4643 397
EA 600 4643 2.5 30705 399 4643 399
EA 600 4643 2.5 30705 403 4643 403
EA 600 4643 2.5 30705 398 4643 398
EA 600 4643 2.5 30705 396 4643 396
EA 600 4643 2.5 30705 398 4643 398
EA 600 4643 2.5 30705 399 4643 399
EA 600 4643 2.5 30705 398 4643 398
EA 600 4643 2.5 30705 393 4643 393
EA 600 4643 2.5 30705 396 4643 396
EA 600 4643 2.5 30705 405 4643 405
EA 600 4643 2.5 30705 405 4643 405
EA 650 4723 2.5 33680 430 4723 430
EA 650 4723 2.5 33680 436 4723 436
EA 650 4723 2.5 33680 430 4723 430
EA 650 4723 2.5 33680 433 4723 433
EA 650 4723 2.5 33680 427 4723 427
EA 650 4723 2.5 33680 425 4723 425
EA 650 4723 2.5 33680 428 4723 428
EA 650 4723 2.5 33680 430 4723 430
EA 650 4723 2.5 33680 434 4723 434
EA 650 4723 2.5 33680 428 4723 428
EA 650 4723 2.5 33680 424 4723 424
EA 650 4723 2.5 33680 433 4723 433
EA 650 4723 2.5 33680 435 4723 435
EA 650 4723 2.5 33680 424 4723 424
EA 650 4723 2.5 33680 424 4723 424
EA 650 4723 2.5 33680 429 4723 429
EA 650 4723 2.5 33680 429 4723 429
EA 650 4723 2.5 33680 426 4723 426
EA 650 4723 2.5 33680 427 4723 427
EA 650 4723 2.5 33680 431 4723 431
EA 650 4723 2.5 33680 431 4723 431
EA 650 4723 2.5 33680 419 4723 419
EA 650 4723 2.5 33680 426 4723 426
EA 650 4723 2.5 33680 420 4723 420
EA 650 4723 2.5 33680 417 4723 417
EA 650 4723 2.5 33680 424 4723 424
EA 650 4723 2.5 33680 430 4723 430
EA 650 4723 2.5 33680 430 4723 430
EA 650 4723 2.5 33680 429 4723 429
EA 650 4723 2.5 33680 431 4723 431
EA 650 4723 2.5 33680 427 4723 427
EA 650 4723 2.5 33680 430 4723 430
EA 650 4723 2.5 33680 427 4723 427
EA 650 4723 2.5 33680 430 4723 430
EA 650 4723 2.5 33680 433 4723 433
EA 650 4723 2.5 33680 430 4723 430
EA 650 4723 2.5 33680 433 4723 433
EA 650 4723 2.5 33680 418 4723 418
EA 650 4723 2.5 33680 417 4723 417
EA 650 4723 2.5 33680 427 4723 427
EA 650 4723 2.5 33680 426 4723 426
EA 650 4723 2.5 33680 429 4723 429
EA 650 4723 2.5 33680 434 4723 434
EA 650 4723 2.5 33680 429 4723 429
EA 650 4723 2.5 33680 417 4723 417
EA 650 4723 2.5 33680 417 4723 417
EA 650 4723 2.5 33680 420 4723 420
EA 650 4723 2.5 33680 428 4723 428
EA 650 4723 2.5 33680 421 4723 421
EA 650 4723 2.5 33680 422 4723 422
EA 650 4723 2.5 33680 424 4723 424
EA 650 4723 2.5 33680 437 4723 437
EA 650 4723 2.5 33680 437 4723 437
EA 650 4723 2.5 33680 430 4723 430
EA 650 4723 2.5 33680 428 4723 428
EA 650 4723 2.5 33680 428 4723 428
EA 650 4723 2.5 33680 433 4723 433
EA 650 4723 2.5 33680 436 4723 436
EA 650 4723 2.5 33680 426 4723 426
EA 650 4723 2.5 33680 430 4723 430
EA 650 4723 2.5 33680 424 4723 424
EA 650 4723 2.5 33680 422 4723 422
EA 650 4723 2.5 33680 425 4723 425
EA 650 4723 2.5 33680 428 4723 428
EA 650 4723 2.5 33680 431 4723 431
EA 650 4723 2.5 33680 428 4723 428
EA 650 4723 2.5 33680 431 4723 431
EA 650 4723 2.5 33680 431 4723 431
EA 650 4723 2.5 33680 426 4723 426
EA 650 4723 2.5 33680 433 4723 433
EA 650 4723 2.5 33680 434 4723 434
EA 650 4723 2.5 33680 422 4723 422
EA 650 4723 2.5 33680 436 4723 436
EA 650 4723 2.5 33680 428 4723 428
EA 650 4723 2.5 33680 423 4723 423
EA 650 4723 2.5 33680 434 4723 434
EA 650 4723 2.5 33680 422 4723 422
EA 650 4723 2.5 33680 424 4723 424
EA 650 4723 2.5 33680 424 4723 424
EA 650 4723 2.5 33680 428 4723 428
EA 650 4723 2.5 33680 412 4723 412
EA 650 4723 2.5 33680 428 4723 428
EA 650 4723 2.5 33680 426 4723 426
EA 650 4723 2.5 33680 436 4723 436
EA 650 4723 2.5 33680 425 4723 425
EA 650 4723 2.5 33680 431 4723 431
EA 650 4723 2.5 33680 423 4723 423
EA 650 4723 2.5 33680 412 4723 412
EA 650 4723 2.5 33680 437 4723 437
EA 650 4723 2.5 33680 433 4723 433
EA 650 4723 2.5 33680 423 4723 423
EA 650 4723 2.5 33680 426 4723 426
EA 650 4723 2.5 33680 434 4723 434
EA 650 4723 2.5 33680 419 4723 419
EA 650 4723 2.5 33680 429 4723 429
EA 650 4723 2.5 33680 428 4723 428
EA 650 4723 2.5 33680 420 4723 420
EA 650 4723 2.5 33680 422 4723 422
EA 650 4723 2.5 33680 436 4723 436
EA 700 4908 2.5 36686 449 4908 449
EA 700 4908 2.5 36686 449 4908 449
EA 700 4908 2.5 36686 456 4908 456
EA 700 4908 2.5 36686 447 4908 447
EA 700 4908 2.5 36686 465 4908 465
EA 700 4908 2.5 36686 451 4908 451
EA 700 4908 2.5 36686 453 4908 453
EA 700 4908 2.5 36686 451 4908 451
EA 700 4908 2.5 36686 451 4908 451
EA 700 4908 2.5 36686 452 4908 452
EA 700 4908 2.5 36686 452 4908 452
EA 700 4908 2.5 36686 451 4908 451
EA 700 4908 2.5 36686 452 4908 452
EA 700 4908 2.5 36686 451 4908 451
EA 700 4908 2.5 36686 455 4908 455
EA 700 4908 2.5 36686 445 4908 445
EA 700 4908 2.5 36686 443 4908 443
EA 700 4908 2.5 36686 451 4908 451
EA 700 4908 2.5 36686 447 4908 447
EA 700 4908 2.5 36686 448 4908 448
EA 700 4908 2.5 36686 443 4908 443
EA 700 4908 2.5 36686 450 4908 450
EA 700 4908 2.5 36686 462 4908 462
EA 700 4908 2.5 36686 446 4908 446
EA 700 4908 2.5 36686 460 4908 460
EA 700 4908 2.5 36686 457 4908 457
EA 700 4908 2.5 36686 450 4908 450
EA 700 4908 2.5 36686 447 4908 447
EA 700 4908 2.5 36686 458 4908 458
EA 700 4908 2.5 36686 448 4908 448
EA 700 4908 2.5 36686 461 4908 461
EA 700 4908 2.5 36686 445 4908 445
EA 700 4908 2.5 36686 456 4908 456
EA 700 4908 2.5 36686 448 4908 448
EA 700 4908 2.5 36686 453 4908 453
EA 700 4908 2.5 36686 450 4908 450
EA 700 4908 2.5 36686 447 4908 447
EA 700 4908 2.5 36686 458 4908 458
EA 700 4908 2.5 36686 446 4908 446
EA 700 4908 2.5 36686 452 4908 452
EA 700 4908 2.5 36686 447 4908 447
EA 700 4908 2.5 36686 460 4908 460
EA 700 4908 2.5 36686 456 4908 456
EA 700 4908 2.5 36686 451 4908 451
EA 700 4908 2.5 36686 453 4908 453
EA 700 4908 2.5 36686 447 4908 447
EA 700 4908 2.5 36686 447 4908 447
EA 700 4908 2.5 36686 459 4908 459
EA 700 4908 2.5 36686 454 4908 454
EA 700 4908 2.5 36686 448 4908 448
EA 700 4908 2.5 36686 464 4908 464
EA 700 4908 2.5 36686 448 4908 448
EA 700 4908 2.5 36686 456 4908 456
EA 700 4908 2.5 36686 461 4908 461
EA 700 4908 2.5 36686 444 4908 444
EA 700 4908 2.5 36686 450 4908 450
EA 700 4908 2.5 36686 450 4908 450
EA 700 4908 2.5 36686 449 4908 449
EA 700 4908 2.5 36686 450 4908 450
EA 700 4908 2.5 36686 444 4908 444
EA 700 4908 2.5 36686 444 4908 444
EA 700 4908 2.5 36686 460 4908 460
EA 700 4908 2.5 36686 464 4908 464
EA 700 4908 2.5 36686 453 4908 453
EA 700 4908 2.5 36686 459 4908 459
EA 700 4908 2.5 36686 442 4908 442
EA 700 4908 2.5 36686 454 4908 454
EA 700 4908 2.5 36686 442 4908 442
EA 700 4908 2.5 36686 450 4908 450
EA 700 4908 2.5 36686 450 4908 450
EA 700 4908 2.5 36686 445 4908 445
EA 700 4908 2.5 36686 451 4908 451
EA 700 4908 2.5 36686 448 4908 448
EA 700 4908 2.5 36686 449 4908 449
EA 700 4908 2.5 36686 443 4908 443
EA 700 4908 2.5 36686 451 4908 451
EA 700 4908 2.5 36686 455 4908 455
EA 700 4908 2.5 36686 450 4908 450
EA 700 4908 2.5 36686 457 4908 457
EA 700 4908 2.5 36686 451 4908 451
EA 700 4908 2.5 36686 465 4908 465
EA 700 4908 2.5 36686 450 4908 450
EA 700 4908 2.5 36686 453 4908 453
EA 700 4908 2.5 36686 440 4908 440
EA 700 4908 2.5 36686 453 4908 453
EA 700 4908 2.5 36686 455 4908 455
EA 700 4908 2.5 36686 449 4908 449
EA 700 4908 2.5 36686 447 4908 447
EA 700 4908 2.5 36686 452 4908 452
EA 700 4908 2.5 36686 447 4908 447
EA 700 4908 2.5 36686 450 4908 450
EA 700 4908 2.5 36686 449 4908 449
EA 700 4908 2.5 36686 453 4908 453
EA 700 4908 2.5 36686 458 4908 458
EA 700 4908 2.5 36686 451 4908 451
EA 700 4908 2.5 36686 456 4908 456
EA 700 4908 2.5 36686 456 4908 456
EA 700 4908 2.5 36686 450 4908 450
EA 700 4908 2.5 36686 459 4908 459
EA 750 5024 2.5 39720 485 5024 485
EA 750 5024 2.5 39720 499 5024 499
EA 750 5024 2.5 39720 488 5024 488
EA 750 5024 2.5 39720 487 5024 487
EA 750 5024 2.5 39720 486 5024 486
EA 750 5024 2.5 39720 491 5024 491
EA 750 5024 2.5 39720 482 5024 482
EA 750 5024 2.5 39720 481 5024 481
EA 750 5024 2.5 39720 495 5024 495
EA 750 5024 2.5 39720 469 5024 469
EA 750 5024 2.5 39720 472 5024 472
EA 750 5024 2.5 39720 477 5024 477
EA 750 5024 2.5 39720 483 5024 483
EA 750 5024 2.5 39720 481 5024 481
EA 750 5024 2.5 39720 476 5024 476
EA 750 5024 2.5 39720 479 5024 479
EA 750 5024 2.5 39720 484 5024 484
EA 750 5024 2.5 39720 485 5024 485
EA 750 5024 2.5 39720 489 5024 489
EA 750 5024 2.5 39720 492 5024 492
EA 750 5024 2.5 39720 485 5024 485
EA 750 5024 2.5 39720 496 5024 496
EA 750 5024 2.5 39720 479 5024 479
EA 750 5024 2.5 39720 482 5024 482
EA 750 5024 2.5 39720 481 5024 481
EA 750 5024 2.5 39720 468 5024 468
EA 750 5024 2.5 39720 483 5024 483
EA 750 5024 2.5 39720 486 5024 486
EA 750 5024 2.5 39720 481 5024 481
EA 750 5024 2.5 39720 483 5024 483
EA 750 5024 2.5 39720 488 5024 488
EA 750 5024 2.5 39720 484 5024 484
EA 750 5024 2.5 39720 486 5024 486
EA 750 5024 2.5 39720 485 5024 485
EA 750 5024 2.5 39720 488 5024 488
EA 750 5024 2.5 39720 492 5024 492
EA 750 5024 2.5 39720 477 5024 477
EA 750 5024 2.5 39720 494 5024 494
EA 750 5024 2.5 39720 476 5024 476
EA 750 5024 2.5 39720 485 5024 485
EA 750 5024 2.5 39720 479 5024 479
EA 750 5024 2.5 39720 478 5024 478
EA 750 5024 2.5 39720 473 5024 473
EA 750 5024 2.5 39720 494 5024 494
EA 750 5024 2.5 39720 485 5024 485
EA 750 5024 2.5 39720 485 5024 485
EA 750 5024 2.5 39720 480 5024 480
EA 750 5024 2.5 39720 486 5024 486
EA 750 5024 2.5 39720 484 5024 484
EA 750 5024 2.5 39720 491 5024 491
EA 750 5024 2.5 39720 485 5024 485
EA 750 5024 2.5 39720 499 5024 499
EA 750 5024 2.5 39720 476 5024 476
EA 750 5024 2.5 39720 483 5024 483
EA 750 5024 2.5 39720 483 5024 483
EA 750 5024 2.5 39720 479 5024 479
EA 750 5024 2.5 39720 483 5024 483
EA 750 5024 2.5 39720 495 5024 495
EA 750 5024 2.5 39720 485 5024 485
EA 750 5024 2.5 39720 491 5024 491
EA 750 5024 2.5 39720 492 5024 492
EA 750 5024 2.5 39720 483 5024 483
EA 750 5024 2.5 39720 484 5024 484
EA 750 5024 2.5 39720 485 5024 485
EA 750 5024 2.5 39720 489 5024 489
EA 750 5024 2.5 39720 483 5024 483
EA 750 5024 2.5 39720 470 5024 470
EA 750 5024 2.5 39720 492 5024 492
EA 750 5024 2.5 39720 476 5024 476
EA 750 5024 2.5 39720 469 5024 469
EA 750 5024 2.5 39720 494 5024 494
EA 750 5024 2.5 39720 495 5024 495
EA 750 5024 2.5 39720 492 5024 492
EA 750 5024 2.5 39720 486 5024 486
EA 750 5024 2.5 39720 494 5024 494
EA 750 5024 2.5 39720 482 5024 482
EA 750 5024 2.5 39720 481 5024 481
EA 750 5024 2.5 39720 478 5024 478
EA 750 5024 2.5 39720 491 5024 491
EA 750 5024 2.5 39720 494 5024 494
EA 750 5024 2.5 39720 482 5024 482
EA 750 5024 2.5 39720 469 5024 469
EA 750 5024 2.5 39720 495 5024 495
EA 750 5024 2.5 39720 479 5024 479
EA 750 5024 2.5 39720 491 5024 491
EA 750 5024 2.5 39720 491 5024 491
EA 750 5024 2.5 39720 472 5024 472
EA 750 5024 2.5 39720 487 5024 487
EA 750 5024 2.5 39720 479 5024 479
EA 750 5024 2.5 39720 483 5024 483
EA 750 5024 2.5 39720 483 5024 483
EA 750 5024 2.5 39720 483 5024 483
EA 750 5024 2.5 39720 478 5024 478
EA 750 5024 2.5 39720 489 5024 489
EA 750 5024 2.5 39720 499 5024 499
EA 750 5024 2.5 39720 482 5024 482
EA 750 5024 2.5 39720 499 5024 499
EA 750 5024 2.5 39720 484 5024 484
EA 750 5024 2.5 39720 483 5024 483
EA 800 5329 2.5 42781 513 5329 513
EA 800 5329 2.5 42781 513 5329 513
EA 800 5329 2.5 42781 519 5329 519
EA 800 5329 2.5 42781 519 5329 519
EA 800 5329 2.5 42781 521 5329 521
EA 800 5329 2.5 42781 518 5329 518
EA 800 5329 2.5 42781 513 5329 513
EA 800 5329 2.5 42781 514 5329 514
EA 800 5329 2.5 42781 520 5329 520
EA 800 5329 2.5 42781 510 5329 510
EA 800 5329 2.5 42781 514 5329 514
EA 800 5329 2.5 42781 532 5329 532
EA 800 5329 2.5 42781 522 5329 522
EA 800 5329 2.5 42781 513 5329 513
EA 800 5329 2.5 42781 524 5329 524
EA 800 5329 2.5 42781 519 5329 519
EA 800 5329 2.5 42781 516 5329 516
EA 800 5329 2.5 42781 509 5329 509
EA 800 5329 2.5 42781 519 5329 519
EA 800 5329 2.5 42781 527 5329 527
EA 800 5329 2.5 42781 519 5329 519
EA 800 5329 2.5 42781 518 5329 518
EA 800 5329 2.5 42781 527 5329 527
EA 800 5329 2.5 42781 505 5329 505
EA 800 5329 2.5 42781 520 5329 520
EA 800 5329 2.5 42781 513 5329 513
EA 800 5329 2.5 42781 520 5329 520
EA 800 5329 2.5 42781 506 5329 506
EA 800 5329 2.5 42781 513 5329 513
EA 800 5329 2.5 42781 516 5329 516
EA 800 5329 2.5 42781 518 5329 518
EA 800 5329 2.5 42781 519 5329 519
EA 800 5329 2.5 42781 522 5329 522
EA 800 5329 2.5 42781 522 5329 522
EA 800 5329 2.5 42781 526 5329 526
EA 800 5329 2.5 42781 525 5329 525
EA 800 5329 2.5 42781 517 5329 517
EA 800 5329 2.5 42781 520 5329 520
EA 800 5329 2.5 42781 506 5329 506
EA 800 5329 2.5 42781 514 5329 514
EA 800 5329 2.5 42781 516 5329 516
EA 800 5329 2.5 42781 511 5329 511
EA 800 5329 2.5 42781 518 5329 518
EA 800 5329 2.5 42781 525 5329 525
EA 800 5329 2.5 42781 506 5329 506
EA 800 5329 2.5 42781 532 5329 532
EA 800 5329 2.5 42781 510 5329 510
EA 800 5329 2.5 42781 514 5329 514
EA 800 5329 2.5 42781 505 5329 505
EA 800 5329 2.5 42781 518 5329 518
EA 800 5329 2.5 42781 510 5329 510
EA 800 5329 2.5 42781 526 5329 526
EA 800 5329 2.5 42781 508 5329 508
EA 800 5329 2.5 42781 525 5329 525
EA 800 5329 2.5 42781 521 5329 521
EA 800 5329 2.5 42781 518 5329 518
EA 800 5329 2.5 42781 520 5329 520
EA 800 5329 2.5 42781 521 5329 521
EA 800 5329 2.5 42781 518 5329 518
EA 800 5329 2.5 42781 505 5329 505
EA 800 5329 2.5 42781 522 5329 522
EA 800 5329 2.5 42781 525 5329 525
EA 800 5329 2.5 42781 526 5329 526
EA 800 5329 2.5 42781 524 5329 524
EA 800 5329 2.5 42781 513 5329 513
EA 800 5329 2.5 42781 522 5329 522
EA 800 5329 2.5 42781 532 5329 532
EA 800 5329 2.5 42781 511 5329 511
EA 800 5329 2.5 42781 523 5329 523
EA 800 5329 2.5 42781 523 5329 523
EA 800 5329 2.5 42781 518 5329 518
EA 800 5329 2.5 42781 522 5329 522
EA 800 5329 2.5 42781 518 5329 518
EA 800 5329 2.5 42781 525 5329 525
EA 800 5329 2.5 42781 514 5329 514
EA 800 5329 2.5 42781 520 5329 520
EA 800 5329 2.5 42781 516 5329 516
EA 800 5329 2.5 42781 532 5329 532
EA 800 5329 2.5 42781 516 5329 516
EA 800 5329 2.5 42781 514 5329 514
EA 800 5329 2.5 42781 531 5329 531
EA 800 5329 2.5 42781 524 5329 524
EA 800 5329 2.5 42781 518 5329 518
EA 800 5329 2.5 42781 526 5329 526
EA 800 5329 2.5 42781 522 5329 522
EA 800 5329 2.5 42781 520 5329 520
EA 800 5329 2.5 42781 514 5329 514
EA 800 5329 2.5 42781 518 5329 518
EA 800 5329 2.5 42781 531 5329 531
EA 800 5329 2.5 42781 511 5329 511
EA 800 5329 2.5 42781 527 5329 527
EA 800 5329 2.5 42781 516 5329 516
EA 800 5329 2.5 42781 523 5329 523
EA 800 5329 2.5 42781 518 5329 518
EA 800 5329 2.5 42781 530 5329 530
EA 800 5329 2.5 42781 519 5329 519
EA 800 5329 2.5 42781 527 5329 527
EA 800 5329 2.5 42781 524 5329 524
EA 800 5329 2.5 42781 528 5329 528
EA 850 5211 2.5 45867 531 5211 531
EA 850 5211 2.5 45867 535 5211 535
EA 850 5211 2.5 45867 521 5211 521
EA 850 5211 2.5 45867 543 5211 543
EA 850 5211 2.5 45867 527 5211 527
EA 850 5211 2.5 45867 526 5211 526
EA 850 5211 2.5 45867 538 5211 538
EA 850 5211 2.5 45867 534 5211 534
EA 850 5211 2.5 45867 531 5211 531
EA 850 5211 2.5 45867 532 5211 532
EA 850 5211 2.5 45867 538 5211 538
EA 850 5211 2.5 45867 530 5211 530
EA 850 5211 2.5 45867 533 5211 533
EA 850 5211 2.5 45867 536 5211 536
EA 850 5211 2.5 45867 538 5211 538
EA 850 5211 2.5 45867 543 5211 543
EA 850 5211 2.5 45867 536 5211 536
EA 850 5211 2.5 45867 552 5211 552
EA 850 5211 2.5 45867 538 5211 538
EA 850 5211 2.5 45867 537 5211 537
EA 850 5211 2.5 45867 532 5211 532
EA 850 5211 2.5 45867 530 5211 530
EA 850 5211 2.5 45867 530 5211 530
EA 850 5211 2.5 45867 540 5211 540
EA 850 5211 2.5 45867 538 5211 538
EA 850 5211 2.5 45867 528 5211 528
EA 850 5211 2.5 45867 536 5211 536
EA 850 5211 2.5 45867 539 5211 539
EA 850 5211 2.5 45867 533 5211 533
EA 850 5211 2.5 45867 535 5211 535
EA 850 5211 2.5 45867 536 5211 536
EA 850 5211 2.5 45867 536 5211 536
EA 850 5211 2.5 45867 552 5211 552
EA 850 5211 2.5 45867 533 5211 533
EA 850 5211 2.5 45867 544 5211 544
EA 850 5211 2.5 45867 534 5211 534
EA 850 5211 2.5 45867 521 5211 521
EA 850 5211 2.5 45867 532 5211 532
EA 850 5211 2.5 45867 531 5211 531
EA 850 5211 2.5 45867 534 5211 534
EA 850 5211 2.5 45867 539 5211 539
EA 850 5211 2.5 45867 534 5211 534
EA 850 5211 2.5 45867 520 5211 520
EA 850 5211 2.5 45867 542 5211 542
EA 850 5211 2.5 45867 521 5211 521
EA 850 5211 2.5 45867 530 5211 530
EA 850 5211 2.5 45867 537 5211 537
EA 850 5211 2.5 45867 534 5211 534
EA 850 5211 2.5 45867 537 5211 537
EA 850 5211 2.5 45867 528 5211 528
EA 850 5211 2.5 45867 542 5211 542
EA 850 5211 2.5 45867 543 5211 543
EA 850 5211 2.5 45867 540 5211 540
EA 850 5211 2.5 45867 539 5211 539
EA 850 5211 2.5 45867 537 5211 537
EA 850 5211 2.5 45867 538 5211 538
EA 850 5211 2.5 45867 536 5211 536
EA 850 5211 2.5 45867 537 5211 537
EA 850 5211 2.5 45867 540 5211 540
EA 850 5211 2.5 45867 538 5211 538
EA 850 5211 2.5 45867 552 5211 552
EA 850 5211 2.5 45867 528 5211 528
EA 850 5211 2.5 45867 540 5211 540
EA 850 5211 2.5 45867 536 5211 536
EA 850 5211 2.5 45867 536 5211 536
EA 850 5211 2.5 45867 543 5211 543
EA 850 5211 2.5 45867 539 5211 539
EA 850 5211 2.5 45867 541 5211 541
EA 850 5211 2.5 45867 533 5211 533
EA 850 5211 2.5 45867 536 5211 536
EA 850 5211 2.5 45867 538 5211 538
EA 850 5211 2.5 45867 536 5211 536
EA 850 5211 2.5 45867 538 5211 538
EA 850 5211 2.5 45867 536 5211 536
EA 850 5211 2.5 45867 526 5211 526
EA 850 5211 2.5 45867 532 5211 532
EA 850 5211 2.5 45867 540 5211 540
EA 850 5211 2.5 45867 532 5211 532
EA 850 5211 2.5 45867 524 5211 524
EA 850 5211 2.5 45867 541 5211 541
EA 850 5211 2.5 45867 536 5211 536
EA 850 5211 2.5 45867 536 5211 536
EA 850 5211 2.5 45867 551 5211 551
EA 850 5211 2.5 45867 537 5211 537
EA 850 5211 2.5 45867 534 5211 534
EA 850 5211 2.5 45867 534 5211 534
EA 850 5211 2.5 45867 532 5211 532
EA 850 5211 2.5 45867 536 5211 536
EA 850 5211 2.5 45867 536 5211 536
EA 850 5211 2.5 45867 538 5211 538
EA 850 5211 2.5 45867 523 5211 523
EA 850 5211 2.5 45867 548 5211 548
EA 850 5211 2.5 45867 544 5211 544
EA 850 5211 2.5 45867 540 5211 540
EA 850 5211 2.5 45867 521 5211 521
EA 850 5211 2.5 45867 558 5211 558
EA 850 5211 2.5 45867 531 5211 531
EA 850 5211 2.5 45867 532 5211 532
EA 850 5211 2.5 45867 530 5211 530
EA 900 5555 2.5 48977 565 5555 565
EA 900 5555 2.5 48977 580 5555 580
EA 900 5555 2.5 48977 565 5555 565
EA 900 5555 2.5 48977 570 5555 570
EA 900 5555 2.5 48977 565 5555 565
EA 900 5555 2.5 48977 553 5555 553
EA 900 5555 2.5 48977 575 5555 575
EA 900 5555 2.5 48977 567 5555 567
EA 900 5555 2.5 48977 574 5555 574
EA 900 5555 2.5 48977 561 5555 561
EA 900 5555 2.5 48977 565 5555 565
EA 900 5555 2.5 48977 568 5555 568
EA 900 5555 2.5 48977 555 5555 555
EA 900 5555 2.5 48977 560 5555 560
EA 900 5555 2.5 48977 556 5555 556
EA 900 5555 2.5 48977 556 5555 556
EA 900 5555 2.5 48977 556 5555 556
EA 900 5555 2.5 48977 562 5555 562
EA 900 5555 2.5 48977 559 5555 559
EA 900 5555 2.5 48977 566 5555 566
EA 900 5555 2.5 48977 560 5555 560
EA 900 5555 2.5 48977 565 5555 565
EA 900 5555 2.5 48977 559 5555 559
EA 900 5555 2.5 48977 565 5555 565
EA 900 5555 2.5 48977 567 5555 567
EA 900 5555 2.5 48977 565 5555 565
EA 900 5555 2.5 48977 574 5555 574
EA 900 5555 2.5 48977 560 5555 560
EA 900 5555 2.5 48977 551 5555 551
EA 900 5555 2.5 48977 578 5555 578
EA 900 5555 2.5 48977 580 5555 580
EA 900 5555 2.5 48977 572 5555 572
EA 900 5555 2.5 48977 567 5555 567
EA 900 5555 2.5 48977 553 5555 553
EA 900 5555 2.5 48977 575 5555 575
EA 900 5555 2.5 48977 569 5555 569
EA 900 5555 2.5 48977 566 5555 566
EA 900 5555 2.5 48977 570 5555 570
EA 900 5555 2.5 48977 571 5555 571
EA 900 5555 2.5 48977 554 5555 554
EA 900 5555 2.5 48977 567 5555 567
EA 900 5555 2.5 48977 553 5555 553
EA 900 5555 2.5 48977 558 5555 558
EA 900 5555 2.5 48977 556 5555 556
EA 900 5555 2.5 48977 560 5555 560
EA 900 5555 2.5 48977 565 5555 565
EA 900 5555 2.5 48977 567 5555 567
EA 900 5555 2.5 48977 566 5555 566
EA 900 5555 2.5 48977 565 5555 565
EA 900 5555 2.5 48977 575 5555 575
EA 900 5555 2.5 48977 554 5555 554
EA 900 5555 2.5 48977 569 5555 569
EA 900 5555 2.5 48977 565 5555 565
EA 900 5555 2.5 48977 560 5555 560
EA 900 5555 2.5 48977 551 5555 551
EA 900 5555 2.5 48977 558 5555 558
EA 900 5555 2.5 48977 574 5555 574
EA 900 5555 2.5 48977 556 5555 556
EA 900 5555 2.5 48977 563 5555 563
EA 900 5555 2.5 48977 569 5555 569
EA 900 5555 2.5 48977 554 5555 554
EA 900 5555 2.5 48977 558 5555 558
EA 900 5555 2.5 48977 560 5555 560
EA 900 5555 2.5 48977 563 5555 563
EA 900 5555 2.5 48977 566 5555 566
EA 900 5555 2.5 48977 580 5555 580
EA 900 5555 2.5 48977 556 5555 556
EA 900 5555 2.5 48977 556 5555 556
EA 900 5555 2.5 48977 567 5555 567
EA 900 5555 2.5 48977 572 5555 572
EA 900 5555 2.5 48977 551 5555 551
EA 900 5555 2.5 48977 571 5555 571
EA 900 5555 2.5 48977 553 5555 553
EA 900 5555 2.5 48977 564 5555 564
EA 900 5555 2.5 48977 563 5555 563
EA 900 5555 2.5 48977 567 5555 567
EA 900 5555 2.5 48977 565 5555 565
EA 900 5555 2.5 48977 558 5555 558
EA 900 5555 2.5 48977 580 5555 580
EA 900 5555 2.5 48977 561 5555 561
EA 900 5555 2.5 48977 555 5555 555
EA 900 5555 2.5 48977 571 5555 571
EA 900 5555 2.5 48977 569 5555 569
EA 900 5555 2.5 48977 574 5555 574
EA 900 5555 2.5 48977 566 5555 566
EA 900 5555 2.5 48977 563 5555 563
EA 900 5555 2.5 48977 554 5555 554
EA 900 5555 2.5 48977 556 5555 556
EA 900 5555 2.5 48977 578 5555 578
EA 900 5555 2.5 48977 573 5555 573
EA 900 5555 2.5 48977 555 5555 555
EA 900 5555 2.5 48977 566 5555 566
EA 900 5555 2.5 48977 575 5555 575
EA 900 5555 2.5 48977 567 5555 567
EA 900 5555 2.5 48977 568 5555 568
EA 900 5555 2.5 48977 560 5555 560
EA 900 5555 2.5 48977 554 5555 554
EA 900 5555 2.5 48977 573 5555 573
EA 900 5555 2.5 48977 554 5555 554
EA 950 5617 2.5 52109 583 5617 583
EA 950 5617 2.5 52109 594 5617 594
EA 950 5617 2.5 52109 610 5617 610
EA 950 5617 2.5 52109 585 5617 585
EA 950 5617 2.5 52109 598 5617 598
EA 950 5617 2.5 52109 589 5617 589
EA 950 5617 2.5 52109 582 5617 582
EA 950 5617 2.5 52109 598 5617 598
EA 950 5617 2.5 52109 596 5617 596
EA 950 5617 2.5 52109 588 5617 588
EA 950 5617 2.5 52109 596 5617 596
EA 950 5617 2.5 52109 598 5617 598
EA 950 5617 2.5 52109 582 5617 582
EA 950 5617 2.5 52109 591 5617 591
EA 950 5617 2.5 52109 598 5617 598
EA 950 5617 2.5 52109 592 5617 592
EA 950 5617 2.5 52109 582 5617 582
EA 950 5617 2.5 52109 593 5617 593
EA 950 5617 2.5 52109 593 5617 593
EA 950 5617 2.5 52109 589 5617 589
EA 950 5617 2.5 52109 584 5617 584
EA 950 5617 2.5 52109 596 5617 596
EA 950 5617 2.5 52109 599 5617 599
EA 950 5617 2.5 52109 592 5617 592
EA 950 5617 2.5 52109 599 5617 599
EA 950 5617 2.5 52109 590 5617 590
EA 950 5617 2.5 52109 579 5617 579
EA 950 5617 2.5 52109 584 5617 584
EA 950 5617 2.5 52109 586 5617 586
EA 950 5617 2.5 52109 599 5617 599
EA 950 5617 2.5 52109 579 5617 579
EA 950 5617 2.5 52109 582 5617 582
EA 950 5617 2.5 52109 583 5617 583
EA 950 5617 2.5 52109 611 5617 611
EA 950 5617 2.5 52109 596 5617 596
EA 950 5617 2.5 52109 584 5617 584
EA 950 5617 2.5 52109 579 5617 579
EA 950 5617 2.5 52109 587 5617 587
EA 950 5617 2.5 52109 586 5617 586
EA 950 5617 2.5 52109 594 5617 594
EA 950 5617 2.5 52109 601 5617 601
EA 950 5617 2.5 52109 599 5617 599
EA 950 5617 2.5 52109 586 5617 586
EA 950 5617 2.5 52109 603 5617 603
EA 950 5617 2.5 52109 593 5617 593
EA 950 5617 2.5 52109 598 5617 598
EA 950 5617 2.5 52109 598 5617 598
EA 950 5617 2.5 52109 598 5617 598
EA 950 5617 2.5 52109 593 5617 593
EA 950 5617 2.5 52109 599 5617 599
EA 950 5617 2.5 52109 588 5617 588
EA 950 5617 2.5 52109 586 5617 586
EA 950 5617 2.5 52109 592 5617 592
EA 950 5617 2.5 52109 583 5617 583
EA 950 5617 2.5 52109 590 5617 590
EA 950 5617 2.5 52109 596 5617 596
EA 950 5617 2.5 52109 610 5617 610
EA 950 5617 2.5 52109 598 5617 598
EA 950 5617 2.5 52109 586 5617 586
EA 950 5617 2.5 52109 607 5617 607
EA 950 5617 2.5 52109 587 5617 587
EA 950 5617 2.5 52109 598 5617 598
EA 950 5617 2.5 52109 580 5617 580
EA 950 5617 2.5 52109 598 5617 598
EA 950 5617 2.5 52109 609 5617 609
EA 950 5617 2.5 52109 594 5617 594
EA 950 5617 2.5 52109 592 5617 592
EA 950 5617 2.5 52109 596 5617 596
EA 950 5617 2.5 52109 592 5617 592
EA 950 5617 2.5 52109 598 5617 598
EA 950 5617 2.5 52109 607 5617 607
EA 950 5617 2.5 52109 599 5617 599
EA 950 5617 2.5 52109 599 5617 599
EA 950 5617 2.5 52109 581 5617 581
EA 950 5617 2.5 52109 593 5617 593
EA 950 5617 2.5 52109 598 5617 598
EA 950 5617 2.5 52109 584 5617 584
EA 950 5617 2.5 52109 585 5617 585
EA 950 5617 2.5 52109 592 5617 592
EA 950 5617 2.5 52109 596 5617 596
EA 950 5617 2.5 52109 592 5617 592
EA 950 5617 2.5 52109 589 5617 589
EA 950 5617 2.5 52109 590 5617 590
EA 950 5617 2.5 52109 585 5617 585
EA 950 5617 2.5 52109 589 5617 589
EA 950 5617 2.5 52109 601 5617 601
EA 950 5617 2.5 52109 597 5617 597
EA 950 5617 2.5 52109 600 5617 600
EA 950 5617 2.5 52109 591 5617 591
EA 950 5617 2.5 52109 593 5617 593
EA 950 5617 2.5 52109 589 5617 589
EA 950 5617 2.5 52109 597 5617 597
EA 950 5617 2.5 52109 581 5617 581
EA 950 5617 2.5 52109 610 5617 610
EA 950 5617 2.5 52109 587 5617 587
EA 950 5617 2.5 52109 596 5617 596
EA 950 5617 2.5 52109 597 5617 597
EA 950 5617 2.5 52109 581 5617 581
EA 950 5617 2.5 52109 596 5617 596