Algorithm nodes edges power_exponent steps covering_size edges_covered fitness
EA 100 357 2.5 3684 57 357 57
EA 100 357 2.5 3684 53 357 53
EA 100 357 2.5 3684 53 357 53
EA 100 357 2.5 3684 54 357 54
EA 100 357 2.5 3684 51 357 51
EA 100 357 2.5 3684 49 357 49
EA 100 357 2.5 3684 49 357 49
EA 100 357 2.5 3684 49 357 49
EA 100 357 2.5 3684 53 357 53
EA 100 357 2.5 3684 50 357 50
EA 100 357 2.5 3684 50 357 50
EA 100 357 2.5 3684 53 357 53
EA 100 357 2.5 3684 54 357 54
EA 100 357 2.5 3684 49 357 49
EA 100 357 2.5 3684 56 357 56
EA 100 357 2.5 3684 54 357 54
EA 100 357 2.5 3684 53 357 53
EA 100 357 2.5 3684 49 357 49
EA 100 357 2.5 3684 51 357 51
EA 100 357 2.5 3684 52 357 52
EA 100 357 2.5 3684 50 357 50
EA 100 357 2.5 3684 53 357 53
EA 100 357 2.5 3684 54 357 54
EA 100 357 2.5 3684 53 357 53
EA 100 357 2.5 3684 49 357 49
EA 100 357 2.5 3684 50 357 50
EA 100 357 2.5 3684 50 357 50
EA 100 357 2.5 3684 50 357 50
EA 100 357 2.5 3684 53 357 53
EA 100 357 2.5 3684 54 357 54
EA 100 357 2.5 3684 54 357 54
EA 100 357 2.5 3684 54 357 54
EA 100 357 2.5 3684 49 357 49
EA 100 357 2.5 3684 54 357 54
EA 100 357 2.5 3684 55 357 55
EA 100 357 2.5 3684 54 357 54
EA 100 357 2.5 3684 57 357 57
EA 100 357 2.5 3684 53 357 53
EA 100 357 2.5 3684 52 357 52
EA 100 357 2.5 3684 53 357 53
EA 100 357 2.5 3684 56 357 56
EA 100 357 2.5 3684 49 357 49
EA 100 357 2.5 3684 52 357 52
EA 100 357 2.5 3684 53 357 53
EA 100 357 2.5 3684 51 357 51
EA 100 357 2.5 3684 52 357 52
EA 100 357 2.5 3684 51 357 51
EA 100 357 2.5 3684 52 357 52
EA 100 357 2.5 3684 51 357 51
EA 100 357 2.5 3684 52 357 52
EA 100 357 2.5 3684 49 357 49
EA 100 357 2.5 3684 52 357 52
EA 100 357 2.5 3684 50 357 50
EA 100 357 2.5 3684 51 357 51
EA 100 357 2.5 3684 56 357 56
EA 100 357 2.5 3684 53 357 53
EA 100 357 2.5 3684 49 357 49
EA 100 357 2.5 3684 53 357 53
EA 100 357 2.5 3684 56 357 56
EA 100 357 2.5 3684 49 357 49
EA 100 357 2.5 3684 53 357 53
EA 100 357 2.5 3684 51 357 51
EA 100 357 2.5 3684 50 357 50
EA 100 357 2.5 3684 50 357 50
EA 100 357 2.5 3684 49 357 49
EA 100 357 2.5 3684 49 357 49
EA 100 357 2.5 3684 51 357 51
EA 100 357 2.5 3684 53 357 53
EA 100 357 2.5 3684 53 357 53
EA 100 357 2.5 3684 49 357 49
EA 100 357 2.5 3684 51 357 51
EA 100 357 2.5 3684 56 357 56
EA 100 357 2.5 3684 54 357 54
EA 100 357 2.5 3684 51 357 51
EA 100 357 2.5 3684 51 357 51
EA 100 357 2.5 3684 53 357 53
EA 100 357 2.5 3684 51 357 51
EA 100 357 2.5 3684 53 357 53
EA 100 357 2.5 3684 51 357 51
EA 100 357 2.5 3684 51 357 51
EA 100 357 2.5 3684 49 357 49
EA 100 357 2.5 3684 51 357 51
EA 100 357 2.5 3684 53 357 53
EA 100 357 2.5 3684 49 357 49
EA 100 357 2.5 3684 51 357 51
EA 100 357 2.5 3684 51 357 51
EA 100 357 2.5 3684 50 357 50
EA 100 357 2.5 3684 55 357 55
EA 100 357 2.5 3684 53 357 53
EA 100 357 2.5 3684 53 357 53
EA 100 357 2.5 3684 57 357 57
EA 100 357 2.5 3684 56 357 56
EA 100 357 2.5 3684 54 357 54
EA 100 357 2.5 3684 53 357 53
EA 100 357 2.5 3684 51 357 51
EA 100 357 2.5 3684 51 357 51
EA 100 357 2.5 3684 54 357 54
EA 100 357 2.5 3684 51 357 51
EA 100 357 2.5 3684 56 357 56
EA 149 637 2.5 5964 89 637 89
EA 149 637 2.5 5964 83 637 83
EA 149 637 2.5 5964 84 637 84
EA 149 637 2.5 5964 82 637 82
EA 149 637 2.5 5964 82 637 82
EA 149 637 2.5 5964 83 637 83
EA 149 637 2.5 5964 82 637 82
EA 149 637 2.5 5964 84 637 84
EA 149 637 2.5 5964 84 637 84
EA 149 637 2.5 5964 84 637 84
EA 149 637 2.5 5964 100 637 100
EA 149 637 2.5 5964 85 637 85
EA 149 637 2.5 5964 81 637 81
EA 149 637 2.5 5964 82 637 82
EA 149 637 2.5 5964 82 637 82
EA 149 637 2.5 5964 82 637 82
EA 149 637 2.5 5964 86 637 86
EA 149 637 2.5 5964 85 637 85
EA 149 637 2.5 5964 83 637 83
EA 149 637 2.5 5964 84 637 84
EA 149 637 2.5 5964 90 637 90
EA 149 637 2.5 5964 83 637 83
EA 149 637 2.5 5964 83 637 83
EA 149 637 2.5 5964 88 637 88
EA 149 637 2.5 5964 83 637 83
EA 149 637 2.5 5964 85 637 85
EA 149 637 2.5 5964 85 637 85
EA 149 637 2.5 5964 83 637 83
EA 149 637 2.5 5964 83 637 83
EA 149 637 2.5 5964 87 637 87
EA 149 637 2.5 5964 84 637 84
EA 149 637 2.5 5964 86 637 86
EA 149 637 2.5 5964 81 637 81
EA 149 637 2.5 5964 83 637 83
EA 149 637 2.5 5964 83 637 83
EA 149 637 2.5 5964 83 637 83
EA 149 637 2.5 5964 82 637 82
EA 149 637 2.5 5964 84 637 84
EA 149 637 2.5 5964 83 637 83
EA 149 637 2.5 5964 83 637 83
EA 149 637 2.5 5964 84 637 84
EA 149 637 2.5 5964 84 637 84
EA 149 637 2.5 5964 85 637 85
EA 149 637 2.5 5964 82 637 82
EA 149 637 2.5 5964 84 637 84
EA 149 637 2.5 5964 86 637 86
EA 149 637 2.5 5964 83 637 83
EA 149 637 2.5 5964 83 637 83
EA 149 637 2.5 5964 84 637 84
EA 149 637 2.5 5964 82 637 82
EA 149 637 2.5 5964 83 637 83
EA 149 637 2.5 5964 83 637 83
EA 149 637 2.5 5964 85 637 85
EA 149 637 2.5 5964 83 637 83
EA 149 637 2.5 5964 83 637 83
EA 149 637 2.5 5964 85 637 85
EA 149 637 2.5 5964 82 637 82
EA 149 637 2.5 5964 84 637 84
EA 149 637 2.5 5964 86 637 86
EA 149 637 2.5 5964 82 637 82
EA 149 637 2.5 5964 83 637 83
EA 149 637 2.5 5964 88 637 88
EA 149 637 2.5 5964 84 637 84
EA 149 637 2.5 5964 84 637 84
EA 149 637 2.5 5964 82 637 82
EA 149 637 2.5 5964 83 637 83
EA 149 637 2.5 5964 83 637 83
EA 149 637 2.5 5964 82 637 82
EA 149 637 2.5 5964 88 637 88
EA 149 637 2.5 5964 88 637 88
EA 149 637 2.5 5964 87 637 87
EA 149 637 2.5 5964 88 637 88
EA 149 637 2.5 5964 85 637 85
EA 149 637 2.5 5964 83 637 83
EA 149 637 2.5 5964 86 637 86
EA 149 637 2.5 5964 84 637 84
EA 149 637 2.5 5964 87 637 87
EA 149 637 2.5 5964 83 637 83
EA 149 637 2.5 5964 100 637 100
EA 149 637 2.5 5964 85 637 85
EA 149 637 2.5 5964 84 637 84
EA 149 637 2.5 5964 81 637 81
EA 149 637 2.5 5964 83 637 83
EA 149 637 2.5 5964 87 637 87
EA 149 637 2.5 5964 84 637 84
EA 149 637 2.5 5964 83 637 83
EA 149 637 2.5 5964 83 637 83
EA 149 637 2.5 5964 84 637 84
EA 149 637 2.5 5964 83 637 83
EA 149 637 2.5 5964 82 637 82
EA 149 637 2.5 5964 82 637 82
EA 149 637 2.5 5964 83 637 83
EA 149 637 2.5 5964 83 637 83
EA 149 637 2.5 5964 82 637 82
EA 149 637 2.5 5964 84 637 84
EA 149 637 2.5 5964 83 637 83
EA 149 637 2.5 5964 84 637 84
EA 149 637 2.5 5964 81 637 81
EA 149 637 2.5 5964 81 637 81
EA 196 829 2.5 8276 113 829 113
EA 196 829 2.5 8276 110 829 110
EA 196 829 2.5 8276 111 829 111
EA 196 829 2.5 8276 111 829 111
EA 196 829 2.5 8276 109 829 109
EA 196 829 2.5 8276 109 829 109
EA 196 829 2.5 8276 109 829 109
EA 196 829 2.5 8276 107 829 107
EA 196 829 2.5 8276 110 829 110
EA 196 829 2.5 8276 107 829 107
EA 196 829 2.5 8276 108 829 108
EA 196 829 2.5 8276 108 829 108
EA 196 829 2.5 8276 111 829 111
EA 196 829 2.5 8276 108 829 108
EA 196 829 2.5 8276 107 829 107
EA 196 829 2.5 8276 115 829 115
EA 196 829 2.5 8276 110 829 110
EA 196 829 2.5 8276 113 829 113
EA 196 829 2.5 8276 109 829 109
EA 196 829 2.5 8276 111 829 111
EA 196 829 2.5 8276 108 829 108
EA 196 829 2.5 8276 115 829 115
EA 196 829 2.5 8276 113 829 113
EA 196 829 2.5 8276 107 829 107
EA 196 829 2.5 8276 108 829 108
EA 196 829 2.5 8276 108 829 108
EA 196 829 2.5 8276 114 829 114
EA 196 829 2.5 8276 111 829 111
EA 196 829 2.5 8276 115 829 115
EA 196 829 2.5 8276 114 829 114
EA 196 829 2.5 8276 108 829 108
EA 196 829 2.5 8276 111 829 111
EA 196 829 2.5 8276 112 829 112
EA 196 829 2.5 8276 112 829 112
EA 196 829 2.5 8276 110 829 110
EA 196 829 2.5 8276 112 829 112
EA 196 829 2.5 8276 117 829 117
EA 196 829 2.5 8276 111 829 111
EA 196 829 2.5 8276 113 829 113
EA 196 829 2.5 8276 111 829 111
EA 196 829 2.5 8276 107 829 107
EA 196 829 2.5 8276 114 829 114
EA 196 829 2.5 8276 115 829 115
EA 196 829 2.5 8276 110 829 110
EA 196 829 2.5 8276 110 829 110
EA 196 829 2.5 8276 110 829 110
EA 196 829 2.5 8276 108 829 108
EA 196 829 2.5 8276 112 829 112
EA 196 829 2.5 8276 114 829 114
EA 196 829 2.5 8276 109 829 109
EA 196 829 2.5 8276 114 829 114
EA 196 829 2.5 8276 108 829 108
EA 196 829 2.5 8276 109 829 109
EA 196 829 2.5 8276 110 829 110
EA 196 829 2.5 8276 112 829 112
EA 196 829 2.5 8276 112 829 112
EA 196 829 2.5 8276 113 829 113
EA 196 829 2.5 8276 114 829 114
EA 196 829 2.5 8276 107 829 107
EA 196 829 2.5 8276 110 829 110
EA 196 829 2.5 8276 117 829 117
EA 196 829 2.5 8276 108 829 108
EA 196 829 2.5 8276 111 829 111
EA 196 829 2.5 8276 110 829 110
EA 196 829 2.5 8276 108 829 108
EA 196 829 2.5 8276 117 829 117
EA 196 829 2.5 8276 115 829 115
EA 196 829 2.5 8276 109 829 109
EA 196 829 2.5 8276 115 829 115
EA 196 829 2.5 8276 109 829 109
EA 196 829 2.5 8276 112 829 112
EA 196 829 2.5 8276 107 829 107
EA 196 829 2.5 8276 120 829 120
EA 196 829 2.5 8276 110 829 110
EA 196 829 2.5 8276 120 829 120
EA 196 829 2.5 8276 107 829 107
EA 196 829 2.5 8276 110 829 110
EA 196 829 2.5 8276 110 829 110
EA 196 829 2.5 8276 108 829 108
EA 196 829 2.5 8276 109 829 109
EA 196 829 2.5 8276 115 829 115
EA 196 829 2.5 8276 109 829 109
EA 196 829 2.5 8276 111 829 111
EA 196 829 2.5 8276 108 829 108
EA 196 829 2.5 8276 112 829 112
EA 196 829 2.5 8276 110 829 110
EA 196 829 2.5 8276 112 829 112
EA 196 829 2.5 8276 111 829 111
EA 196 829 2.5 8276 108 829 108
EA 196 829 2.5 8276 110 829 110
EA 196 829 2.5 8276 110 829 110
EA 196 829 2.5 8276 107 829 107
EA 196 829 2.5 8276 114 829 114
EA 196 829 2.5 8276 108 829 108
EA 196 829 2.5 8276 107 829 107
EA 196 829 2.5 8276 118 829 118
EA 196 829 2.5 8276 112 829 112
EA 196 829 2.5 8276 114 829 114
EA 196 829 2.5 8276 110 829 110
EA 246 1002 2.5 10834 136 1002 136
EA 246 1002 2.5 10834 134 1002 134
EA 246 1002 2.5 10834 135 1002 135
EA 246 1002 2.5 10834 133 1002 133
EA 246 1002 2.5 10834 135 1002 135
EA 246 1002 2.5 10834 141 1002 141
EA 246 1002 2.5 10834 135 1002 135
EA 246 1002 2.5 10834 137 1002 137
EA 246 1002 2.5 10834 132 1002 132
EA 246 1002 2.5 10834 134 1002 134
EA 246 1002 2.5 10834 139 1002 139
EA 246 1002 2.5 10834 141 1002 141
EA 246 1002 2.5 10834 135 1002 135
EA 246 1002 2.5 10834 133 1002 133
EA 246 1002 2.5 10834 136 1002 136
EA 246 1002 2.5 10834 140 1002 140
EA 246 1002 2.5 10834 133 1002 133
EA 246 1002 2.5 10834 134 1002 134
EA 246 1002 2.5 10834 142 1002 142
EA 246 1002 2.5 10834 140 1002 140
EA 246 1002 2.5 10834 132 1002 132
EA 246 1002 2.5 10834 137 1002 137
EA 246 1002 2.5 10834 135 1002 135
EA 246 1002 2.5 10834 137 1002 137
EA 246 1002 2.5 10834 132 1002 132
EA 246 1002 2.5 10834 135 1002 135
EA 246 1002 2.5 10834 142 1002 142
EA 246 1002 2.5 10834 135 1002 135
EA 246 1002 2.5 10834 137 1002 137
EA 246 1002 2.5 10834 147 1002 147
EA 246 1002 2.5 10834 132 1002 132
EA 246 1002 2.5 10834 140 1002 140
EA 246 1002 2.5 10834 140 1002 140
EA 246 1002 2.5 10834 138 1002 138
EA 246 1002 2.5 10834 138 1002 138
EA 246 1002 2.5 10834 134 1002 134
EA 246 1002 2.5 10834 135 1002 135
EA 246 1002 2.5 10834 135 1002 135
EA 246 1002 2.5 10834 140 1002 140
EA 246 1002 2.5 10834 138 1002 138
EA 246 1002 2.5 10834 134 1002 134
EA 246 1002 2.5 10834 141 1002 141
EA 246 1002 2.5 10834 137 1002 137
EA 246 1002 2.5 10834 138 1002 138
EA 246 1002 2.5 10834 141 1002 141
EA 246 1002 2.5 10834 132 1002 132
EA 246 1002 2.5 10834 138 1002 138
EA 246 1002 2.5 10834 136 1002 136
EA 246 1002 2.5 10834 136 1002 136
EA 246 1002 2.5 10834 134 1002 134
EA 246 1002 2.5 10834 139 1002 139
EA 246 1002 2.5 10834 136 1002 136
EA 246 1002 2.5 10834 137 1002 137
EA 246 1002 2.5 10834 136 1002 136
EA 246 1002 2.5 10834 137 1002 137
EA 246 1002 2.5 10834 135 1002 135
EA 246 1002 2.5 10834 134 1002 134
EA 246 1002 2.5 10834 145 1002 145
EA 246 1002 2.5 10834 137 1002 137
EA 246 1002 2.5 10834 133 1002 133
EA 246 1002 2.5 10834 131 1002 131
EA 246 1002 2.5 10834 135 1002 135
EA 246 1002 2.5 10834 135 1002 135
EA 246 1002 2.5 10834 136 1002 136
EA 246 1002 2.5 10834 138 1002 138
EA 246 1002 2.5 10834 142 1002 142
EA 246 1002 2.5 10834 139 1002 139
EA 246 1002 2.5 10834 133 1002 133
EA 246 1002 2.5 10834 136 1002 136
EA 246 1002 2.5 10834 139 1002 139
EA 246 1002 2.5 10834 140 1002 140
EA 246 1002 2.5 10834 139 1002 139
EA 246 1002 2.5 10834 134 1002 134
EA 246 1002 2.5 10834 136 1002 136
EA 246 1002 2.5 10834 141 1002 141
EA 246 1002 2.5 10834 138 1002 138
EA 246 1002 2.5 10834 134 1002 134
EA 246 1002 2.5 10834 140 1002 140
EA 246 1002 2.5 10834 133 1002 133
EA 246 1002 2.5 10834 138 1002 138
EA 246 1002 2.5 10834 136 1002 136
EA 246 1002 2.5 10834 140 1002 140
EA 246 1002 2.5 10834 143 1002 143
EA 246 1002 2.5 10834 136 1002 136
EA 246 1002 2.5 10834 138 1002 138
EA 246 1002 2.5 10834 132 1002 132
EA 246 1002 2.5 10834 140 1002 140
EA 246 1002 2.5 10834 136 1002 136
EA 246 1002 2.5 10834 138 1002 138
EA 246 1002 2.5 10834 139 1002 139
EA 246 1002 2.5 10834 141 1002 141
EA 246 1002 2.5 10834 136 1002 136
EA 246 1002 2.5 10834 138 1002 138
EA 246 1002 2.5 10834 134 1002 134
EA 246 1002 2.5 10834 133 1002 133
EA 246 1002 2.5 10834 140 1002 140
EA 246 1002 2.5 10834 132 1002 132
EA 246 1002 2.5 10834 134 1002 134
EA 246 1002 2.5 10834 142 1002 142
EA 296 1268 2.5 13474 167 1268 167
EA 296 1268 2.5 13474 162 1268 162
EA 296 1268 2.5 13474 165 1268 165
EA 296 1268 2.5 13474 163 1268 163
EA 296 1268 2.5 13474 163 1268 163
EA 296 1268 2.5 13474 161 1268 161
EA 296 1268 2.5 13474 164 1268 164
EA 296 1268 2.5 13474 169 1268 169
EA 296 1268 2.5 13474 165 1268 165
EA 296 1268 2.5 13474 166 1268 166
EA 296 1268 2.5 13474 162 1268 162
EA 296 1268 2.5 13474 159 1268 159
EA 296 1268 2.5 13474 161 1268 161
EA 296 1268 2.5 13474 165 1268 165
EA 296 1268 2.5 13474 158 1268 158
EA 296 1268 2.5 13474 168 1268 168
EA 296 1268 2.5 13474 164 1268 164
EA 296 1268 2.5 13474 156 1268 156
EA 296 1268 2.5 13474 159 1268 159
EA 296 1268 2.5 13474 162 1268 162
EA 296 1268 2.5 13474 169 1268 169
EA 296 1268 2.5 13474 167 1268 167
EA 296 1268 2.5 13474 162 1268 162
EA 296 1268 2.5 13474 165 1268 165
EA 296 1268 2.5 13474 159 1268 159
EA 296 1268 2.5 13474 159 1268 159
EA 296 1268 2.5 13474 170 1268 170
EA 296 1268 2.5 13474 159 1268 159
EA 296 1268 2.5 13474 168 1268 168
EA 296 1268 2.5 13474 162 1268 162
EA 296 1268 2.5 13474 164 1268 164
EA 296 1268 2.5 13474 169 1268 169
EA 296 1268 2.5 13474 167 1268 167
EA 296 1268 2.5 13474 161 1268 161
EA 296 1268 2.5 13474 159 1268 159
EA 296 1268 2.5 13474 161 1268 161
EA 296 1268 2.5 13474 165 1268 165
EA 296 1268 2.5 13474 166 1268 166
EA 296 1268 2.5 13474 165 1268 165
EA 296 1268 2.5 13474 162 1268 162
EA 296 1268 2.5 13474 166 1268 166
EA 296 1268 2.5 13474 161 1268 161
EA 296 1268 2.5 13474 162 1268 162
EA 296 1268 2.5 13474 170 1268 170
EA 296 1268 2.5 13474 159 1268 159
EA 296 1268 2.5 13474 163 1268 163
EA 296 1268 2.5 13474 168 1268 168
EA 296 1268 2.5 13474 159 1268 159
EA 296 1268 2.5 13474 162 1268 162
EA 296 1268 2.5 13474 165 1268 165
EA 296 1268 2.5 13474 163 1268 163
EA 296 1268 2.5 13474 162 1268 162
EA 296 1268 2.5 13474 162 1268 162
EA 296 1268 2.5 13474 158 1268 158
EA 296 1268 2.5 13474 162 1268 162
EA 296 1268 2.5 13474 161 1268 161
EA 296 1268 2.5 13474 159 1268 159
EA 296 1268 2.5 13474 162 1268 162
EA 296 1268 2.5 13474 162 1268 162
EA 296 1268 2.5 13474 166 1268 166
EA 296 1268 2.5 13474 165 1268 165
EA 296 1268 2.5 13474 164 1268 164
EA 296 1268 2.5 13474 160 1268 160
EA 296 1268 2.5 13474 163 1268 163
EA 296 1268 2.5 13474 166 1268 166
EA 296 1268 2.5 13474 163 1268 163
EA 296 1268 2.5 13474 162 1268 162
EA 296 1268 2.5 13474 165 1268 165
EA 296 1268 2.5 13474 161 1268 161
EA 296 1268 2.5 13474 165 1268 165
EA 296 1268 2.5 13474 157 1268 157
EA 296 1268 2.5 13474 161 1268 161
EA 296 1268 2.5 13474 161 1268 161
EA 296 1268 2.5 13474 165 1268 165
EA 296 1268 2.5 13474 165 1268 165
EA 296 1268 2.5 13474 165 1268 165
EA 296 1268 2.5 13474 159 1268 159
EA 296 1268 2.5 13474 162 1268 162
EA 296 1268 2.5 13474 163 1268 163
EA 296 1268 2.5 13474 159 1268 159
EA 296 1268 2.5 13474 164 1268 164
EA 296 1268 2.5 13474 160 1268 160
EA 296 1268 2.5 13474 159 1268 159
EA 296 1268 2.5 13474 165 1268 165
EA 296 1268 2.5 13474 162 1268 162
EA 296 1268 2.5 13474 162 1268 162
EA 296 1268 2.5 13474 166 1268 166
EA 296 1268 2.5 13474 166 1268 166
EA 296 1268 2.5 13474 163 1268 163
EA 296 1268 2.5 13474 164 1268 164
EA 296 1268 2.5 13474 166 1268 166
EA 296 1268 2.5 13474 169 1268 169
EA 296 1268 2.5 13474 165 1268 165
EA 296 1268 2.5 13474 165 1268 165
EA 296 1268 2.5 13474 166 1268 166
EA 296 1268 2.5 13474 163 1268 163
EA 296 1268 2.5 13474 160 1268 160
EA 296 1268 2.5 13474 159 1268 159
EA 296 1268 2.5 13474 161 1268 161
EA 341 1376 2.5 15909 193 1376 193
EA 341 1376 2.5 15909 191 1376 191
EA 341 1376 2.5 15909 189 1376 189
EA 341 1376 2.5 15909 191 1376 191
EA 341 1376 2.5 15909 196 1376 196
EA 341 1376 2.5 15909 190 1376 190
EA 341 1376 2.5 15909 187 1376 187
EA 341 1376 2.5 15909 192 1376 192
EA 341 1376 2.5 15909 190 1376 190
EA 341 1376 2.5 15909 188 1376 188
EA 341 1376 2.5 15909 186 1376 186
EA 341 1376 2.5 15909 196 1376 196
EA 341 1376 2.5 15909 190 1376 190
EA 341 1376 2.5 15909 189 1376 189
EA 341 1376 2.5 15909 191 1376 191
EA 341 1376 2.5 15909 195 1376 195
EA 341 1376 2.5 15909 187 1376 187
EA 341 1376 2.5 15909 195 1376 195
EA 341 1376 2.5 15909 192 1376 192
EA 341 1376 2.5 15909 191 1376 191
EA 341 1376 2.5 15909 187 1376 187
EA 341 1376 2.5 15909 195 1376 195
EA 341 1376 2.5 15909 187 1376 187
EA 341 1376 2.5 15909 193 1376 193
EA 341 1376 2.5 15909 195 1376 195
EA 341 1376 2.5 15909 191 1376 191
EA 341 1376 2.5 15909 187 1376 187
EA 341 1376 2.5 15909 189 1376 189
EA 341 1376 2.5 15909 197 1376 197
EA 341 1376 2.5 15909 190 1376 190
EA 341 1376 2.5 15909 190 1376 190
EA 341 1376 2.5 15909 196 1376 196
EA 341 1376 2.5 15909 193 1376 193
EA 341 1376 2.5 15909 189 1376 189
EA 341 1376 2.5 15909 196 1376 196
EA 341 1376 2.5 15909 184 1376 184
EA 341 1376 2.5 15909 187 1376 187
EA 341 1376 2.5 15909 191 1376 191
EA 341 1376 2.5 15909 196 1376 196
EA 341 1376 2.5 15909 187 1376 187
EA 341 1376 2.5 15909 192 1376 192
EA 341 1376 2.5 15909 190 1376 190
EA 341 1376 2.5 15909 187 1376 187
EA 341 1376 2.5 15909 187 1376 187
EA 341 1376 2.5 15909 187 1376 187
EA 341 1376 2.5 15909 191 1376 191
EA 341 1376 2.5 15909 187 1376 187
EA 341 1376 2.5 15909 187 1376 187
EA 341 1376 2.5 15909 187 1376 187
EA 341 1376 2.5 15909 190 1376 190
EA 341 1376 2.5 15909 192 1376 192
EA 341 1376 2.5 15909 192 1376 192
EA 341 1376 2.5 15909 196 1376 196
EA 341 1376 2.5 15909 189 1376 189
EA 341 1376 2.5 15909 189 1376 189
EA 341 1376 2.5 15909 191 1376 191
EA 341 1376 2.5 15909 193 1376 193
EA 341 1376 2.5 15909 189 1376 189
EA 341 1376 2.5 15909 196 1376 196
EA 341 1376 2.5 15909 192 1376 192
EA 341 1376 2.5 15909 192 1376 192
EA 341 1376 2.5 15909 190 1376 190
EA 341 1376 2.5 15909 190 1376 190
EA 341 1376 2.5 15909 189 1376 189
EA 341 1376 2.5 15909 194 1376 194
EA 341 1376 2.5 15909 190 1376 190
EA 341 1376 2.5 15909 193 1376 193
EA 341 1376 2.5 15909 189 1376 189
EA 341 1376 2.5 15909 191 1376 191
EA 341 1376 2.5 15909 187 1376 187
EA 341 1376 2.5 15909 191 1376 191
EA 341 1376 2.5 15909 195 1376 195
EA 341 1376 2.5 15909 195 1376 195
EA 341 1376 2.5 15909 190 1376 190
EA 341 1376 2.5 15909 194 1376 194
EA 341 1376 2.5 15909 189 1376 189
EA 341 1376 2.5 15909 187 1376 187
EA 341 1376 2.5 15909 190 1376 190
EA 341 1376 2.5 15909 195 1376 195
EA 341 1376 2.5 15909 187 1376 187
EA 341 1376 2.5 15909 195 1376 195
EA 341 1376 2.5 15909 188 1376 188
EA 341 1376 2.5 15909 188 1376 188
EA 341 1376 2.5 15909 192 1376 192
EA 341 1376 2.5 15909 189 1376 189
EA 341 1376 2.5 15909 192 1376 192
EA 341 1376 2.5 15909 193 1376 193
EA 341 1376 2.5 15909 190 1376 190
EA 341 1376 2.5 15909 195 1376 195
EA 341 1376 2.5 15909 200 1376 200
EA 341 1376 2.5 15909 190 1376 190
EA 341 1376 2.5 15909 196 1376 196
EA 341 1376 2.5 15909 191 1376 191
EA 341 1376 2.5 15909 192 1376 192
EA 341 1376 2.5 15909 193 1376 193
EA 341 1376 2.5 15909 196 1376 196
EA 341 1376 2.5 15909 186 1376 186
EA 341 1376 2.5 15909 193 1376 193
EA 341 1376 2.5 15909 187 1376 187
EA 386 1549 2.5 18391 217 1549 217
EA 386 1549 2.5 18391 220 1549 220
EA 386 1549 2.5 18391 216 1549 216
EA 386 1549 2.5 18391 217 1549 217
EA 386 1549 2.5 18391 215 1549 215
EA 386 1549 2.5 18391 214 1549 214
EA 386 1549 2.5 18391 217 1549 217
EA 386 1549 2.5 18391 221 1549 221
EA 386 1549 2.5 18391 217 1549 217
EA 386 1549 2.5 18391 221 1549 221
EA 386 1549 2.5 18391 213 1549 213
EA 386 1549 2.5 18391 220 1549 220
EA 386 1549 2.5 18391 217 1549 217
EA 386 1549 2.5 18391 227 1549 227
EA 386 1549 2.5 18391 222 1549 222
EA 386 1549 2.5 18391 219 1549 219
EA 386 1549 2.5 18391 214 1549 214
EA 386 1549 2.5 18391 217 1549 217
EA 386 1549 2.5 18391 217 1549 217
EA 386 1549 2.5 18391 213 1549 213
EA 386 1549 2.5 18391 214 1549 214
EA 386 1549 2.5 18391 215 1549 215
EA 386 1549 2.5 18391 214 1549 214
EA 386 1549 2.5 18391 219 1549 219
EA 386 1549 2.5 18391 227 1549 227
EA 386 1549 2.5 18391 217 1549 217
EA 386 1549 2.5 18391 220 1549 220
EA 386 1549 2.5 18391 217 1549 217
EA 386 1549 2.5 18391 220 1549 220
EA 386 1549 2.5 18391 218 1549 218
EA 386 1549 2.5 18391 220 1549 220
EA 386 1549 2.5 18391 219 1549 219
EA 386 1549 2.5 18391 210 1549 210
EA 386 1549 2.5 18391 214 1549 214
EA 386 1549 2.5 18391 216 1549 216
EA 386 1549 2.5 18391 217 1549 217
EA 386 1549 2.5 18391 222 1549 222
EA 386 1549 2.5 18391 214 1549 214
EA 386 1549 2.5 18391 220 1549 220
EA 386 1549 2.5 18391 218 1549 218
EA 386 1549 2.5 18391 221 1549 221
EA 386 1549 2.5 18391 213 1549 213
EA 386 1549 2.5 18391 219 1549 219
EA 386 1549 2.5 18391 221 1549 221
EA 386 1549 2.5 18391 218 1549 218
EA 386 1549 2.5 18391 219 1549 219
EA 386 1549 2.5 18391 221 1549 221
EA 386 1549 2.5 18391 218 1549 218
EA 386 1549 2.5 18391 220 1549 220
EA 386 1549 2.5 18391 215 1549 215
EA 386 1549 2.5 18391 222 1549 222
EA 386 1549 2.5 18391 215 1549 215
EA 386 1549 2.5 18391 216 1549 216
EA 386 1549 2.5 18391 213 1549 213
EA 386 1549 2.5 18391 228 1549 228
EA 386 1549 2.5 18391 220 1549 220
EA 386 1549 2.5 18391 220 1549 220
EA 386 1549 2.5 18391 227 1549 227
EA 386 1549 2.5 18391 223 1549 223
EA 386 1549 2.5 18391 219 1549 219
EA 386 1549 2.5 18391 213 1549 213
EA 386 1549 2.5 18391 231 1549 231
EA 386 1549 2.5 18391 215 1549 215
EA 386 1549 2.5 18391 217 1549 217
EA 386 1549 2.5 18391 217 1549 217
EA 386 1549 2.5 18391 220 1549 220
EA 386 1549 2.5 18391 231 1549 231
EA 386 1549 2.5 18391 220 1549 220
EA 386 1549 2.5 18391 215 1549 215
EA 386 1549 2.5 18391 215 1549 215
EA 386 1549 2.5 18391 219 1549 219
EA 386 1549 2.5 18391 223 1549 223
EA 386 1549 2.5 18391 227 1549 227
EA 386 1549 2.5 18391 213 1549 213
EA 386 1549 2.5 18391 218 1549 218
EA 386 1549 2.5 18391 211 1549 211
EA 386 1549 2.5 18391 223 1549 223
EA 386 1549 2.5 18391 221 1549 221
EA 386 1549 2.5 18391 217 1549 217
EA 386 1549 2.5 18391 215 1549 215
EA 386 1549 2.5 18391 220 1549 220
EA 386 1549 2.5 18391 217 1549 217
EA 386 1549 2.5 18391 217 1549 217
EA 386 1549 2.5 18391 218 1549 218
EA 386 1549 2.5 18391 220 1549 220
EA 386 1549 2.5 18391 231 1549 231
EA 386 1549 2.5 18391 219 1549 219
EA 386 1549 2.5 18391 213 1549 213
EA 386 1549 2.5 18391 213 1549 213
EA 386 1549 2.5 18391 230 1549 230
EA 386 1549 2.5 18391 218 1549 218
EA 386 1549 2.5 18391 227 1549 227
EA 386 1549 2.5 18391 217 1549 217
EA 386 1549 2.5 18391 213 1549 213
EA 386 1549 2.5 18391 220 1549 220
EA 386 1549 2.5 18391 215 1549 215
EA 386 1549 2.5 18391 213 1549 213
EA 386 1549 2.5 18391 217 1549 217
EA 386 1549 2.5 18391 214 1549 214
EA 444 1857 2.5 21652 245 1857 245
EA 444 1857 2.5 21652 256 1857 256
EA 444 1857 2.5 21652 251 1857 251
EA 444 1857 2.5 21652 252 1857 252
EA 444 1857 2.5 21652 251 1857 251
EA 444 1857 2.5 21652 248 1857 248
EA 444 1857 2.5 21652 251 1857 251
EA 444 1857 2.5 21652 254 1857 254
EA 444 1857 2.5 21652 248 1857 248
EA 444 1857 2.5 21652 247 1857 247
EA 444 1857 2.5 21652 250 1857 250
EA 444 1857 2.5 21652 258 1857 258
EA 444 1857 2.5 21652 258 1857 258
EA 444 1857 2.5 21652 251 1857 251
EA 444 1857 2.5 21652 251 1857 251
EA 444 1857 2.5 21652 250 1857 250
EA 444 1857 2.5 21652 255 1857 255
EA 444 1857 2.5 21652 242 1857 242
EA 444 1857 2.5 21652 249 1857 249
EA 444 1857 2.5 21652 256 1857 256
EA 444 1857 2.5 21652 243 1857 243
EA 444 1857 2.5 21652 249 1857 249
EA 444 1857 2.5 21652 249 1857 249
EA 444 1857 2.5 21652 244 1857 244
EA 444 1857 2.5 21652 254 1857 254
EA 444 1857 2.5 21652 252 1857 252
EA 444 1857 2.5 21652 243 1857 243
EA 444 1857 2.5 21652 258 1857 258
EA 444 1857 2.5 21652 250 1857 250
EA 444 1857 2.5 21652 251 1857 251
EA 444 1857 2.5 21652 255 1857 255
EA 444 1857 2.5 21652 254 1857 254
EA 444 1857 2.5 21652 257 1857 257
EA 444 1857 2.5 21652 259 1857 259
EA 444 1857 2.5 21652 259 1857 259
EA 444 1857 2.5 21652 256 1857 256
EA 444 1857 2.5 21652 243 1857 243
EA 444 1857 2.5 21652 255 1857 255
EA 444 1857 2.5 21652 257 1857 257
EA 444 1857 2.5 21652 250 1857 250
EA 444 1857 2.5 21652 252 1857 252
EA 444 1857 2.5 21652 246 1857 246
EA 444 1857 2.5 21652 251 1857 251
EA 444 1857 2.5 21652 250 1857 250
EA 444 1857 2.5 21652 252 1857 252
EA 444 1857 2.5 21652 251 1857 251
EA 444 1857 2.5 21652 257 1857 257
EA 444 1857 2.5 21652 251 1857 251
EA 444 1857 2.5 21652 252 1857 252
EA 444 1857 2.5 21652 242 1857 242
EA 444 1857 2.5 21652 255 1857 255
EA 444 1857 2.5 21652 244 1857 244
EA 444 1857 2.5 21652 258 1857 258
EA 444 1857 2.5 21652 259 1857 259
EA 444 1857 2.5 21652 250 1857 250
EA 444 1857 2.5 21652 257 1857 257
EA 444 1857 2.5 21652 250 1857 250
EA 444 1857 2.5 21652 257 1857 257
EA 444 1857 2.5 21652 256 1857 256
EA 444 1857 2.5 21652 251 1857 251
EA 444 1857 2.5 21652 247 1857 247
EA 444 1857 2.5 21652 247 1857 247
EA 444 1857 2.5 21652 251 1857 251
EA 444 1857 2.5 21652 251 1857 251
EA 444 1857 2.5 21652 251 1857 251
EA 444 1857 2.5 21652 246 1857 246
EA 444 1857 2.5 21652 247 1857 247
EA 444 1857 2.5 21652 247 1857 247
EA 444 1857 2.5 21652 254 1857 254
EA 444 1857 2.5 21652 251 1857 251
EA 444 1857 2.5 21652 243 1857 243
EA 444 1857 2.5 21652 246 1857 246
EA 444 1857 2.5 21652 247 1857 247
EA 444 1857 2.5 21652 254 1857 254
EA 444 1857 2.5 21652 239 1857 239
EA 444 1857 2.5 21652 246 1857 246
EA 444 1857 2.5 21652 242 1857 242
EA 444 1857 2.5 21652 249 1857 249
EA 444 1857 2.5 21652 245 1857 245
EA 444 1857 2.5 21652 244 1857 244
EA 444 1857 2.5 21652 247 1857 247
EA 444 1857 2.5 21652 259 1857 259
EA 444 1857 2.5 21652 246 1857 246
EA 444 1857 2.5 21652 249 1857 249
EA 444 1857 2.5 21652 249 1857 249
EA 444 1857 2.5 21652 258 1857 258
EA 444 1857 2.5 21652 254 1857 254
EA 444 1857 2.5 21652 256 1857 256
EA 444 1857 2.5 21652 248 1857 248
EA 444 1857 2.5 21652 247 1857 247
EA 444 1857 2.5 21652 239 1857 239
EA 444 1857 2.5 21652 250 1857 250
EA 444 1857 2.5 21652 251 1857 251
EA 444 1857 2.5 21652 255 1857 255
EA 444 1857 2.5 21652 251 1857 251
EA 444 1857 2.5 21652 247 1857 247
EA 444 1857 2.5 21652 256 1857 256
EA 444 1857 2.5 21652 256 1857 256
EA 444 1857 2.5 21652 250 1857 250
EA 489 2017 2.5 24224 270 2017 270
EA 489 2017 2.5 24224 277 2017 277
EA 489 2017 2.5 24224 279 2017 279
EA 489 2017 2.5 24224 275 2017 275
EA 489 2017 2.5 24224 277 2017 277
EA 489 2017 2.5 24224 279 2017 279
EA 489 2017 2.5 24224 273 2017 273
EA 489 2017 2.5 24224 281 2017 281
EA 489 2017 2.5 24224 276 2017 276
EA 489 2017 2.5 24224 284 2017 284
EA 489 2017 2.5 24224 276 2017 276
EA 489 2017 2.5 24224 272 2017 272
EA 489 2017 2.5 24224 282 2017 282
EA 489 2017 2.5 24224 278 2017 278
EA 489 2017 2.5 24224 278 2017 278
EA 489 2017 2.5 24224 284 2017 284
EA 489 2017 2.5 24224 287 2017 287
EA 489 2017 2.5 24224 277 2017 277
EA 489 2017 2.5 24224 277 2017 277
EA 489 2017 2.5 24224 283 2017 283
EA 489 2017 2.5 24224 281 2017 281
EA 489 2017 2.5 24224 272 2017 272
EA 489 2017 2.5 24224 281 2017 281
EA 489 2017 2.5 24224 278 2017 278
EA 489 2017 2.5 24224 281 2017 281
EA 489 2017 2.5 24224 273 2017 273
EA 489 2017 2.5 24224 272 2017 272
EA 489 2017 2.5 24224 271 2017 271
EA 489 2017 2.5 24224 273 2017 273
EA 489 2017 2.5 24224 274 2017 274
EA 489 2017 2.5 24224 278 2017 278
EA 489 2017 2.5 24224 272 2017 272
EA 489 2017 2.5 24224 270 2017 270
EA 489 2017 2.5 24224 276 2017 276
EA 489 2017 2.5 24224 274 2017 274
EA 489 2017 2.5 24224 287 2017 287
EA 489 2017 2.5 24224 282 2017 282
EA 489 2017 2.5 24224 274 2017 274
EA 489 2017 2.5 24224 274 2017 274
EA 489 2017 2.5 24224 287 2017 287
EA 489 2017 2.5 24224 273 2017 273
EA 489 2017 2.5 24224 283 2017 283
EA 489 2017 2.5 24224 275 2017 275
EA 489 2017 2.5 24224 281 2017 281
EA 489 2017 2.5 24224 281 2017 281
EA 489 2017 2.5 24224 280 2017 280
EA 489 2017 2.5 24224 278 2017 278
EA 489 2017 2.5 24224 279 2017 279
EA 489 2017 2.5 24224 277 2017 277
EA 489 2017 2.5 24224 273 2017 273
EA 489 2017 2.5 24224 281 2017 281
EA 489 2017 2.5 24224 277 2017 277
EA 489 2017 2.5 24224 274 2017 274
EA 489 2017 2.5 24224 279 2017 279
EA 489 2017 2.5 24224 287 2017 287
EA 489 2017 2.5 24224 274 2017 274
EA 489 2017 2.5 24224 284 2017 284
EA 489 2017 2.5 24224 274 2017 274
EA 489 2017 2.5 24224 272 2017 272
EA 489 2017 2.5 24224 272 2017 272
EA 489 2017 2.5 24224 275 2017 275
EA 489 2017 2.5 24224 277 2017 277
EA 489 2017 2.5 24224 279 2017 279
EA 489 2017 2.5 24224 281 2017 281
EA 489 2017 2.5 24224 270 2017 270
EA 489 2017 2.5 24224 284 2017 284
EA 489 2017 2.5 24224 278 2017 278
EA 489 2017 2.5 24224 283 2017 283
EA 489 2017 2.5 24224 280 2017 280
EA 489 2017 2.5 24224 275 2017 275
EA 489 2017 2.5 24224 281 2017 281
EA 489 2017 2.5 24224 272 2017 272
EA 489 2017 2.5 24224 283 2017 283
EA 489 2017 2.5 24224 272 2017 272
EA 489 2017 2.5 24224 277 2017 277
EA 489 2017 2.5 24224 281 2017 281
EA 489 2017 2.5 24224 281 2017 281
EA 489 2017 2.5 24224 276 2017 276
EA 489 2017 2.5 24224 274 2017 274
EA 489 2017 2.5 24224 274 2017 274
EA 489 2017 2.5 24224 276 2017 276
EA 489 2017 2.5 24224 277 2017 277
EA 489 2017 2.5 24224 279 2017 279
EA 489 2017 2.5 24224 281 2017 281
EA 489 2017 2.5 24224 282 2017 282
EA 489 2017 2.5 24224 282 2017 282
EA 489 2017 2.5 24224 277 2017 277
EA 489 2017 2.5 24224 276 2017 276
EA 489 2017 2.5 24224 272 2017 272
EA 489 2017 2.5 24224 275 2017 275
EA 489 2017 2.5 24224 275 2017 275
EA 489 2017 2.5 24224 282 2017 282
EA 489 2017 2.5 24224 277 2017 277
EA 489 2017 2.5 24224 275 2017 275
EA 489 2017 2.5 24224 276 2017 276
EA 489 2017 2.5 24224 276 2017 276
EA 489 2017 2.5 24224 272 2017 272
EA 489 2017 2.5 24224 287 2017 287
EA 489 2017 2.5 24224 277 2017 277
EA 542 2223 2.5 27296 307 2223 307
EA 542 2223 2.5 27296 296 2223 296
EA 542 2223 2.5 27296 290 2223 290
EA 542 2223 2.5 27296 298 2223 298
EA 542 2223 2.5 27296 305 2223 305
EA 542 2223 2.5 27296 299 2223 299
EA 542 2223 2.5 27296 304 2223 304
EA 542 2223 2.5 27296 299 2223 299
EA 542 2223 2.5 27296 302 2223 302
EA 542 2223 2.5 27296 304 2223 304
EA 542 2223 2.5 27296 296 2223 296
EA 542 2223 2.5 27296 298 2223 298
EA 542 2223 2.5 27296 301 2223 301
EA 542 2223 2.5 27296 295 2223 295
EA 542 2223 2.5 27296 294 2223 294
EA 542 2223 2.5 27296 293 2223 293
EA 542 2223 2.5 27296 304 2223 304
EA 542 2223 2.5 27296 305 2223 305
EA 542 2223 2.5 27296 297 2223 297
EA 542 2223 2.5 27296 296 2223 296
EA 542 2223 2.5 27296 293 2223 293
EA 542 2223 2.5 27296 297 2223 297
EA 542 2223 2.5 27296 301 2223 301
EA 542 2223 2.5 27296 291 2223 291
EA 542 2223 2.5 27296 295 2223 295
EA 542 2223 2.5 27296 298 2223 298
EA 542 2223 2.5 27296 312 2223 312
EA 542 2223 2.5 27296 301 2223 301
EA 542 2223 2.5 27296 292 2223 292
EA 542 2223 2.5 27296 296 2223 296
EA 542 2223 2.5 27296 304 2223 304
EA 542 2223 2.5 27296 299 2223 299
EA 542 2223 2.5 27296 312 2223 312
EA 542 2223 2.5 27296 302 2223 302
EA 542 2223 2.5 27296 288 2223 288
EA 542 2223 2.5 27296 297 2223 297
EA 542 2223 2.5 27296 313 2223 313
EA 542 2223 2.5 27296 301 2223 301
EA 542 2223 2.5 27296 305 2223 305
EA 542 2223 2.5 27296 305 2223 305
EA 542 2223 2.5 27296 298 2223 298
EA 542 2223 2.5 27296 297 2223 297
EA 542 2223 2.5 27296 294 2223 294
EA 542 2223 2.5 27296 308 2223 308
EA 542 2223 2.5 27296 292 2223 292
EA 542 2223 2.5 27296 299 2223 299
EA 542 2223 2.5 27296 298 2223 298
EA 542 2223 2.5 27296 310 2223 310
EA 542 2223 2.5 27296 302 2223 302
EA 542 2223 2.5 27296 298 2223 298
EA 542 2223 2.5 27296 298 2223 298
EA 542 2223 2.5 27296 292 2223 292
EA 542 2223 2.5 27296 299 2223 299
EA 542 2223 2.5 27296 313 2223 313
EA 542 2223 2.5 27296 300 2223 300
EA 542 2223 2.5 27296 299 2223 299
EA 542 2223 2.5 27296 298 2223 298
EA 542 2223 2.5 27296 297 2223 297
EA 542 2223 2.5 27296 306 2223 306
EA 542 2223 2.5 27296 294 2223 294
EA 542 2223 2.5 27296 300 2223 300
EA 542 2223 2.5 27296 307 2223 307
EA 542 2223 2.5 27296 307 2223 307
EA 542 2223 2.5 27296 304 2223 304
EA 542 2223 2.5 27296 299 2223 299
EA 542 2223 2.5 27296 309 2223 309
EA 542 2223 2.5 27296 296 2223 296
EA 542 2223 2.5 27296 304 2223 304
EA 542 2223 2.5 27296 299 2223 299
EA 542 2223 2.5 27296 293 2223 293
EA 542 2223 2.5 27296 300 2223 300
EA 542 2223 2.5 27296 301 2223 301
EA 542 2223 2.5 27296 299 2223 299
EA 542 2223 2.5 27296 297 2223 297
EA 542 2223 2.5 27296 301 2223 301
EA 542 2223 2.5 27296 301 2223 301
EA 542 2223 2.5 27296 299 2223 299
EA 542 2223 2.5 27296 292 2223 292
EA 542 2223 2.5 27296 298 2223 298
EA 542 2223 2.5 27296 301 2223 301
EA 542 2223 2.5 27296 313 2223 313
EA 542 2223 2.5 27296 301 2223 301
EA 542 2223 2.5 27296 297 2223 297
EA 542 2223 2.5 27296 293 2223 293
EA 542 2223 2.5 27296 312 2223 312
EA 542 2223 2.5 27296 297 2223 297
EA 542 2223 2.5 27296 313 2223 313
EA 542 2223 2.5 27296 298 2223 298
EA 542 2223 2.5 27296 300 2223 300
EA 542 2223 2.5 27296 301 2223 301
EA 542 2223 2.5 27296 329 2223 329
EA 542 2223 2.5 27296 294 2223 294
EA 542 2223 2.5 27296 302 2223 302
EA 542 2223 2.5 27296 299 2223 299
EA 542 2223 2.5 27296 295 2223 295
EA 542 2223 2.5 27296 301 2223 301
EA 542 2223 2.5 27296 307 2223 307
EA 542 2223 2.5 27296 297 2223 297
EA 542 2223 2.5 27296 300 2223 300
EA 590 2429 2.5 30114 324 2429 324
EA 590 2429 2.5 30114 325 2429 325
EA 590 2429 2.5 30114 328 2429 328
EA 590 2429 2.5 30114 324 2429 324
EA 590 2429 2.5 30114 324 2429 324
EA 590 2429 2.5 30114 331 2429 331
EA 590 2429 2.5 30114 330 2429 330
EA 590 2429 2.5 30114 323 2429 323
EA 590 2429 2.5 30114 328 2429 328
EA 590 2429 2.5 30114 326 2429 326
EA 590 2429 2.5 30114 320 2429 320
EA 590 2429 2.5 30114 325 2429 325
EA 590 2429 2.5 30114 323 2429 323
EA 590 2429 2.5 30114 321 2429 321
EA 590 2429 2.5 30114 335 2429 335
EA 590 2429 2.5 30114 321 2429 321
EA 590 2429 2.5 30114 323 2429 323
EA 590 2429 2.5 30114 324 2429 324
EA 590 2429 2.5 30114 335 2429 335
EA 590 2429 2.5 30114 334 2429 334
EA 590 2429 2.5 30114 325 2429 325
EA 590 2429 2.5 30114 326 2429 326
EA 590 2429 2.5 30114 326 2429 326
EA 590 2429 2.5 30114 326 2429 326
EA 590 2429 2.5 30114 326 2429 326
EA 590 2429 2.5 30114 336 2429 336
EA 590 2429 2.5 30114 329 2429 329
EA 590 2429 2.5 30114 331 2429 331
EA 590 2429 2.5 30114 329 2429 329
EA 590 2429 2.5 30114 327 2429 327
EA 590 2429 2.5 30114 334 2429 334
EA 590 2429 2.5 30114 325 2429 325
EA 590 2429 2.5 30114 331 2429 331
EA 590 2429 2.5 30114 321 2429 321
EA 590 2429 2.5 30114 324 2429 324
EA 590 2429 2.5 30114 321 2429 321
EA 590 2429 2.5 30114 329 2429 329
EA 590 2429 2.5 30114 323 2429 323
EA 590 2429 2.5 30114 323 2429 323
EA 590 2429 2.5 30114 332 2429 332
EA 590 2429 2.5 30114 320 2429 320
EA 590 2429 2.5 30114 334 2429 334
EA 590 2429 2.5 30114 321 2429 321
EA 590 2429 2.5 30114 326 2429 326
EA 590 2429 2.5 30114 338 2429 338
EA 590 2429 2.5 30114 325 2429 325
EA 590 2429 2.5 30114 322 2429 322
EA 590 2429 2.5 30114 328 2429 328
EA 590 2429 2.5 30114 329 2429 329
EA 590 2429 2.5 30114 325 2429 325
EA 590 2429 2.5 30114 324 2429 324
EA 590 2429 2.5 30114 326 2429 326
EA 590 2429 2.5 30114 317 2429 317
EA 590 2429 2.5 30114 334 2429 334
EA 590 2429 2.5 30114 335 2429 335
EA 590 2429 2.5 30114 328 2429 328
EA 590 2429 2.5 30114 320 2429 320
EA 590 2429 2.5 30114 325 2429 325
EA 590 2429 2.5 30114 324 2429 324
EA 590 2429 2.5 30114 322 2429 322
EA 590 2429 2.5 30114 330 2429 330
EA 590 2429 2.5 30114 323 2429 323
EA 590 2429 2.5 30114 328 2429 328
EA 590 2429 2.5 30114 332 2429 332
EA 590 2429 2.5 30114 320 2429 320
EA 590 2429 2.5 30114 327 2429 327
EA 590 2429 2.5 30114 330 2429 330
EA 590 2429 2.5 30114 330 2429 330
EA 590 2429 2.5 30114 332 2429 332
EA 590 2429 2.5 30114 326 2429 326
EA 590 2429 2.5 30114 322 2429 322
EA 590 2429 2.5 30114 329 2429 329
EA 590 2429 2.5 30114 326 2429 326
EA 590 2429 2.5 30114 326 2429 326
EA 590 2429 2.5 30114 332 2429 332
EA 590 2429 2.5 30114 325 2429 325
EA 590 2429 2.5 30114 329 2429 329
EA 590 2429 2.5 30114 322 2429 322
EA 590 2429 2.5 30114 330 2429 330
EA 590 2429 2.5 30114 332 2429 332
EA 590 2429 2.5 30114 327 2429 327
EA 590 2429 2.5 30114 328 2429 328
EA 590 2429 2.5 30114 319 2429 319
EA 590 2429 2.5 30114 326 2429 326
EA 590 2429 2.5 30114 327 2429 327
EA 590 2429 2.5 30114 326 2429 326
EA 590 2429 2.5 30114 325 2429 325
EA 590 2429 2.5 30114 323 2429 323
EA 590 2429 2.5 30114 329 2429 329
EA 590 2429 2.5 30114 327 2429 327
EA 590 2429 2.5 30114 326 2429 326
EA 590 2429 2.5 30114 326 2429 326
EA 590 2429 2.5 30114 327 2429 327
EA 590 2429 2.5 30114 326 2429 326
EA 590 2429 2.5 30114 323 2429 323
EA 590 2429 2.5 30114 328 2429 328
EA 590 2429 2.5 30114 323 2429 323
EA 590 2429 2.5 30114 326 2429 326
EA 590 2429 2.5 30114 328 2429 328
EA 626 2515 2.5 32248 348 2515 348
EA 626 2515 2.5 32248 354 2515 354
EA 626 2515 2.5 32248 350 2515 350
EA 626 2515 2.5 32248 354 2515 354
EA 626 2515 2.5 32248 349 2515 349
EA 626 2515 2.5 32248 364 2515 364
EA 626 2515 2.5 32248 354 2515 354
EA 626 2515 2.5 32248 359 2515 359
EA 626 2515 2.5 32248 354 2515 354
EA 626 2515 2.5 32248 355 2515 355
EA 626 2515 2.5 32248 359 2515 359
EA 626 2515 2.5 32248 359 2515 359
EA 626 2515 2.5 32248 356 2515 356
EA 626 2515 2.5 32248 358 2515 358
EA 626 2515 2.5 32248 353 2515 353
EA 626 2515 2.5 32248 354 2515 354
EA 626 2515 2.5 32248 352 2515 352
EA 626 2515 2.5 32248 350 2515 350
EA 626 2515 2.5 32248 360 2515 360
EA 626 2515 2.5 32248 354 2515 354
EA 626 2515 2.5 32248 360 2515 360
EA 626 2515 2.5 32248 350 2515 350
EA 626 2515 2.5 32248 352 2515 352
EA 626 2515 2.5 32248 363 2515 363
EA 626 2515 2.5 32248 348 2515 348
EA 626 2515 2.5 32248 353 2515 353
EA 626 2515 2.5 32248 354 2515 354
EA 626 2515 2.5 32248 353 2515 353
EA 626 2515 2.5 32248 354 2515 354
EA 626 2515 2.5 32248 349 2515 349
EA 626 2515 2.5 32248 349 2515 349
EA 626 2515 2.5 32248 355 2515 355
EA 626 2515 2.5 32248 364 2515 364
EA 626 2515 2.5 32248 357 2515 357
EA 626 2515 2.5 32248 349 2515 349
EA 626 2515 2.5 32248 356 2515 356
EA 626 2515 2.5 32248 358 2515 358
EA 626 2515 2.5 32248 351 2515 351
EA 626 2515 2.5 32248 348 2515 348
EA 626 2515 2.5 32248 353 2515 353
EA 626 2515 2.5 32248 348 2515 348
EA 626 2515 2.5 32248 360 2515 360
EA 626 2515 2.5 32248 359 2515 359
EA 626 2515 2.5 32248 356 2515 356
EA 626 2515 2.5 32248 359 2515 359
EA 626 2515 2.5 32248 354 2515 354
EA 626 2515 2.5 32248 351 2515 351
EA 626 2515 2.5 32248 349 2515 349
EA 626 2515 2.5 32248 357 2515 357
EA 626 2515 2.5 32248 346 2515 346
EA 626 2515 2.5 32248 352 2515 352
EA 626 2515 2.5 32248 357 2515 357
EA 626 2515 2.5 32248 349 2515 349
EA 626 2515 2.5 32248 355 2515 355
EA 626 2515 2.5 32248 360 2515 360
EA 626 2515 2.5 32248 357 2515 357
EA 626 2515 2.5 32248 354 2515 354
EA 626 2515 2.5 32248 354 2515 354
EA 626 2515 2.5 32248 355 2515 355
EA 626 2515 2.5 32248 348 2515 348
EA 626 2515 2.5 32248 355 2515 355
EA 626 2515 2.5 32248 354 2515 354
EA 626 2515 2.5 32248 362 2515 362
EA 626 2515 2.5 32248 355 2515 355
EA 626 2515 2.5 32248 353 2515 353
EA 626 2515 2.5 32248 347 2515 347
EA 626 2515 2.5 32248 351 2515 351
EA 626 2515 2.5 32248 347 2515 347
EA 626 2515 2.5 32248 354 2515 354
EA 626 2515 2.5 32248 359 2515 359
EA 626 2515 2.5 32248 356 2515 356
EA 626 2515 2.5 32248 347 2515 347
EA 626 2515 2.5 32248 355 2515 355
EA 626 2515 2.5 32248 357 2515 357
EA 626 2515 2.5 32248 356 2515 356
EA 626 2515 2.5 32248 351 2515 351
EA 626 2515 2.5 32248 356 2515 356
EA 626 2515 2.5 32248 351 2515 351
EA 626 2515 2.5 32248 354 2515 354
EA 626 2515 2.5 32248 355 2515 355
EA 626 2515 2.5 32248 360 2515 360
EA 626 2515 2.5 32248 357 2515 357
EA 626 2515 2.5 32248 353 2515 353
EA 626 2515 2.5 32248 359 2515 359
EA 626 2515 2.5 32248 362 2515 362
EA 626 2515 2.5 32248 345 2515 345
EA 626 2515 2.5 32248 345 2515 345
EA 626 2515 2.5 32248 353 2515 353
EA 626 2515 2.5 32248 355 2515 355
EA 626 2515 2.5 32248 355 2515 355
EA 626 2515 2.5 32248 354 2515 354
EA 626 2515 2.5 32248 360 2515 360
EA 626 2515 2.5 32248 360 2515 360
EA 626 2515 2.5 32248 352 2515 352
EA 626 2515 2.5 32248 356 2515 356
EA 626 2515 2.5 32248 355 2515 355
EA 626 2515 2.5 32248 362 2515 362
EA 626 2515 2.5 32248 350 2515 350
EA 626 2515 2.5 32248 354 2515 354
EA 673 2842 2.5 35059 389 2842 389
EA 673 2842 2.5 35059 380 2842 380
EA 673 2842 2.5 35059 389 2842 389
EA 673 2842 2.5 35059 387 2842 387
EA 673 2842 2.5 35059 380 2842 380
EA 673 2842 2.5 35059 377 2842 377
EA 673 2842 2.5 35059 384 2842 384
EA 673 2842 2.5 35059 378 2842 378
EA 673 2842 2.5 35059 392 2842 392
EA 673 2842 2.5 35059 378 2842 378
EA 673 2842 2.5 35059 377 2842 377
EA 673 2842 2.5 35059 375 2842 375
EA 673 2842 2.5 35059 381 2842 381
EA 673 2842 2.5 35059 381 2842 381
EA 673 2842 2.5 35059 379 2842 379
EA 673 2842 2.5 35059 381 2842 381
EA 673 2842 2.5 35059 378 2842 378
EA 673 2842 2.5 35059 387 2842 387
EA 673 2842 2.5 35059 385 2842 385
EA 673 2842 2.5 35059 391 2842 391
EA 673 2842 2.5 35059 397 2842 397
EA 673 2842 2.5 35059 384 2842 384
EA 673 2842 2.5 35059 386 2842 386
EA 673 2842 2.5 35059 380 2842 380
EA 673 2842 2.5 35059 385 2842 385
EA 673 2842 2.5 35059 379 2842 379
EA 673 2842 2.5 35059 379 2842 379
EA 673 2842 2.5 35059 381 2842 381
EA 673 2842 2.5 35059 392 2842 392
EA 673 2842 2.5 35059 385 2842 385
EA 673 2842 2.5 35059 378 2842 378
EA 673 2842 2.5 35059 384 2842 384
EA 673 2842 2.5 35059 397 2842 397
EA 673 2842 2.5 35059 389 2842 389
EA 673 2842 2.5 35059 390 2842 390
EA 673 2842 2.5 35059 381 2842 381
EA 673 2842 2.5 35059 381 2842 381
EA 673 2842 2.5 35059 380 2842 380
EA 673 2842 2.5 35059 381 2842 381
EA 673 2842 2.5 35059 389 2842 389
EA 673 2842 2.5 35059 391 2842 391
EA 673 2842 2.5 35059 377 2842 377
EA 673 2842 2.5 35059 381 2842 381
EA 673 2842 2.5 35059 380 2842 380
EA 673 2842 2.5 35059 387 2842 387
EA 673 2842 2.5 35059 379 2842 379
EA 673 2842 2.5 35059 392 2842 392
EA 673 2842 2.5 35059 388 2842 388
EA 673 2842 2.5 35059 380 2842 380
EA 673 2842 2.5 35059 387 2842 387
EA 673 2842 2.5 35059 378 2842 378
EA 673 2842 2.5 35059 375 2842 375
EA 673 2842 2.5 35059 391 2842 391
EA 673 2842 2.5 35059 373 2842 373
EA 673 2842 2.5 35059 380 2842 380
EA 673 2842 2.5 35059 377 2842 377
EA 673 2842 2.5 35059 381 2842 381
EA 673 2842 2.5 35059 382 2842 382
EA 673 2842 2.5 35059 390 2842 390
EA 673 2842 2.5 35059 387 2842 387
EA 673 2842 2.5 35059 384 2842 384
EA 673 2842 2.5 35059 388 2842 388
EA 673 2842 2.5 35059 380 2842 380
EA 673 2842 2.5 35059 389 2842 389
EA 673 2842 2.5 35059 391 2842 391
EA 673 2842 2.5 35059 384 2842 384
EA 673 2842 2.5 35059 379 2842 379
EA 673 2842 2.5 35059 380 2842 380
EA 673 2842 2.5 35059 381 2842 381
EA 673 2842 2.5 35059 381 2842 381
EA 673 2842 2.5 35059 386 2842 386
EA 673 2842 2.5 35059 387 2842 387
EA 673 2842 2.5 35059 378 2842 378
EA 673 2842 2.5 35059 384 2842 384
EA 673 2842 2.5 35059 389 2842 389
EA 673 2842 2.5 35059 391 2842 391
EA 673 2842 2.5 35059 379 2842 379
EA 673 2842 2.5 35059 390 2842 390
EA 673 2842 2.5 35059 381 2842 381
EA 673 2842 2.5 35059 386 2842 386
EA 673 2842 2.5 35059 385 2842 385
EA 673 2842 2.5 35059 381 2842 381
EA 673 2842 2.5 35059 378 2842 378
EA 673 2842 2.5 35059 386 2842 386
EA 673 2842 2.5 35059 383 2842 383
EA 673 2842 2.5 35059 379 2842 379
EA 673 2842 2.5 35059 384 2842 384
EA 673 2842 2.5 35059 379 2842 379
EA 673 2842 2.5 35059 389 2842 389
EA 673 2842 2.5 35059 388 2842 388
EA 673 2842 2.5 35059 379 2842 379
EA 673 2842 2.5 35059 377 2842 377
EA 673 2842 2.5 35059 383 2842 383
EA 673 2842 2.5 35059 391 2842 391
EA 673 2842 2.5 35059 380 2842 380
EA 673 2842 2.5 35059 387 2842 387
EA 673 2842 2.5 35059 381 2842 381
EA 673 2842 2.5 35059 383 2842 383
EA 673 2842 2.5 35059 387 2842 387
EA 718 2986 2.5 37775 400 2986 400
EA 718 2986 2.5 37775 406 2986 406
EA 718 2986 2.5 37775 398 2986 398
EA 718 2986 2.5 37775 399 2986 399
EA 718 2986 2.5 37775 397 2986 397
EA 718 2986 2.5 37775 407 2986 407
EA 718 2986 2.5 37775 406 2986 406
EA 718 2986 2.5 37775 411 2986 411
EA 718 2986 2.5 37775 408 2986 408
EA 718 2986 2.5 37775 397 2986 397
EA 718 2986 2.5 37775 405 2986 405
EA 718 2986 2.5 37775 404 2986 404
EA 718 2986 2.5 37775 405 2986 405
EA 718 2986 2.5 37775 403 2986 403
EA 718 2986 2.5 37775 401 2986 401
EA 718 2986 2.5 37775 404 2986 404
EA 718 2986 2.5 37775 399 2986 399
EA 718 2986 2.5 37775 397 2986 397
EA 718 2986 2.5 37775 401 2986 401
EA 718 2986 2.5 37775 401 2986 401
EA 718 2986 2.5 37775 408 2986 408
EA 718 2986 2.5 37775 408 2986 408
EA 718 2986 2.5 37775 409 2986 409
EA 718 2986 2.5 37775 412 2986 412
EA 718 2986 2.5 37775 405 2986 405
EA 718 2986 2.5 37775 406 2986 406
EA 718 2986 2.5 37775 410 2986 410
EA 718 2986 2.5 37775 406 2986 406
EA 718 2986 2.5 37775 408 2986 408
EA 718 2986 2.5 37775 419 2986 419
EA 718 2986 2.5 37775 405 2986 405
EA 718 2986 2.5 37775 400 2986 400
EA 718 2986 2.5 37775 406 2986 406
EA 718 2986 2.5 37775 406 2986 406
EA 718 2986 2.5 37775 422 2986 422
EA 718 2986 2.5 37775 417 2986 417
EA 718 2986 2.5 37775 401 2986 401
EA 718 2986 2.5 37775 397 2986 397
EA 718 2986 2.5 37775 397 2986 397
EA 718 2986 2.5 37775 400 2986 400
EA 718 2986 2.5 37775 394 2986 394
EA 718 2986 2.5 37775 403 2986 403
EA 718 2986 2.5 37775 400 2986 400
EA 718 2986 2.5 37775 408 2986 408
EA 718 2986 2.5 37775 400 2986 400
EA 718 2986 2.5 37775 414 2986 414
EA 718 2986 2.5 37775 408 2986 408
EA 718 2986 2.5 37775 401 2986 401
EA 718 2986 2.5 37775 414 2986 414
EA 718 2986 2.5 37775 411 2986 411
EA 718 2986 2.5 37775 409 2986 409
EA 718 2986 2.5 37775 395 2986 395
EA 718 2986 2.5 37775 403 2986 403
EA 718 2986 2.5 37775 400 2986 400
EA 718 2986 2.5 37775 401 2986 401
EA 718 2986 2.5 37775 408 2986 408
EA 718 2986 2.5 37775 409 2986 409
EA 718 2986 2.5 37775 405 2986 405
EA 718 2986 2.5 37775 414 2986 414
EA 718 2986 2.5 37775 408 2986 408
EA 718 2986 2.5 37775 407 2986 407
EA 718 2986 2.5 37775 403 2986 403
EA 718 2986 2.5 37775 395 2986 395
EA 718 2986 2.5 37775 404 2986 404
EA 718 2986 2.5 37775 402 2986 402
EA 718 2986 2.5 37775 404 2986 404
EA 718 2986 2.5 37775 404 2986 404
EA 718 2986 2.5 37775 410 2986 410
EA 718 2986 2.5 37775 417 2986 417
EA 718 2986 2.5 37775 407 2986 407
EA 718 2986 2.5 37775 417 2986 417
EA 718 2986 2.5 37775 414 2986 414
EA 718 2986 2.5 37775 405 2986 405
EA 718 2986 2.5 37775 400 2986 400
EA 718 2986 2.5 37775 402 2986 402
EA 718 2986 2.5 37775 404 2986 404
EA 718 2986 2.5 37775 420 2986 420
EA 718 2986 2.5 37775 403 2986 403
EA 718 2986 2.5 37775 399 2986 399
EA 718 2986 2.5 37775 400 2986 400
EA 718 2986 2.5 37775 412 2986 412
EA 718 2986 2.5 37775 401 2986 401
EA 718 2986 2.5 37775 402 2986 402
EA 718 2986 2.5 37775 414 2986 414
EA 718 2986 2.5 37775 409 2986 409
EA 718 2986 2.5 37775 411 2986 411
EA 718 2986 2.5 37775 408 2986 408
EA 718 2986 2.5 37775 401 2986 401
EA 718 2986 2.5 37775 408 2986 408
EA 718 2986 2.5 37775 413 2986 413
EA 718 2986 2.5 37775 399 2986 399
EA 718 2986 2.5 37775 414 2986 414
EA 718 2986 2.5 37775 415 2986 415
EA 718 2986 2.5 37775 411 2986 411
EA 718 2986 2.5 37775 399 2986 399
EA 718 2986 2.5 37775 409 2986 409
EA 718 2986 2.5 37775 412 2986 412
EA 718 2986 2.5 37775 412 2986 412
EA 718 2986 2.5 37775 404 2986 404
EA 761 3122 2.5 40391 435 3122 435
EA 761 3122 2.5 40391 430 3122 430
EA 761 3122 2.5 40391 430 3122 430
EA 761 3122 2.5 40391 426 3122 426
EA 761 3122 2.5 40391 426 3122 426
EA 761 3122 2.5 40391 441 3122 441
EA 761 3122 2.5 40391 432 3122 432
EA 761 3122 2.5 40391 433 3122 433
EA 761 3122 2.5 40391 428 3122 428
EA 761 3122 2.5 40391 426 3122 426
EA 761 3122 2.5 40391 435 3122 435
EA 761 3122 2.5 40391 432 3122 432
EA 761 3122 2.5 40391 430 3122 430
EA 761 3122 2.5 40391 430 3122 430
EA 761 3122 2.5 40391 431 3122 431
EA 761 3122 2.5 40391 430 3122 430
EA 761 3122 2.5 40391 441 3122 441
EA 761 3122 2.5 40391 427 3122 427
EA 761 3122 2.5 40391 429 3122 429
EA 761 3122 2.5 40391 433 3122 433
EA 761 3122 2.5 40391 428 3122 428
EA 761 3122 2.5 40391 431 3122 431
EA 761 3122 2.5 40391 424 3122 424
EA 761 3122 2.5 40391 428 3122 428
EA 761 3122 2.5 40391 445 3122 445
EA 761 3122 2.5 40391 429 3122 429
EA 761 3122 2.5 40391 431 3122 431
EA 761 3122 2.5 40391 435 3122 435
EA 761 3122 2.5 40391 425 3122 425
EA 761 3122 2.5 40391 432 3122 432
EA 761 3122 2.5 40391 433 3122 433
EA 761 3122 2.5 40391 432 3122 432
EA 761 3122 2.5 40391 435 3122 435
EA 761 3122 2.5 40391 442 3122 442
EA 761 3122 2.5 40391 433 3122 433
EA 761 3122 2.5 40391 439 3122 439
EA 761 3122 2.5 40391 427 3122 427
EA 761 3122 2.5 40391 428 3122 428
EA 761 3122 2.5 40391 437 3122 437
EA 761 3122 2.5 40391 430 3122 430
EA 761 3122 2.5 40391 438 3122 438
EA 761 3122 2.5 40391 427 3122 427
EA 761 3122 2.5 40391 432 3122 432
EA 761 3122 2.5 40391 429 3122 429
EA 761 3122 2.5 40391 433 3122 433
EA 761 3122 2.5 40391 438 3122 438
EA 761 3122 2.5 40391 424 3122 424
EA 761 3122 2.5 40391 427 3122 427
EA 761 3122 2.5 40391 435 3122 435
EA 761 3122 2.5 40391 429 3122 429
EA 761 3122 2.5 40391 429 3122 429
EA 761 3122 2.5 40391 431 3122 431
EA 761 3122 2.5 40391 426 3122 426
EA 761 3122 2.5 40391 437 3122 437
EA 761 3122 2.5 40391 435 3122 435
EA 761 3122 2.5 40391 432 3122 432
EA 761 3122 2.5 40391 430 3122 430
EA 761 3122 2.5 40391 428 3122 428
EA 761 3122 2.5 40391 430 3122 430
EA 761 3122 2.5 40391 444 3122 444
EA 761 3122 2.5 40391 433 3122 433
EA 761 3122 2.5 40391 435 3122 435
EA 761 3122 2.5 40391 435 3122 435
EA 761 3122 2.5 40391 444 3122 444
EA 761 3122 2.5 40391 435 3122 435
EA 761 3122 2.5 40391 436 3122 436
EA 761 3122 2.5 40391 432 3122 432
EA 761 3122 2.5 40391 435 3122 435
EA 761 3122 2.5 40391 434 3122 434
EA 761 3122 2.5 40391 442 3122 442
EA 761 3122 2.5 40391 426 3122 426
EA 761 3122 2.5 40391 433 3122 433
EA 761 3122 2.5 40391 423 3122 423
EA 761 3122 2.5 40391 424 3122 424
EA 761 3122 2.5 40391 430 3122 430
EA 761 3122 2.5 40391 432 3122 432
EA 761 3122 2.5 40391 426 3122 426
EA 761 3122 2.5 40391 430 3122 430
EA 761 3122 2.5 40391 429 3122 429
EA 761 3122 2.5 40391 430 3122 430
EA 761 3122 2.5 40391 431 3122 431
EA 761 3122 2.5 40391 428 3122 428
EA 761 3122 2.5 40391 444 3122 444
EA 761 3122 2.5 40391 431 3122 431
EA 761 3122 2.5 40391 432 3122 432
EA 761 3122 2.5 40391 435 3122 435
EA 761 3122 2.5 40391 435 3122 435
EA 761 3122 2.5 40391 432 3122 432
EA 761 3122 2.5 40391 441 3122 441
EA 761 3122 2.5 40391 433 3122 433
EA 761 3122 2.5 40391 430 3122 430
EA 761 3122 2.5 40391 441 3122 441
EA 761 3122 2.5 40391 430 3122 430
EA 761 3122 2.5 40391 432 3122 432
EA 761 3122 2.5 40391 424 3122 424
EA 761 3122 2.5 40391 433 3122 433
EA 761 3122 2.5 40391 428 3122 428
EA 761 3122 2.5 40391 429 3122 429
EA 761 3122 2.5 40391 435 3122 435
EA 810 3239 2.5 43396 450 3239 450
EA 810 3239 2.5 43396 458 3239 458
EA 810 3239 2.5 43396 461 3239 461
EA 810 3239 2.5 43396 461 3239 461
EA 810 3239 2.5 43396 464 3239 464
EA 810 3239 2.5 43396 455 3239 455
EA 810 3239 2.5 43396 453 3239 453
EA 810 3239 2.5 43396 453 3239 453
EA 810 3239 2.5 43396 471 3239 471
EA 810 3239 2.5 43396 473 3239 473
EA 810 3239 2.5 43396 457 3239 457
EA 810 3239 2.5 43396 455 3239 455
EA 810 3239 2.5 43396 464 3239 464
EA 810 3239 2.5 43396 448 3239 448
EA 810 3239 2.5 43396 455 3239 455
EA 810 3239 2.5 43396 461 3239 461
EA 810 3239 2.5 43396 448 3239 448
EA 810 3239 2.5 43396 445 3239 445
EA 810 3239 2.5 43396 462 3239 462
EA 810 3239 2.5 43396 457 3239 457
EA 810 3239 2.5 43396 461 3239 461
EA 810 3239 2.5 43396 450 3239 450
EA 810 3239 2.5 43396 459 3239 459
EA 810 3239 2.5 43396 453 3239 453
EA 810 3239 2.5 43396 457 3239 457
EA 810 3239 2.5 43396 453 3239 453
EA 810 3239 2.5 43396 472 3239 472
EA 810 3239 2.5 43396 454 3239 454
EA 810 3239 2.5 43396 458 3239 458
EA 810 3239 2.5 43396 448 3239 448
EA 810 3239 2.5 43396 454 3239 454
EA 810 3239 2.5 43396 455 3239 455
EA 810 3239 2.5 43396 445 3239 445
EA 810 3239 2.5 43396 461 3239 461
EA 810 3239 2.5 43396 461 3239 461
EA 810 3239 2.5 43396 450 3239 450
EA 810 3239 2.5 43396 460 3239 460
EA 810 3239 2.5 43396 457 3239 457
EA 810 3239 2.5 43396 458 3239 458
EA 810 3239 2.5 43396 456 3239 456
EA 810 3239 2.5 43396 472 3239 472
EA 810 3239 2.5 43396 457 3239 457
EA 810 3239 2.5 43396 453 3239 453
EA 810 3239 2.5 43396 458 3239 458
EA 810 3239 2.5 43396 464 3239 464
EA 810 3239 2.5 43396 459 3239 459
EA 810 3239 2.5 43396 454 3239 454
EA 810 3239 2.5 43396 458 3239 458
EA 810 3239 2.5 43396 459 3239 459
EA 810 3239 2.5 43396 458 3239 458
EA 810 3239 2.5 43396 460 3239 460
EA 810 3239 2.5 43396 462 3239 462
EA 810 3239 2.5 43396 461 3239 461
EA 810 3239 2.5 43396 447 3239 447
EA 810 3239 2.5 43396 447 3239 447
EA 810 3239 2.5 43396 458 3239 458
EA 810 3239 2.5 43396 465 3239 465
EA 810 3239 2.5 43396 457 3239 457
EA 810 3239 2.5 43396 458 3239 458
EA 810 3239 2.5 43396 454 3239 454
EA 810 3239 2.5 43396 458 3239 458
EA 810 3239 2.5 43396 471 3239 471
EA 810 3239 2.5 43396 464 3239 464
EA 810 3239 2.5 43396 454 3239 454
EA 810 3239 2.5 43396 460 3239 460
EA 810 3239 2.5 43396 452 3239 452
EA 810 3239 2.5 43396 461 3239 461
EA 810 3239 2.5 43396 456 3239 456
EA 810 3239 2.5 43396 472 3239 472
EA 810 3239 2.5 43396 451 3239 451
EA 810 3239 2.5 43396 454 3239 454
EA 810 3239 2.5 43396 453 3239 453
EA 810 3239 2.5 43396 450 3239 450
EA 810 3239 2.5 43396 450 3239 450
EA 810 3239 2.5 43396 458 3239 458
EA 810 3239 2.5 43396 461 3239 461
EA 810 3239 2.5 43396 473 3239 473
EA 810 3239 2.5 43396 472 3239 472
EA 810 3239 2.5 43396 458 3239 458
EA 810 3239 2.5 43396 455 3239 455
EA 810 3239 2.5 43396 446 3239 446
EA 810 3239 2.5 43396 464 3239 464
EA 810 3239 2.5 43396 454 3239 454
EA 810 3239 2.5 43396 455 3239 455
EA 810 3239 2.5 43396 457 3239 457
EA 810 3239 2.5 43396 455 3239 455
EA 810 3239 2.5 43396 452 3239 452
EA 810 3239 2.5 43396 450 3239 450
EA 810 3239 2.5 43396 458 3239 458
EA 810 3239 2.5 43396 452 3239 452
EA 810 3239 2.5 43396 473 3239 473
EA 810 3239 2.5 43396 452 3239 452
EA 810 3239 2.5 43396 459 3239 459
EA 810 3239 2.5 43396 454 3239 454
EA 810 3239 2.5 43396 458 3239 458
EA 810 3239 2.5 43396 467 3239 467
EA 810 3239 2.5 43396 458 3239 458
EA 810 3239 2.5 43396 461 3239 461
EA 810 3239 2.5 43396 464 3239 464
EA 855 3366 2.5 46177 456 3366 456
EA 855 3366 2.5 46177 470 3366 470
EA 855 3366 2.5 46177 479 3366 479
EA 855 3366 2.5 46177 474 3366 474
EA 855 3366 2.5 46177 493 3366 493
EA 855 3366 2.5 46177 471 3366 471
EA 855 3366 2.5 46177 469 3366 469
EA 855 3366 2.5 46177 471 3366 471
EA 855 3366 2.5 46177 475 3366 475
EA 855 3366 2.5 46177 480 3366 480
EA 855 3366 2.5 46177 488 3366 488
EA 855 3366 2.5 46177 495 3366 495
EA 855 3366 2.5 46177 472 3366 472
EA 855 3366 2.5 46177 470 3366 470
EA 855 3366 2.5 46177 491 3366 491
EA 855 3366 2.5 46177 480 3366 480
EA 855 3366 2.5 46177 476 3366 476
EA 855 3366 2.5 46177 474 3366 474
EA 855 3366 2.5 46177 467 3366 467
EA 855 3366 2.5 46177 483 3366 483
EA 855 3366 2.5 46177 490 3366 490
EA 855 3366 2.5 46177 480 3366 480
EA 855 3366 2.5 46177 478 3366 478
EA 855 3366 2.5 46177 461 3366 461
EA 855 3366 2.5 46177 481 3366 481
EA 855 3366 2.5 46177 492 3366 492
EA 855 3366 2.5 46177 477 3366 477
EA 855 3366 2.5 46177 477 3366 477
EA 855 3366 2.5 46177 481 3366 481
EA 855 3366 2.5 46177 464 3366 464
EA 855 3366 2.5 46177 477 3366 477
EA 855 3366 2.5 46177 476 3366 476
EA 855 3366 2.5 46177 481 3366 481
EA 855 3366 2.5 46177 481 3366 481
EA 855 3366 2.5 46177 487 3366 487
EA 855 3366 2.5 46177 475 3366 475
EA 855 3366 2.5 46177 471 3366 471
EA 855 3366 2.5 46177 480 3366 480
EA 855 3366 2.5 46177 479 3366 479
EA 855 3366 2.5 46177 480 3366 480
EA 855 3366 2.5 46177 481 3366 481
EA 855 3366 2.5 46177 475 3366 475
EA 855 3366 2.5 46177 475 3366 475
EA 855 3366 2.5 46177 471 3366 471
EA 855 3366 2.5 46177 479 3366 479
EA 855 3366 2.5 46177 480 3366 480
EA 855 3366 2.5 46177 500 3366 500
EA 855 3366 2.5 46177 475 3366 475
EA 855 3366 2.5 46177 480 3366 480
EA 855 3366 2.5 46177 480 3366 480
EA 855 3366 2.5 46177 477 3366 477
EA 855 3366 2.5 46177 478 3366 478
EA 855 3366 2.5 46177 473 3366 473
EA 855 3366 2.5 46177 456 3366 456
EA 855 3366 2.5 46177 483 3366 483
EA 855 3366 2.5 46177 481 3366 481
EA 855 3366 2.5 46177 479 3366 479
EA 855 3366 2.5 46177 480 3366 480
EA 855 3366 2.5 46177 488 3366 488
EA 855 3366 2.5 46177 492 3366 492
EA 855 3366 2.5 46177 472 3366 472
EA 855 3366 2.5 46177 481 3366 481
EA 855 3366 2.5 46177 488 3366 488
EA 855 3366 2.5 46177 477 3366 477
EA 855 3366 2.5 46177 495 3366 495
EA 855 3366 2.5 46177 471 3366 471
EA 855 3366 2.5 46177 476 3366 476
EA 855 3366 2.5 46177 478 3366 478
EA 855 3366 2.5 46177 479 3366 479
EA 855 3366 2.5 46177 493 3366 493
EA 855 3366 2.5 46177 495 3366 495
EA 855 3366 2.5 46177 468 3366 468
EA 855 3366 2.5 46177 479 3366 479
EA 855 3366 2.5 46177 471 3366 471
EA 855 3366 2.5 46177 479 3366 479
EA 855 3366 2.5 46177 478 3366 478
EA 855 3366 2.5 46177 479 3366 479
EA 855 3366 2.5 46177 481 3366 481
EA 855 3366 2.5 46177 481 3366 481
EA 855 3366 2.5 46177 471 3366 471
EA 855 3366 2.5 46177 500 3366 500
EA 855 3366 2.5 46177 482 3366 482
EA 855 3366 2.5 46177 478 3366 478
EA 855 3366 2.5 46177 481 3366 481
EA 855 3366 2.5 46177 486 3366 486
EA 855 3366 2.5 46177 481 3366 481
EA 855 3366 2.5 46177 484 3366 484
EA 855 3366 2.5 46177 483 3366 483
EA 855 3366 2.5 46177 482 3366 482
EA 855 3366 2.5 46177 491 3366 491
EA 855 3366 2.5 46177 482 3366 482
EA 855 3366 2.5 46177 473 3366 473
EA 855 3366 2.5 46177 482 3366 482
EA 855 3366 2.5 46177 500 3366 500
EA 855 3366 2.5 46177 472 3366 472
EA 855 3366 2.5 46177 481 3366 481
EA 855 3366 2.5 46177 475 3366 475
EA 855 3366 2.5 46177 486 3366 486
EA 855 3366 2.5 46177 483 3366 483
EA 903 3524 2.5 49164 516 3524 516
EA 903 3524 2.5 49164 503 3524 503
EA 903 3524 2.5 49164 518 3524 518
EA 903 3524 2.5 49164 502 3524 502
EA 903 3524 2.5 49164 499 3524 499
EA 903 3524 2.5 49164 513 3524 513
EA 903 3524 2.5 49164 512 3524 512
EA 903 3524 2.5 49164 507 3524 507
EA 903 3524 2.5 49164 506 3524 506
EA 903 3524 2.5 49164 507 3524 507
EA 903 3524 2.5 49164 508 3524 508
EA 903 3524 2.5 49164 499 3524 499
EA 903 3524 2.5 49164 497 3524 497
EA 903 3524 2.5 49164 490 3524 490
EA 903 3524 2.5 49164 518 3524 518
EA 903 3524 2.5 49164 512 3524 512
EA 903 3524 2.5 49164 519 3524 519
EA 903 3524 2.5 49164 501 3524 501
EA 903 3524 2.5 49164 512 3524 512
EA 903 3524 2.5 49164 516 3524 516
EA 903 3524 2.5 49164 511 3524 511
EA 903 3524 2.5 49164 510 3524 510
EA 903 3524 2.5 49164 510 3524 510
EA 903 3524 2.5 49164 504 3524 504
EA 903 3524 2.5 49164 518 3524 518
EA 903 3524 2.5 49164 513 3524 513
EA 903 3524 2.5 49164 517 3524 517
EA 903 3524 2.5 49164 501 3524 501
EA 903 3524 2.5 49164 512 3524 512
EA 903 3524 2.5 49164 498 3524 498
EA 903 3524 2.5 49164 519 3524 519
EA 903 3524 2.5 49164 502 3524 502
EA 903 3524 2.5 49164 509 3524 509
EA 903 3524 2.5 49164 501 3524 501
EA 903 3524 2.5 49164 511 3524 511
EA 903 3524 2.5 49164 500 3524 500
EA 903 3524 2.5 49164 506 3524 506
EA 903 3524 2.5 49164 508 3524 508
EA 903 3524 2.5 49164 519 3524 519
EA 903 3524 2.5 49164 513 3524 513
EA 903 3524 2.5 49164 511 3524 511
EA 903 3524 2.5 49164 510 3524 510
EA 903 3524 2.5 49164 504 3524 504
EA 903 3524 2.5 49164 509 3524 509
EA 903 3524 2.5 49164 521 3524 521
EA 903 3524 2.5 49164 502 3524 502
EA 903 3524 2.5 49164 504 3524 504
EA 903 3524 2.5 49164 514 3524 514
EA 903 3524 2.5 49164 518 3524 518
EA 903 3524 2.5 49164 505 3524 505
EA 903 3524 2.5 49164 501 3524 501
EA 903 3524 2.5 49164 511 3524 511
EA 903 3524 2.5 49164 509 3524 509
EA 903 3524 2.5 49164 502 3524 502
EA 903 3524 2.5 49164 507 3524 507
EA 903 3524 2.5 49164 499 3524 499
EA 903 3524 2.5 49164 503 3524 503
EA 903 3524 2.5 49164 513 3524 513
EA 903 3524 2.5 49164 509 3524 509
EA 903 3524 2.5 49164 500 3524 500
EA 903 3524 2.5 49164 503 3524 503
EA 903 3524 2.5 49164 507 3524 507
EA 903 3524 2.5 49164 510 3524 510
EA 903 3524 2.5 49164 511 3524 511
EA 903 3524 2.5 49164 506 3524 506
EA 903 3524 2.5 49164 505 3524 505
EA 903 3524 2.5 49164 504 3524 504
EA 903 3524 2.5 49164 502 3524 502
EA 903 3524 2.5 49164 509 3524 509
EA 903 3524 2.5 49164 506 3524 506
EA 903 3524 2.5 49164 503 3524 503
EA 903 3524 2.5 49164 503 3524 503
EA 903 3524 2.5 49164 513 3524 513
EA 903 3524 2.5 49164 502 3524 502
EA 903 3524 2.5 49164 513 3524 513
EA 903 3524 2.5 49164 518 3524 518
EA 903 3524 2.5 49164 511 3524 511
EA 903 3524 2.5 49164 506 3524 506
EA 903 3524 2.5 49164 518 3524 518
EA 903 3524 2.5 49164 505 3524 505
EA 903 3524 2.5 49164 517 3524 517
EA 903 3524 2.5 49164 506 3524 506
EA 903 3524 2.5 49164 507 3524 507
EA 903 3524 2.5 49164 506 3524 506
EA 903 3524 2.5 49164 516 3524 516
EA 903 3524 2.5 49164 506 3524 506
EA 903 3524 2.5 49164 518 3524 518
EA 903 3524 2.5 49164 503 3524 503
EA 903 3524 2.5 49164 519 3524 519
EA 903 3524 2.5 49164 512 3524 512
EA 903 3524 2.5 49164 515 3524 515
EA 903 3524 2.5 49164 515 3524 515
EA 903 3524 2.5 49164 514 3524 514
EA 903 3524 2.5 49164 518 3524 518
EA 903 3524 2.5 49164 519 3524 519
EA 903 3524 2.5 49164 515 3524 515
EA 903 3524 2.5 49164 504 3524 504
EA 903 3524 2.5 49164 509 3524 509
EA 903 3524 2.5 49164 518 3524 518
