Algorithm nodes edges power_exponent steps covering_size edges_covered fitness
EA 500 1729 2.1 24858 209 1729 209
EA 500 1729 2.1 24858 214 1729 214
EA 500 1729 2.1 24858 223 1729 223
EA 500 1729 2.1 24858 206 1729 206
EA 500 1729 2.1 24858 217 1729 217
EA 500 1729 2.1 24858 219 1729 219
EA 500 1729 2.1 24858 206 1729 206
EA 500 1729 2.1 24858 208 1729 208
EA 500 1729 2.1 24858 204 1729 204
EA 500 1729 2.1 24858 214 1729 214
EA 500 1729 2.1 24858 201 1729 201
EA 500 1729 2.1 24858 207 1729 207
EA 500 1729 2.1 24858 206 1729 206
EA 500 1729 2.1 24858 204 1729 204
EA 500 1729 2.1 24858 215 1729 215
EA 500 1729 2.1 24858 212 1729 212
EA 500 1729 2.1 24858 217 1729 217
EA 500 1729 2.1 24858 204 1729 204
EA 500 1729 2.1 24858 221 1729 221
EA 500 1729 2.1 24858 210 1729 210
EA 500 1729 2.1 24858 206 1729 206
EA 500 1729 2.1 24858 201 1729 201
EA 500 1729 2.1 24858 215 1729 215
EA 500 1729 2.1 24858 211 1729 211
EA 500 1729 2.1 24858 213 1729 213
EA 500 1729 2.1 24858 219 1729 219
EA 500 1729 2.1 24858 219 1729 219
EA 500 1729 2.1 24858 214 1729 214
EA 500 1729 2.1 24858 216 1729 216
EA 500 1729 2.1 24858 223 1729 223
EA 500 1729 2.1 24858 207 1729 207
EA 500 1729 2.1 24858 207 1729 207
EA 500 1729 2.1 24858 212 1729 212
EA 500 1729 2.1 24858 209 1729 209
EA 500 1729 2.1 24858 214 1729 214
EA 500 1729 2.1 24858 207 1729 207
EA 500 1729 2.1 24858 212 1729 212
EA 500 1729 2.1 24858 207 1729 207
EA 500 1729 2.1 24858 224 1729 224
EA 500 1729 2.1 24858 214 1729 214
EA 500 1729 2.1 24858 213 1729 213
EA 500 1729 2.1 24858 208 1729 208
EA 500 1729 2.1 24858 209 1729 209
EA 500 1729 2.1 24858 209 1729 209
EA 500 1729 2.1 24858 211 1729 211
EA 500 1729 2.1 24858 217 1729 217
EA 500 1729 2.1 24858 207 1729 207
EA 500 1729 2.1 24858 219 1729 219
EA 500 1729 2.1 24858 202 1729 202
EA 500 1729 2.1 24858 211 1729 211
EA 500 1729 2.1 24858 220 1729 220
EA 500 1729 2.1 24858 210 1729 210
EA 500 1729 2.1 24858 205 1729 205
EA 500 1729 2.1 24858 228 1729 228
EA 500 1729 2.1 24858 220 1729 220
EA 500 1729 2.1 24858 207 1729 207
EA 500 1729 2.1 24858 214 1729 214
EA 500 1729 2.1 24858 214 1729 214
EA 500 1729 2.1 24858 208 1729 208
EA 500 1729 2.1 24858 211 1729 211
EA 500 1729 2.1 24858 205 1729 205
EA 500 1729 2.1 24858 223 1729 223
EA 500 1729 2.1 24858 205 1729 205
EA 500 1729 2.1 24858 208 1729 208
EA 500 1729 2.1 24858 202 1729 202
EA 500 1729 2.1 24858 202 1729 202
EA 500 1729 2.1 24858 221 1729 221
EA 500 1729 2.1 24858 212 1729 212
EA 500 1729 2.1 24858 204 1729 204
EA 500 1729 2.1 24858 206 1729 206
EA 500 1729 2.1 24858 212 1729 212
EA 500 1729 2.1 24858 210 1729 210
EA 500 1729 2.1 24858 231 1729 231
EA 500 1729 2.1 24858 212 1729 212
EA 500 1729 2.1 24858 215 1729 215
EA 500 1729 2.1 24858 216 1729 216
EA 500 1729 2.1 24858 206 1729 206
EA 500 1729 2.1 24858 218 1729 218
EA 500 1729 2.1 24858 206 1729 206
EA 500 1729 2.1 24858 211 1729 211
EA 500 1729 2.1 24858 204 1729 204
EA 500 1729 2.1 24858 215 1729 215
EA 500 1729 2.1 24858 204 1729 204
EA 500 1729 2.1 24858 216 1729 216
EA 500 1729 2.1 24858 219 1729 219
EA 500 1729 2.1 24858 220 1729 220
EA 500 1729 2.1 24858 228 1729 228
EA 500 1729 2.1 24858 210 1729 210
EA 500 1729 2.1 24858 213 1729 213
EA 500 1729 2.1 24858 231 1729 231
EA 500 1729 2.1 24858 214 1729 214
EA 500 1729 2.1 24858 204 1729 204
EA 500 1729 2.1 24858 206 1729 206
EA 500 1729 2.1 24858 208 1729 208
EA 500 1729 2.1 24858 204 1729 204
EA 500 1729 2.1 24858 202 1729 202
EA 500 1729 2.1 24858 220 1729 220
EA 500 1729 2.1 24858 215 1729 215
EA 500 1729 2.1 24858 219 1729 219
EA 500 1952 2.15 24858 235 1952 235
EA 500 1952 2.15 24858 223 1952 223
EA 500 1952 2.15 24858 227 1952 227
EA 500 1952 2.15 24858 241 1952 241
EA 500 1952 2.15 24858 224 1952 224
EA 500 1952 2.15 24858 222 1952 222
EA 500 1952 2.15 24858 221 1952 221
EA 500 1952 2.15 24858 227 1952 227
EA 500 1952 2.15 24858 226 1952 226
EA 500 1952 2.15 24858 231 1952 231
EA 500 1952 2.15 24858 221 1952 221
EA 500 1952 2.15 24858 237 1952 237
EA 500 1952 2.15 24858 223 1952 223
EA 500 1952 2.15 24858 224 1952 224
EA 500 1952 2.15 24858 222 1952 222
EA 500 1952 2.15 24858 236 1952 236
EA 500 1952 2.15 24858 241 1952 241
EA 500 1952 2.15 24858 231 1952 231
EA 500 1952 2.15 24858 225 1952 225
EA 500 1952 2.15 24858 230 1952 230
EA 500 1952 2.15 24858 221 1952 221
EA 500 1952 2.15 24858 221 1952 221
EA 500 1952 2.15 24858 230 1952 230
EA 500 1952 2.15 24858 235 1952 235
EA 500 1952 2.15 24858 227 1952 227
EA 500 1952 2.15 24858 225 1952 225
EA 500 1952 2.15 24858 223 1952 223
EA 500 1952 2.15 24858 224 1952 224
EA 500 1952 2.15 24858 223 1952 223
EA 500 1952 2.15 24858 223 1952 223
EA 500 1952 2.15 24858 232 1952 232
EA 500 1952 2.15 24858 237 1952 237
EA 500 1952 2.15 24858 227 1952 227
EA 500 1952 2.15 24858 220 1952 220
EA 500 1952 2.15 24858 223 1952 223
EA 500 1952 2.15 24858 231 1952 231
EA 500 1952 2.15 24858 221 1952 221
EA 500 1952 2.15 24858 234 1952 234
EA 500 1952 2.15 24858 226 1952 226
EA 500 1952 2.15 24858 225 1952 225
EA 500 1952 2.15 24858 241 1952 241
EA 500 1952 2.15 24858 236 1952 236
EA 500 1952 2.15 24858 223 1952 223
EA 500 1952 2.15 24858 226 1952 226
EA 500 1952 2.15 24858 225 1952 225
EA 500 1952 2.15 24858 231 1952 231
EA 500 1952 2.15 24858 221 1952 221
EA 500 1952 2.15 24858 225 1952 225
EA 500 1952 2.15 24858 235 1952 235
EA 500 1952 2.15 24858 223 1952 223
EA 500 1952 2.15 24858 220 1952 220
EA 500 1952 2.15 24858 226 1952 226
EA 500 1952 2.15 24858 226 1952 226
EA 500 1952 2.15 24858 218 1952 218
EA 500 1952 2.15 24858 223 1952 223
EA 500 1952 2.15 24858 220 1952 220
EA 500 1952 2.15 24858 221 1952 221
EA 500 1952 2.15 24858 234 1952 234
EA 500 1952 2.15 24858 230 1952 230
EA 500 1952 2.15 24858 232 1952 232
EA 500 1952 2.15 24858 220 1952 220
EA 500 1952 2.15 24858 238 1952 238
EA 500 1952 2.15 24858 232 1952 232
EA 500 1952 2.15 24858 222 1952 222
EA 500 1952 2.15 24858 230 1952 230
EA 500 1952 2.15 24858 220 1952 220
EA 500 1952 2.15 24858 225 1952 225
EA 500 1952 2.15 24858 231 1952 231
EA 500 1952 2.15 24858 233 1952 233
EA 500 1952 2.15 24858 236 1952 236
EA 500 1952 2.15 24858 233 1952 233
EA 500 1952 2.15 24858 218 1952 218
EA 500 1952 2.15 24858 234 1952 234
EA 500 1952 2.15 24858 223 1952 223
EA 500 1952 2.15 24858 226 1952 226
EA 500 1952 2.15 24858 229 1952 229
EA 500 1952 2.15 24858 225 1952 225
EA 500 1952 2.15 24858 220 1952 220
EA 500 1952 2.15 24858 224 1952 224
EA 500 1952 2.15 24858 228 1952 228
EA 500 1952 2.15 24858 220 1952 220
EA 500 1952 2.15 24858 218 1952 218
EA 500 1952 2.15 24858 231 1952 231
EA 500 1952 2.15 24858 230 1952 230
EA 500 1952 2.15 24858 223 1952 223
EA 500 1952 2.15 24858 219 1952 219
EA 500 1952 2.15 24858 220 1952 220
EA 500 1952 2.15 24858 231 1952 231
EA 500 1952 2.15 24858 221 1952 221
EA 500 1952 2.15 24858 227 1952 227
EA 500 1952 2.15 24858 221 1952 221
EA 500 1952 2.15 24858 238 1952 238
EA 500 1952 2.15 24858 223 1952 223
EA 500 1952 2.15 24858 234 1952 234
EA 500 1952 2.15 24858 230 1952 230
EA 500 1952 2.15 24858 237 1952 237
EA 500 1952 2.15 24858 221 1952 221
EA 500 1952 2.15 24858 225 1952 225
EA 500 1952 2.15 24858 223 1952 223
EA 500 2237 2.2 24858 254 2237 254
EA 500 2237 2.2 24858 247 2237 247
EA 500 2237 2.2 24858 246 2237 246
EA 500 2237 2.2 24858 267 2237 267
EA 500 2237 2.2 24858 253 2237 253
EA 500 2237 2.2 24858 254 2237 254
EA 500 2237 2.2 24858 251 2237 251
EA 500 2237 2.2 24858 257 2237 257
EA 500 2237 2.2 24858 256 2237 256
EA 500 2237 2.2 24858 246 2237 246
EA 500 2237 2.2 24858 258 2237 258
EA 500 2237 2.2 24858 257 2237 257
EA 500 2237 2.2 24858 253 2237 253
EA 500 2237 2.2 24858 257 2237 257
EA 500 2237 2.2 24858 245 2237 245
EA 500 2237 2.2 24858 255 2237 255
EA 500 2237 2.2 24858 262 2237 262
EA 500 2237 2.2 24858 255 2237 255
EA 500 2237 2.2 24858 255 2237 255
EA 500 2237 2.2 24858 249 2237 249
EA 500 2237 2.2 24858 257 2237 257
EA 500 2237 2.2 24858 259 2237 259
EA 500 2237 2.2 24858 259 2237 259
EA 500 2237 2.2 24858 253 2237 253
EA 500 2237 2.2 24858 250 2237 250
EA 500 2237 2.2 24858 261 2237 261
EA 500 2237 2.2 24858 255 2237 255
EA 500 2237 2.2 24858 254 2237 254
EA 500 2237 2.2 24858 257 2237 257
EA 500 2237 2.2 24858 249 2237 249
EA 500 2237 2.2 24858 253 2237 253
EA 500 2237 2.2 24858 259 2237 259
EA 500 2237 2.2 24858 257 2237 257
EA 500 2237 2.2 24858 261 2237 261
EA 500 2237 2.2 24858 251 2237 251
EA 500 2237 2.2 24858 256 2237 256
EA 500 2237 2.2 24858 249 2237 249
EA 500 2237 2.2 24858 251 2237 251
EA 500 2237 2.2 24858 252 2237 252
EA 500 2237 2.2 24858 253 2237 253
EA 500 2237 2.2 24858 253 2237 253
EA 500 2237 2.2 24858 257 2237 257
EA 500 2237 2.2 24858 262 2237 262
EA 500 2237 2.2 24858 259 2237 259
EA 500 2237 2.2 24858 262 2237 262
EA 500 2237 2.2 24858 246 2237 246
EA 500 2237 2.2 24858 256 2237 256
EA 500 2237 2.2 24858 251 2237 251
EA 500 2237 2.2 24858 255 2237 255
EA 500 2237 2.2 24858 253 2237 253
EA 500 2237 2.2 24858 257 2237 257
EA 500 2237 2.2 24858 260 2237 260
EA 500 2237 2.2 24858 254 2237 254
EA 500 2237 2.2 24858 256 2237 256
EA 500 2237 2.2 24858 257 2237 257
EA 500 2237 2.2 24858 256 2237 256
EA 500 2237 2.2 24858 254 2237 254
EA 500 2237 2.2 24858 253 2237 253
EA 500 2237 2.2 24858 245 2237 245
EA 500 2237 2.2 24858 255 2237 255
EA 500 2237 2.2 24858 256 2237 256
EA 500 2237 2.2 24858 246 2237 246
EA 500 2237 2.2 24858 249 2237 249
EA 500 2237 2.2 24858 248 2237 248
EA 500 2237 2.2 24858 249 2237 249
EA 500 2237 2.2 24858 254 2237 254
EA 500 2237 2.2 24858 250 2237 250
EA 500 2237 2.2 24858 257 2237 257
EA 500 2237 2.2 24858 253 2237 253
EA 500 2237 2.2 24858 254 2237 254
EA 500 2237 2.2 24858 243 2237 243
EA 500 2237 2.2 24858 257 2237 257
EA 500 2237 2.2 24858 249 2237 249
EA 500 2237 2.2 24858 249 2237 249
EA 500 2237 2.2 24858 260 2237 260
EA 500 2237 2.2 24858 260 2237 260
EA 500 2237 2.2 24858 251 2237 251
EA 500 2237 2.2 24858 246 2237 246
EA 500 2237 2.2 24858 262 2237 262
EA 500 2237 2.2 24858 251 2237 251
EA 500 2237 2.2 24858 267 2237 267
EA 500 2237 2.2 24858 259 2237 259
EA 500 2237 2.2 24858 261 2237 261
EA 500 2237 2.2 24858 259 2237 259
EA 500 2237 2.2 24858 254 2237 254
EA 500 2237 2.2 24858 245 2237 245
EA 500 2237 2.2 24858 246 2237 246
EA 500 2237 2.2 24858 255 2237 255
EA 500 2237 2.2 24858 256 2237 256
EA 500 2237 2.2 24858 249 2237 249
EA 500 2237 2.2 24858 254 2237 254
EA 500 2237 2.2 24858 240 2237 240
EA 500 2237 2.2 24858 240 2237 240
EA 500 2237 2.2 24858 251 2237 251
EA 500 2237 2.2 24858 247 2237 247
EA 500 2237 2.2 24858 262 2237 262
EA 500 2237 2.2 24858 261 2237 261
EA 500 2237 2.2 24858 252 2237 252
EA 500 2237 2.2 24858 256 2237 256
EA 500 2502 2.25 24858 269 2502 269
EA 500 2502 2.25 24858 277 2502 277
EA 500 2502 2.25 24858 270 2502 270
EA 500 2502 2.25 24858 268 2502 268
EA 500 2502 2.25 24858 273 2502 273
EA 500 2502 2.25 24858 274 2502 274
EA 500 2502 2.25 24858 269 2502 269
EA 500 2502 2.25 24858 277 2502 277
EA 500 2502 2.25 24858 271 2502 271
EA 500 2502 2.25 24858 277 2502 277
EA 500 2502 2.25 24858 284 2502 284
EA 500 2502 2.25 24858 270 2502 270
EA 500 2502 2.25 24858 267 2502 267
EA 500 2502 2.25 24858 289 2502 289
EA 500 2502 2.25 24858 270 2502 270
EA 500 2502 2.25 24858 275 2502 275
EA 500 2502 2.25 24858 270 2502 270
EA 500 2502 2.25 24858 289 2502 289
EA 500 2502 2.25 24858 280 2502 280
EA 500 2502 2.25 24858 280 2502 280
EA 500 2502 2.25 24858 268 2502 268
EA 500 2502 2.25 24858 269 2502 269
EA 500 2502 2.25 24858 274 2502 274
EA 500 2502 2.25 24858 289 2502 289
EA 500 2502 2.25 24858 279 2502 279
EA 500 2502 2.25 24858 286 2502 286
EA 500 2502 2.25 24858 280 2502 280
EA 500 2502 2.25 24858 273 2502 273
EA 500 2502 2.25 24858 269 2502 269
EA 500 2502 2.25 24858 280 2502 280
EA 500 2502 2.25 24858 273 2502 273
EA 500 2502 2.25 24858 286 2502 286
EA 500 2502 2.25 24858 270 2502 270
EA 500 2502 2.25 24858 279 2502 279
EA 500 2502 2.25 24858 277 2502 277
EA 500 2502 2.25 24858 289 2502 289
EA 500 2502 2.25 24858 271 2502 271
EA 500 2502 2.25 24858 270 2502 270
EA 500 2502 2.25 24858 280 2502 280
EA 500 2502 2.25 24858 269 2502 269
EA 500 2502 2.25 24858 279 2502 279
EA 500 2502 2.25 24858 269 2502 269
EA 500 2502 2.25 24858 272 2502 272
EA 500 2502 2.25 24858 268 2502 268
EA 500 2502 2.25 24858 272 2502 272
EA 500 2502 2.25 24858 267 2502 267
EA 500 2502 2.25 24858 280 2502 280
EA 500 2502 2.25 24858 268 2502 268
EA 500 2502 2.25 24858 269 2502 269
EA 500 2502 2.25 24858 281 2502 281
EA 500 2502 2.25 24858 287 2502 287
EA 500 2502 2.25 24858 279 2502 279
EA 500 2502 2.25 24858 272 2502 272
EA 500 2502 2.25 24858 269 2502 269
EA 500 2502 2.25 24858 279 2502 279
EA 500 2502 2.25 24858 275 2502 275
EA 500 2502 2.25 24858 281 2502 281
EA 500 2502 2.25 24858 263 2502 263
EA 500 2502 2.25 24858 267 2502 267
EA 500 2502 2.25 24858 273 2502 273
EA 500 2502 2.25 24858 279 2502 279
EA 500 2502 2.25 24858 277 2502 277
EA 500 2502 2.25 24858 261 2502 261
EA 500 2502 2.25 24858 270 2502 270
EA 500 2502 2.25 24858 268 2502 268
EA 500 2502 2.25 24858 270 2502 270
EA 500 2502 2.25 24858 277 2502 277
EA 500 2502 2.25 24858 274 2502 274
EA 500 2502 2.25 24858 268 2502 268
EA 500 2502 2.25 24858 280 2502 280
EA 500 2502 2.25 24858 285 2502 285
EA 500 2502 2.25 24858 267 2502 267
EA 500 2502 2.25 24858 272 2502 272
EA 500 2502 2.25 24858 287 2502 287
EA 500 2502 2.25 24858 272 2502 272
EA 500 2502 2.25 24858 267 2502 267
EA 500 2502 2.25 24858 280 2502 280
EA 500 2502 2.25 24858 289 2502 289
EA 500 2502 2.25 24858 264 2502 264
EA 500 2502 2.25 24858 269 2502 269
EA 500 2502 2.25 24858 268 2502 268
EA 500 2502 2.25 24858 284 2502 284
EA 500 2502 2.25 24858 268 2502 268
EA 500 2502 2.25 24858 284 2502 284
EA 500 2502 2.25 24858 275 2502 275
EA 500 2502 2.25 24858 270 2502 270
EA 500 2502 2.25 24858 272 2502 272
EA 500 2502 2.25 24858 272 2502 272
EA 500 2502 2.25 24858 271 2502 271
EA 500 2502 2.25 24858 271 2502 271
EA 500 2502 2.25 24858 267 2502 267
EA 500 2502 2.25 24858 277 2502 277
EA 500 2502 2.25 24858 269 2502 269
EA 500 2502 2.25 24858 280 2502 280
EA 500 2502 2.25 24858 272 2502 272
EA 500 2502 2.25 24858 272 2502 272
EA 500 2502 2.25 24858 279 2502 279
EA 500 2502 2.25 24858 267 2502 267
EA 500 2502 2.25 24858 269 2502 269
EA 500 2831 2.3 24858 299 2831 299
EA 500 2831 2.3 24858 290 2831 290
EA 500 2831 2.3 24858 289 2831 289
EA 500 2831 2.3 24858 277 2831 277
EA 500 2831 2.3 24858 288 2831 288
EA 500 2831 2.3 24858 294 2831 294
EA 500 2831 2.3 24858 300 2831 300
EA 500 2831 2.3 24858 284 2831 284
EA 500 2831 2.3 24858 285 2831 285
EA 500 2831 2.3 24858 292 2831 292
EA 500 2831 2.3 24858 278 2831 278
EA 500 2831 2.3 24858 306 2831 306
EA 500 2831 2.3 24858 278 2831 278
EA 500 2831 2.3 24858 284 2831 284
EA 500 2831 2.3 24858 283 2831 283
EA 500 2831 2.3 24858 294 2831 294
EA 500 2831 2.3 24858 295 2831 295
EA 500 2831 2.3 24858 291 2831 291
EA 500 2831 2.3 24858 285 2831 285
EA 500 2831 2.3 24858 285 2831 285
EA 500 2831 2.3 24858 278 2831 278
EA 500 2831 2.3 24858 282 2831 282
EA 500 2831 2.3 24858 294 2831 294
EA 500 2831 2.3 24858 288 2831 288
EA 500 2831 2.3 24858 285 2831 285
EA 500 2831 2.3 24858 286 2831 286
EA 500 2831 2.3 24858 288 2831 288
EA 500 2831 2.3 24858 291 2831 291
EA 500 2831 2.3 24858 282 2831 282
EA 500 2831 2.3 24858 278 2831 278
EA 500 2831 2.3 24858 287 2831 287
EA 500 2831 2.3 24858 278 2831 278
EA 500 2831 2.3 24858 288 2831 288
EA 500 2831 2.3 24858 282 2831 282
EA 500 2831 2.3 24858 289 2831 289
EA 500 2831 2.3 24858 288 2831 288
EA 500 2831 2.3 24858 283 2831 283
EA 500 2831 2.3 24858 282 2831 282
EA 500 2831 2.3 24858 283 2831 283
EA 500 2831 2.3 24858 290 2831 290
EA 500 2831 2.3 24858 306 2831 306
EA 500 2831 2.3 24858 291 2831 291
EA 500 2831 2.3 24858 299 2831 299
EA 500 2831 2.3 24858 294 2831 294
EA 500 2831 2.3 24858 273 2831 273
EA 500 2831 2.3 24858 283 2831 283
EA 500 2831 2.3 24858 291 2831 291
EA 500 2831 2.3 24858 305 2831 305
EA 500 2831 2.3 24858 288 2831 288
EA 500 2831 2.3 24858 291 2831 291
EA 500 2831 2.3 24858 283 2831 283
EA 500 2831 2.3 24858 293 2831 293
EA 500 2831 2.3 24858 286 2831 286
EA 500 2831 2.3 24858 284 2831 284
EA 500 2831 2.3 24858 288 2831 288
EA 500 2831 2.3 24858 284 2831 284
EA 500 2831 2.3 24858 277 2831 277
EA 500 2831 2.3 24858 283 2831 283
EA 500 2831 2.3 24858 296 2831 296
EA 500 2831 2.3 24858 282 2831 282
EA 500 2831 2.3 24858 288 2831 288
EA 500 2831 2.3 24858 291 2831 291
EA 500 2831 2.3 24858 287 2831 287
EA 500 2831 2.3 24858 287 2831 287
EA 500 2831 2.3 24858 276 2831 276
EA 500 2831 2.3 24858 289 2831 289
EA 500 2831 2.3 24858 283 2831 283
EA 500 2831 2.3 24858 293 2831 293
EA 500 2831 2.3 24858 284 2831 284
EA 500 2831 2.3 24858 299 2831 299
EA 500 2831 2.3 24858 288 2831 288
EA 500 2831 2.3 24858 288 2831 288
EA 500 2831 2.3 24858 285 2831 285
EA 500 2831 2.3 24858 282 2831 282
EA 500 2831 2.3 24858 291 2831 291
EA 500 2831 2.3 24858 281 2831 281
EA 500 2831 2.3 24858 279 2831 279
EA 500 2831 2.3 24858 281 2831 281
EA 500 2831 2.3 24858 287 2831 287
EA 500 2831 2.3 24858 285 2831 285
EA 500 2831 2.3 24858 278 2831 278
EA 500 2831 2.3 24858 285 2831 285
EA 500 2831 2.3 24858 290 2831 290
EA 500 2831 2.3 24858 288 2831 288
EA 500 2831 2.3 24858 288 2831 288
EA 500 2831 2.3 24858 287 2831 287
EA 500 2831 2.3 24858 285 2831 285
EA 500 2831 2.3 24858 285 2831 285
EA 500 2831 2.3 24858 285 2831 285
EA 500 2831 2.3 24858 291 2831 291
EA 500 2831 2.3 24858 303 2831 303
EA 500 2831 2.3 24858 285 2831 285
EA 500 2831 2.3 24858 289 2831 289
EA 500 2831 2.3 24858 293 2831 293
EA 500 2831 2.3 24858 281 2831 281
EA 500 2831 2.3 24858 283 2831 283
EA 500 2831 2.3 24858 280 2831 280
EA 500 2831 2.3 24858 291 2831 291
EA 500 2831 2.3 24858 298 2831 298
EA 500 3113 2.35 24858 310 3113 310
EA 500 3113 2.35 24858 319 3113 319
EA 500 3113 2.35 24858 301 3113 301
EA 500 3113 2.35 24858 317 3113 317
EA 500 3113 2.35 24858 308 3113 308
EA 500 3113 2.35 24858 309 3113 309
EA 500 3113 2.35 24858 310 3113 310
EA 500 3113 2.35 24858 308 3113 308
EA 500 3113 2.35 24858 311 3113 311
EA 500 3113 2.35 24858 312 3113 312
EA 500 3113 2.35 24858 302 3113 302
EA 500 3113 2.35 24858 309 3113 309
EA 500 3113 2.35 24858 316 3113 316
EA 500 3113 2.35 24858 303 3113 303
EA 500 3113 2.35 24858 312 3113 312
EA 500 3113 2.35 24858 301 3113 301
EA 500 3113 2.35 24858 303 3113 303
EA 500 3113 2.35 24858 312 3113 312
EA 500 3113 2.35 24858 306 3113 306
EA 500 3113 2.35 24858 299 3113 299
EA 500 3113 2.35 24858 307 3113 307
EA 500 3113 2.35 24858 305 3113 305
EA 500 3113 2.35 24858 312 3113 312
EA 500 3113 2.35 24858 306 3113 306
EA 500 3113 2.35 24858 299 3113 299
EA 500 3113 2.35 24858 299 3113 299
EA 500 3113 2.35 24858 324 3113 324
EA 500 3113 2.35 24858 312 3113 312
EA 500 3113 2.35 24858 317 3113 317
EA 500 3113 2.35 24858 309 3113 309
EA 500 3113 2.35 24858 304 3113 304
EA 500 3113 2.35 24858 302 3113 302
EA 500 3113 2.35 24858 309 3113 309
EA 500 3113 2.35 24858 306 3113 306
EA 500 3113 2.35 24858 304 3113 304
EA 500 3113 2.35 24858 309 3113 309
EA 500 3113 2.35 24858 316 3113 316
EA 500 3113 2.35 24858 302 3113 302
EA 500 3113 2.35 24858 306 3113 306
EA 500 3113 2.35 24858 304 3113 304
EA 500 3113 2.35 24858 307 3113 307
EA 500 3113 2.35 24858 309 3113 309
EA 500 3113 2.35 24858 306 3113 306
EA 500 3113 2.35 24858 312 3113 312
EA 500 3113 2.35 24858 305 3113 305
EA 500 3113 2.35 24858 307 3113 307
EA 500 3113 2.35 24858 307 3113 307
EA 500 3113 2.35 24858 309 3113 309
EA 500 3113 2.35 24858 301 3113 301
EA 500 3113 2.35 24858 309 3113 309
EA 500 3113 2.35 24858 302 3113 302
EA 500 3113 2.35 24858 300 3113 300
EA 500 3113 2.35 24858 306 3113 306
EA 500 3113 2.35 24858 311 3113 311
EA 500 3113 2.35 24858 292 3113 292
EA 500 3113 2.35 24858 306 3113 306
EA 500 3113 2.35 24858 306 3113 306
EA 500 3113 2.35 24858 308 3113 308
EA 500 3113 2.35 24858 306 3113 306
EA 500 3113 2.35 24858 307 3113 307
EA 500 3113 2.35 24858 308 3113 308
EA 500 3113 2.35 24858 304 3113 304
EA 500 3113 2.35 24858 300 3113 300
EA 500 3113 2.35 24858 308 3113 308
EA 500 3113 2.35 24858 308 3113 308
EA 500 3113 2.35 24858 308 3113 308
EA 500 3113 2.35 24858 292 3113 292
EA 500 3113 2.35 24858 299 3113 299
EA 500 3113 2.35 24858 310 3113 310
EA 500 3113 2.35 24858 308 3113 308
EA 500 3113 2.35 24858 312 3113 312
EA 500 3113 2.35 24858 316 3113 316
EA 500 3113 2.35 24858 324 3113 324
EA 500 3113 2.35 24858 311 3113 311
EA 500 3113 2.35 24858 312 3113 312
EA 500 3113 2.35 24858 310 3113 310
EA 500 3113 2.35 24858 313 3113 313
EA 500 3113 2.35 24858 300 3113 300
EA 500 3113 2.35 24858 311 3113 311
EA 500 3113 2.35 24858 309 3113 309
EA 500 3113 2.35 24858 301 3113 301
EA 500 3113 2.35 24858 306 3113 306
EA 500 3113 2.35 24858 303 3113 303
EA 500 3113 2.35 24858 303 3113 303
EA 500 3113 2.35 24858 309 3113 309
EA 500 3113 2.35 24858 308 3113 308
EA 500 3113 2.35 24858 306 3113 306
EA 500 3113 2.35 24858 307 3113 307
EA 500 3113 2.35 24858 304 3113 304
EA 500 3113 2.35 24858 302 3113 302
EA 500 3113 2.35 24858 308 3113 308
EA 500 3113 2.35 24858 301 3113 301
EA 500 3113 2.35 24858 310 3113 310
EA 500 3113 2.35 24858 309 3113 309
EA 500 3113 2.35 24858 311 3113 311
EA 500 3113 2.35 24858 299 3113 299
EA 500 3113 2.35 24858 306 3113 306
EA 500 3113 2.35 24858 313 3113 313
EA 500 3113 2.35 24858 309 3113 309
EA 500 3536 2.4 24858 313 3536 313
EA 500 3536 2.4 24858 313 3536 313
EA 500 3536 2.4 24858 307 3536 307
EA 500 3536 2.4 24858 321 3536 321
EA 500 3536 2.4 24858 324 3536 324
EA 500 3536 2.4 24858 313 3536 313
EA 500 3536 2.4 24858 324 3536 324
EA 500 3536 2.4 24858 309 3536 309
EA 500 3536 2.4 24858 304 3536 304
EA 500 3536 2.4 24858 308 3536 308
EA 500 3536 2.4 24858 314 3536 314
EA 500 3536 2.4 24858 315 3536 315
EA 500 3536 2.4 24858 316 3536 316
EA 500 3536 2.4 24858 316 3536 316
EA 500 3536 2.4 24858 309 3536 309
EA 500 3536 2.4 24858 311 3536 311
EA 500 3536 2.4 24858 312 3536 312
EA 500 3536 2.4 24858 315 3536 315
EA 500 3536 2.4 24858 313 3536 313
EA 500 3536 2.4 24858 314 3536 314
EA 500 3536 2.4 24858 302 3536 302
EA 500 3536 2.4 24858 308 3536 308
EA 500 3536 2.4 24858 317 3536 317
EA 500 3536 2.4 24858 312 3536 312
EA 500 3536 2.4 24858 318 3536 318
EA 500 3536 2.4 24858 324 3536 324
EA 500 3536 2.4 24858 316 3536 316
EA 500 3536 2.4 24858 310 3536 310
EA 500 3536 2.4 24858 317 3536 317
EA 500 3536 2.4 24858 308 3536 308
EA 500 3536 2.4 24858 319 3536 319
EA 500 3536 2.4 24858 318 3536 318
EA 500 3536 2.4 24858 310 3536 310
EA 500 3536 2.4 24858 306 3536 306
EA 500 3536 2.4 24858 316 3536 316
EA 500 3536 2.4 24858 313 3536 313
EA 500 3536 2.4 24858 315 3536 315
EA 500 3536 2.4 24858 317 3536 317
EA 500 3536 2.4 24858 311 3536 311
EA 500 3536 2.4 24858 315 3536 315
EA 500 3536 2.4 24858 317 3536 317
EA 500 3536 2.4 24858 324 3536 324
EA 500 3536 2.4 24858 308 3536 308
EA 500 3536 2.4 24858 314 3536 314
EA 500 3536 2.4 24858 313 3536 313
EA 500 3536 2.4 24858 314 3536 314
EA 500 3536 2.4 24858 307 3536 307
EA 500 3536 2.4 24858 307 3536 307
EA 500 3536 2.4 24858 309 3536 309
EA 500 3536 2.4 24858 321 3536 321
EA 500 3536 2.4 24858 308 3536 308
EA 500 3536 2.4 24858 315 3536 315
EA 500 3536 2.4 24858 314 3536 314
EA 500 3536 2.4 24858 309 3536 309
EA 500 3536 2.4 24858 309 3536 309
EA 500 3536 2.4 24858 313 3536 313
EA 500 3536 2.4 24858 312 3536 312
EA 500 3536 2.4 24858 315 3536 315
EA 500 3536 2.4 24858 312 3536 312
EA 500 3536 2.4 24858 304 3536 304
EA 500 3536 2.4 24858 315 3536 315
EA 500 3536 2.4 24858 311 3536 311
EA 500 3536 2.4 24858 313 3536 313
EA 500 3536 2.4 24858 302 3536 302
EA 500 3536 2.4 24858 310 3536 310
EA 500 3536 2.4 24858 304 3536 304
EA 500 3536 2.4 24858 315 3536 315
EA 500 3536 2.4 24858 308 3536 308
EA 500 3536 2.4 24858 307 3536 307
EA 500 3536 2.4 24858 316 3536 316
EA 500 3536 2.4 24858 309 3536 309
EA 500 3536 2.4 24858 314 3536 314
EA 500 3536 2.4 24858 313 3536 313
EA 500 3536 2.4 24858 309 3536 309
EA 500 3536 2.4 24858 310 3536 310
EA 500 3536 2.4 24858 309 3536 309
EA 500 3536 2.4 24858 318 3536 318
EA 500 3536 2.4 24858 309 3536 309
EA 500 3536 2.4 24858 318 3536 318
EA 500 3536 2.4 24858 308 3536 308
EA 500 3536 2.4 24858 321 3536 321
EA 500 3536 2.4 24858 311 3536 311
EA 500 3536 2.4 24858 307 3536 307
EA 500 3536 2.4 24858 311 3536 311
EA 500 3536 2.4 24858 308 3536 308
EA 500 3536 2.4 24858 321 3536 321
EA 500 3536 2.4 24858 306 3536 306
EA 500 3536 2.4 24858 321 3536 321
EA 500 3536 2.4 24858 308 3536 308
EA 500 3536 2.4 24858 309 3536 309
EA 500 3536 2.4 24858 313 3536 313
EA 500 3536 2.4 24858 318 3536 318
EA 500 3536 2.4 24858 317 3536 317
EA 500 3536 2.4 24858 312 3536 312
EA 500 3536 2.4 24858 316 3536 316
EA 500 3536 2.4 24858 317 3536 317
EA 500 3536 2.4 24858 309 3536 309
EA 500 3536 2.4 24858 313 3536 313
EA 500 3536 2.4 24858 308 3536 308
EA 500 3987 2.45 24858 342 3987 342
EA 500 3987 2.45 24858 325 3987 325
EA 500 3987 2.45 24858 329 3987 329
EA 500 3987 2.45 24858 329 3987 329
EA 500 3987 2.45 24858 331 3987 331
EA 500 3987 2.45 24858 332 3987 332
EA 500 3987 2.45 24858 329 3987 329
EA 500 3987 2.45 24858 326 3987 326
EA 500 3987 2.45 24858 329 3987 329
EA 500 3987 2.45 24858 333 3987 333
EA 500 3987 2.45 24858 321 3987 321
EA 500 3987 2.45 24858 334 3987 334
EA 500 3987 2.45 24858 329 3987 329
EA 500 3987 2.45 24858 336 3987 336
EA 500 3987 2.45 24858 336 3987 336
EA 500 3987 2.45 24858 327 3987 327
EA 500 3987 2.45 24858 331 3987 331
EA 500 3987 2.45 24858 328 3987 328
EA 500 3987 2.45 24858 333 3987 333
EA 500 3987 2.45 24858 329 3987 329
EA 500 3987 2.45 24858 329 3987 329
EA 500 3987 2.45 24858 327 3987 327
EA 500 3987 2.45 24858 331 3987 331
EA 500 3987 2.45 24858 323 3987 323
EA 500 3987 2.45 24858 331 3987 331
EA 500 3987 2.45 24858 333 3987 333
EA 500 3987 2.45 24858 329 3987 329
EA 500 3987 2.45 24858 328 3987 328
EA 500 3987 2.45 24858 325 3987 325
EA 500 3987 2.45 24858 339 3987 339
EA 500 3987 2.45 24858 331 3987 331
EA 500 3987 2.45 24858 324 3987 324
EA 500 3987 2.45 24858 327 3987 327
EA 500 3987 2.45 24858 331 3987 331
EA 500 3987 2.45 24858 324 3987 324
EA 500 3987 2.45 24858 332 3987 332
EA 500 3987 2.45 24858 327 3987 327
EA 500 3987 2.45 24858 337 3987 337
EA 500 3987 2.45 24858 328 3987 328
EA 500 3987 2.45 24858 335 3987 335
EA 500 3987 2.45 24858 329 3987 329
EA 500 3987 2.45 24858 328 3987 328
EA 500 3987 2.45 24858 329 3987 329
EA 500 3987 2.45 24858 316 3987 316
EA 500 3987 2.45 24858 332 3987 332
EA 500 3987 2.45 24858 342 3987 342
EA 500 3987 2.45 24858 331 3987 331
EA 500 3987 2.45 24858 321 3987 321
EA 500 3987 2.45 24858 330 3987 330
EA 500 3987 2.45 24858 332 3987 332
EA 500 3987 2.45 24858 334 3987 334
EA 500 3987 2.45 24858 329 3987 329
EA 500 3987 2.45 24858 328 3987 328
EA 500 3987 2.45 24858 316 3987 316
EA 500 3987 2.45 24858 321 3987 321
EA 500 3987 2.45 24858 339 3987 339
EA 500 3987 2.45 24858 334 3987 334
EA 500 3987 2.45 24858 324 3987 324
EA 500 3987 2.45 24858 332 3987 332
EA 500 3987 2.45 24858 328 3987 328
EA 500 3987 2.45 24858 329 3987 329
EA 500 3987 2.45 24858 335 3987 335
EA 500 3987 2.45 24858 331 3987 331
EA 500 3987 2.45 24858 332 3987 332
EA 500 3987 2.45 24858 328 3987 328
EA 500 3987 2.45 24858 331 3987 331
EA 500 3987 2.45 24858 338 3987 338
EA 500 3987 2.45 24858 342 3987 342
EA 500 3987 2.45 24858 336 3987 336
EA 500 3987 2.45 24858 328 3987 328
EA 500 3987 2.45 24858 334 3987 334
EA 500 3987 2.45 24858 335 3987 335
EA 500 3987 2.45 24858 340 3987 340
EA 500 3987 2.45 24858 332 3987 332
EA 500 3987 2.45 24858 324 3987 324
EA 500 3987 2.45 24858 328 3987 328
EA 500 3987 2.45 24858 331 3987 331
EA 500 3987 2.45 24858 321 3987 321
EA 500 3987 2.45 24858 325 3987 325
EA 500 3987 2.45 24858 334 3987 334
EA 500 3987 2.45 24858 330 3987 330
EA 500 3987 2.45 24858 326 3987 326
EA 500 3987 2.45 24858 327 3987 327
EA 500 3987 2.45 24858 329 3987 329
EA 500 3987 2.45 24858 336 3987 336
EA 500 3987 2.45 24858 331 3987 331
EA 500 3987 2.45 24858 332 3987 332
EA 500 3987 2.45 24858 330 3987 330
EA 500 3987 2.45 24858 332 3987 332
EA 500 3987 2.45 24858 331 3987 331
EA 500 3987 2.45 24858 326 3987 326
EA 500 3987 2.45 24858 336 3987 336
EA 500 3987 2.45 24858 329 3987 329
EA 500 3987 2.45 24858 338 3987 338
EA 500 3987 2.45 24858 342 3987 342
EA 500 3987 2.45 24858 323 3987 323
EA 500 3987 2.45 24858 325 3987 325
EA 500 3987 2.45 24858 328 3987 328
EA 500 3987 2.45 24858 338 3987 338
EA 500 4231 2.5 24858 343 4231 343
EA 500 4231 2.5 24858 341 4231 341
EA 500 4231 2.5 24858 337 4231 337
EA 500 4231 2.5 24858 346 4231 346
EA 500 4231 2.5 24858 342 4231 342
EA 500 4231 2.5 24858 350 4231 350
EA 500 4231 2.5 24858 341 4231 341
EA 500 4231 2.5 24858 333 4231 333
EA 500 4231 2.5 24858 343 4231 343
EA 500 4231 2.5 24858 343 4231 343
EA 500 4231 2.5 24858 344 4231 344
EA 500 4231 2.5 24858 343 4231 343
EA 500 4231 2.5 24858 341 4231 341
EA 500 4231 2.5 24858 342 4231 342
EA 500 4231 2.5 24858 339 4231 339
EA 500 4231 2.5 24858 334 4231 334
EA 500 4231 2.5 24858 341 4231 341
EA 500 4231 2.5 24858 342 4231 342
EA 500 4231 2.5 24858 337 4231 337
EA 500 4231 2.5 24858 345 4231 345
EA 500 4231 2.5 24858 350 4231 350
EA 500 4231 2.5 24858 350 4231 350
EA 500 4231 2.5 24858 336 4231 336
EA 500 4231 2.5 24858 346 4231 346
EA 500 4231 2.5 24858 348 4231 348
EA 500 4231 2.5 24858 338 4231 338
EA 500 4231 2.5 24858 348 4231 348
EA 500 4231 2.5 24858 338 4231 338
EA 500 4231 2.5 24858 341 4231 341
EA 500 4231 2.5 24858 350 4231 350
EA 500 4231 2.5 24858 347 4231 347
EA 500 4231 2.5 24858 345 4231 345
EA 500 4231 2.5 24858 344 4231 344
EA 500 4231 2.5 24858 342 4231 342
EA 500 4231 2.5 24858 341 4231 341
EA 500 4231 2.5 24858 341 4231 341
EA 500 4231 2.5 24858 342 4231 342
EA 500 4231 2.5 24858 341 4231 341
EA 500 4231 2.5 24858 341 4231 341
EA 500 4231 2.5 24858 348 4231 348
EA 500 4231 2.5 24858 349 4231 349
EA 500 4231 2.5 24858 341 4231 341
EA 500 4231 2.5 24858 347 4231 347
EA 500 4231 2.5 24858 343 4231 343
EA 500 4231 2.5 24858 344 4231 344
EA 500 4231 2.5 24858 336 4231 336
EA 500 4231 2.5 24858 340 4231 340
EA 500 4231 2.5 24858 344 4231 344
EA 500 4231 2.5 24858 341 4231 341
EA 500 4231 2.5 24858 348 4231 348
EA 500 4231 2.5 24858 347 4231 347
EA 500 4231 2.5 24858 342 4231 342
EA 500 4231 2.5 24858 342 4231 342
EA 500 4231 2.5 24858 349 4231 349
EA 500 4231 2.5 24858 342 4231 342
EA 500 4231 2.5 24858 337 4231 337
EA 500 4231 2.5 24858 339 4231 339
EA 500 4231 2.5 24858 341 4231 341
EA 500 4231 2.5 24858 342 4231 342
EA 500 4231 2.5 24858 341 4231 341
EA 500 4231 2.5 24858 343 4231 343
EA 500 4231 2.5 24858 341 4231 341
EA 500 4231 2.5 24858 336 4231 336
EA 500 4231 2.5 24858 340 4231 340
EA 500 4231 2.5 24858 342 4231 342
EA 500 4231 2.5 24858 330 4231 330
EA 500 4231 2.5 24858 343 4231 343
EA 500 4231 2.5 24858 345 4231 345
EA 500 4231 2.5 24858 348 4231 348
EA 500 4231 2.5 24858 341 4231 341
EA 500 4231 2.5 24858 336 4231 336
EA 500 4231 2.5 24858 344 4231 344
EA 500 4231 2.5 24858 342 4231 342
EA 500 4231 2.5 24858 350 4231 350
EA 500 4231 2.5 24858 342 4231 342
EA 500 4231 2.5 24858 336 4231 336
EA 500 4231 2.5 24858 349 4231 349
EA 500 4231 2.5 24858 341 4231 341
EA 500 4231 2.5 24858 348 4231 348
EA 500 4231 2.5 24858 346 4231 346
EA 500 4231 2.5 24858 344 4231 344
EA 500 4231 2.5 24858 342 4231 342
EA 500 4231 2.5 24858 346 4231 346
EA 500 4231 2.5 24858 337 4231 337
EA 500 4231 2.5 24858 342 4231 342
EA 500 4231 2.5 24858 344 4231 344
EA 500 4231 2.5 24858 352 4231 352
EA 500 4231 2.5 24858 343 4231 343
EA 500 4231 2.5 24858 334 4231 334
EA 500 4231 2.5 24858 343 4231 343
EA 500 4231 2.5 24858 350 4231 350
EA 500 4231 2.5 24858 345 4231 345
EA 500 4231 2.5 24858 336 4231 336
EA 500 4231 2.5 24858 345 4231 345
EA 500 4231 2.5 24858 342 4231 342
EA 500 4231 2.5 24858 339 4231 339
EA 500 4231 2.5 24858 344 4231 344
EA 500 4231 2.5 24858 343 4231 343
EA 500 4231 2.5 24858 342 4231 342
EA 500 4672 2.55 24858 354 4672 354
EA 500 4672 2.55 24858 352 4672 352
EA 500 4672 2.55 24858 356 4672 356
EA 500 4672 2.55 24858 358 4672 358
EA 500 4672 2.55 24858 361 4672 361
EA 500 4672 2.55 24858 351 4672 351
EA 500 4672 2.55 24858 355 4672 355
EA 500 4672 2.55 24858 365 4672 365
EA 500 4672 2.55 24858 353 4672 353
EA 500 4672 2.55 24858 353 4672 353
EA 500 4672 2.55 24858 357 4672 357
EA 500 4672 2.55 24858 364 4672 364
EA 500 4672 2.55 24858 355 4672 355
EA 500 4672 2.55 24858 364 4672 364
EA 500 4672 2.55 24858 355 4672 355
EA 500 4672 2.55 24858 360 4672 360
EA 500 4672 2.55 24858 355 4672 355
EA 500 4672 2.55 24858 354 4672 354
EA 500 4672 2.55 24858 360 4672 360
EA 500 4672 2.55 24858 351 4672 351
EA 500 4672 2.55 24858 347 4672 347
EA 500 4672 2.55 24858 355 4672 355
EA 500 4672 2.55 24858 362 4672 362
EA 500 4672 2.55 24858 357 4672 357
EA 500 4672 2.55 24858 352 4672 352
EA 500 4672 2.55 24858 357 4672 357
EA 500 4672 2.55 24858 358 4672 358
EA 500 4672 2.55 24858 359 4672 359
EA 500 4672 2.55 24858 360 4672 360
EA 500 4672 2.55 24858 358 4672 358
EA 500 4672 2.55 24858 359 4672 359
EA 500 4672 2.55 24858 350 4672 350
EA 500 4672 2.55 24858 355 4672 355
EA 500 4672 2.55 24858 355 4672 355
EA 500 4672 2.55 24858 360 4672 360
EA 500 4672 2.55 24858 354 4672 354
EA 500 4672 2.55 24858 361 4672 361
EA 500 4672 2.55 24858 352 4672 352
EA 500 4672 2.55 24858 355 4672 355
EA 500 4672 2.55 24858 359 4672 359
EA 500 4672 2.55 24858 358 4672 358
EA 500 4672 2.55 24858 355 4672 355
EA 500 4672 2.55 24858 357 4672 357
EA 500 4672 2.55 24858 357 4672 357
EA 500 4672 2.55 24858 357 4672 357
EA 500 4672 2.55 24858 360 4672 360
EA 500 4672 2.55 24858 365 4672 365
EA 500 4672 2.55 24858 352 4672 352
EA 500 4672 2.55 24858 355 4672 355
EA 500 4672 2.55 24858 362 4672 362
EA 500 4672 2.55 24858 345 4672 345
EA 500 4672 2.55 24858 359 4672 359
EA 500 4672 2.55 24858 354 4672 354
EA 500 4672 2.55 24858 354 4672 354
EA 500 4672 2.55 24858 347 4672 347
EA 500 4672 2.55 24858 345 4672 345
EA 500 4672 2.55 24858 351 4672 351
EA 500 4672 2.55 24858 364 4672 364
EA 500 4672 2.55 24858 357 4672 357
EA 500 4672 2.55 24858 356 4672 356
EA 500 4672 2.55 24858 358 4672 358
EA 500 4672 2.55 24858 353 4672 353
EA 500 4672 2.55 24858 353 4672 353
EA 500 4672 2.55 24858 363 4672 363
EA 500 4672 2.55 24858 364 4672 364
EA 500 4672 2.55 24858 362 4672 362
EA 500 4672 2.55 24858 360 4672 360
EA 500 4672 2.55 24858 358 4672 358
EA 500 4672 2.55 24858 352 4672 352
EA 500 4672 2.55 24858 353 4672 353
EA 500 4672 2.55 24858 352 4672 352
EA 500 4672 2.55 24858 350 4672 350
EA 500 4672 2.55 24858 347 4672 347
EA 500 4672 2.55 24858 355 4672 355
EA 500 4672 2.55 24858 356 4672 356
EA 500 4672 2.55 24858 357 4672 357
EA 500 4672 2.55 24858 357 4672 357
EA 500 4672 2.55 24858 355 4672 355
EA 500 4672 2.55 24858 358 4672 358
EA 500 4672 2.55 24858 354 4672 354
EA 500 4672 2.55 24858 353 4672 353
EA 500 4672 2.55 24858 352 4672 352
EA 500 4672 2.55 24858 362 4672 362
EA 500 4672 2.55 24858 361 4672 361
EA 500 4672 2.55 24858 355 4672 355
EA 500 4672 2.55 24858 361 4672 361
EA 500 4672 2.55 24858 358 4672 358
EA 500 4672 2.55 24858 358 4672 358
EA 500 4672 2.55 24858 356 4672 356
EA 500 4672 2.55 24858 365 4672 365
EA 500 4672 2.55 24858 358 4672 358
EA 500 4672 2.55 24858 352 4672 352
EA 500 4672 2.55 24858 360 4672 360
EA 500 4672 2.55 24858 360 4672 360
EA 500 4672 2.55 24858 354 4672 354
EA 500 4672 2.55 24858 352 4672 352
EA 500 4672 2.55 24858 361 4672 361
EA 500 4672 2.55 24858 353 4672 353
EA 500 4672 2.55 24858 347 4672 347
EA 500 5032 2.6 24858 365 5032 365
EA 500 5032 2.6 24858 354 5032 354
EA 500 5032 2.6 24858 367 5032 367
EA 500 5032 2.6 24858 365 5032 365
EA 500 5032 2.6 24858 363 5032 363
EA 500 5032 2.6 24858 367 5032 367
EA 500 5032 2.6 24858 360 5032 360
EA 500 5032 2.6 24858 363 5032 363
EA 500 5032 2.6 24858 364 5032 364
EA 500 5032 2.6 24858 369 5032 369
EA 500 5032 2.6 24858 362 5032 362
EA 500 5032 2.6 24858 366 5032 366
EA 500 5032 2.6 24858 364 5032 364
EA 500 5032 2.6 24858 366 5032 366
EA 500 5032 2.6 24858 368 5032 368
EA 500 5032 2.6 24858 368 5032 368
EA 500 5032 2.6 24858 362 5032 362
EA 500 5032 2.6 24858 364 5032 364
EA 500 5032 2.6 24858 360 5032 360
EA 500 5032 2.6 24858 359 5032 359
EA 500 5032 2.6 24858 366 5032 366
EA 500 5032 2.6 24858 359 5032 359
EA 500 5032 2.6 24858 359 5032 359
EA 500 5032 2.6 24858 374 5032 374
EA 500 5032 2.6 24858 364 5032 364
EA 500 5032 2.6 24858 361 5032 361
EA 500 5032 2.6 24858 354 5032 354
EA 500 5032 2.6 24858 366 5032 366
EA 500 5032 2.6 24858 364 5032 364
EA 500 5032 2.6 24858 365 5032 365
EA 500 5032 2.6 24858 360 5032 360
EA 500 5032 2.6 24858 371 5032 371
EA 500 5032 2.6 24858 360 5032 360
EA 500 5032 2.6 24858 369 5032 369
EA 500 5032 2.6 24858 359 5032 359
EA 500 5032 2.6 24858 365 5032 365
EA 500 5032 2.6 24858 369 5032 369
EA 500 5032 2.6 24858 359 5032 359
EA 500 5032 2.6 24858 372 5032 372
EA 500 5032 2.6 24858 362 5032 362
EA 500 5032 2.6 24858 368 5032 368
EA 500 5032 2.6 24858 358 5032 358
EA 500 5032 2.6 24858 360 5032 360
EA 500 5032 2.6 24858 363 5032 363
EA 500 5032 2.6 24858 365 5032 365
EA 500 5032 2.6 24858 362 5032 362
EA 500 5032 2.6 24858 369 5032 369
EA 500 5032 2.6 24858 368 5032 368
EA 500 5032 2.6 24858 367 5032 367
EA 500 5032 2.6 24858 363 5032 363
EA 500 5032 2.6 24858 359 5032 359
EA 500 5032 2.6 24858 369 5032 369
EA 500 5032 2.6 24858 358 5032 358
EA 500 5032 2.6 24858 370 5032 370
EA 500 5032 2.6 24858 362 5032 362
EA 500 5032 2.6 24858 362 5032 362
EA 500 5032 2.6 24858 366 5032 366
EA 500 5032 2.6 24858 364 5032 364
EA 500 5032 2.6 24858 362 5032 362
EA 500 5032 2.6 24858 369 5032 369
EA 500 5032 2.6 24858 360 5032 360
EA 500 5032 2.6 24858 360 5032 360
EA 500 5032 2.6 24858 364 5032 364
EA 500 5032 2.6 24858 365 5032 365
EA 500 5032 2.6 24858 366 5032 366
EA 500 5032 2.6 24858 365 5032 365
EA 500 5032 2.6 24858 364 5032 364
EA 500 5032 2.6 24858 364 5032 364
EA 500 5032 2.6 24858 366 5032 366
EA 500 5032 2.6 24858 365 5032 365
EA 500 5032 2.6 24858 365 5032 365
EA 500 5032 2.6 24858 358 5032 358
EA 500 5032 2.6 24858 364 5032 364
EA 500 5032 2.6 24858 368 5032 368
EA 500 5032 2.6 24858 364 5032 364
EA 500 5032 2.6 24858 365 5032 365
EA 500 5032 2.6 24858 367 5032 367
EA 500 5032 2.6 24858 362 5032 362
EA 500 5032 2.6 24858 360 5032 360
EA 500 5032 2.6 24858 364 5032 364
EA 500 5032 2.6 24858 365 5032 365
EA 500 5032 2.6 24858 363 5032 363
EA 500 5032 2.6 24858 361 5032 361
EA 500 5032 2.6 24858 360 5032 360
EA 500 5032 2.6 24858 363 5032 363
EA 500 5032 2.6 24858 372 5032 372
EA 500 5032 2.6 24858 359 5032 359
EA 500 5032 2.6 24858 360 5032 360
EA 500 5032 2.6 24858 362 5032 362
EA 500 5032 2.6 24858 362 5032 362
EA 500 5032 2.6 24858 366 5032 366
EA 500 5032 2.6 24858 365 5032 365
EA 500 5032 2.6 24858 362 5032 362
EA 500 5032 2.6 24858 364 5032 364
EA 500 5032 2.6 24858 364 5032 364
EA 500 5032 2.6 24858 372 5032 372
EA 500 5032 2.6 24858 369 5032 369
EA 500 5032 2.6 24858 366 5032 366
EA 500 5032 2.6 24858 374 5032 374
EA 500 5469 2.65 24858 370 5469 370
EA 500 5469 2.65 24858 381 5469 381
EA 500 5469 2.65 24858 367 5469 367
EA 500 5469 2.65 24858 375 5469 375
EA 500 5469 2.65 24858 380 5469 380
EA 500 5469 2.65 24858 377 5469 377
EA 500 5469 2.65 24858 381 5469 381
EA 500 5469 2.65 24858 371 5469 371
EA 500 5469 2.65 24858 372 5469 372
EA 500 5469 2.65 24858 367 5469 367
EA 500 5469 2.65 24858 377 5469 377
EA 500 5469 2.65 24858 376 5469 376
EA 500 5469 2.65 24858 371 5469 371
EA 500 5469 2.65 24858 374 5469 374
EA 500 5469 2.65 24858 381 5469 381
EA 500 5469 2.65 24858 378 5469 378
EA 500 5469 2.65 24858 377 5469 377
EA 500 5469 2.65 24858 366 5469 366
EA 500 5469 2.65 24858 380 5469 380
EA 500 5469 2.65 24858 370 5469 370
EA 500 5469 2.65 24858 365 5469 365
EA 500 5469 2.65 24858 377 5469 377
EA 500 5469 2.65 24858 375 5469 375
EA 500 5469 2.65 24858 375 5469 375
EA 500 5469 2.65 24858 376 5469 376
EA 500 5469 2.65 24858 367 5469 367
EA 500 5469 2.65 24858 377 5469 377
EA 500 5469 2.65 24858 373 5469 373
EA 500 5469 2.65 24858 374 5469 374
EA 500 5469 2.65 24858 375 5469 375
EA 500 5469 2.65 24858 367 5469 367
EA 500 5469 2.65 24858 368 5469 368
EA 500 5469 2.65 24858 376 5469 376
EA 500 5469 2.65 24858 376 5469 376
EA 500 5469 2.65 24858 374 5469 374
EA 500 5469 2.65 24858 369 5469 369
EA 500 5469 2.65 24858 375 5469 375
EA 500 5469 2.65 24858 372 5469 372
EA 500 5469 2.65 24858 369 5469 369
EA 500 5469 2.65 24858 375 5469 375
EA 500 5469 2.65 24858 371 5469 371
EA 500 5469 2.65 24858 373 5469 373
EA 500 5469 2.65 24858 374 5469 374
EA 500 5469 2.65 24858 367 5469 367
EA 500 5469 2.65 24858 371 5469 371
EA 500 5469 2.65 24858 380 5469 380
EA 500 5469 2.65 24858 372 5469 372
EA 500 5469 2.65 24858 366 5469 366
EA 500 5469 2.65 24858 373 5469 373
EA 500 5469 2.65 24858 375 5469 375
EA 500 5469 2.65 24858 369 5469 369
EA 500 5469 2.65 24858 377 5469 377
EA 500 5469 2.65 24858 379 5469 379
EA 500 5469 2.65 24858 369 5469 369
EA 500 5469 2.65 24858 381 5469 381
EA 500 5469 2.65 24858 374 5469 374
EA 500 5469 2.65 24858 375 5469 375
EA 500 5469 2.65 24858 375 5469 375
EA 500 5469 2.65 24858 367 5469 367
EA 500 5469 2.65 24858 381 5469 381
EA 500 5469 2.65 24858 374 5469 374
EA 500 5469 2.65 24858 371 5469 371
EA 500 5469 2.65 24858 370 5469 370
EA 500 5469 2.65 24858 376 5469 376
EA 500 5469 2.65 24858 376 5469 376
EA 500 5469 2.65 24858 380 5469 380
EA 500 5469 2.65 24858 370 5469 370
EA 500 5469 2.65 24858 373 5469 373
EA 500 5469 2.65 24858 375 5469 375
EA 500 5469 2.65 24858 376 5469 376
EA 500 5469 2.65 24858 372 5469 372
EA 500 5469 2.65 24858 377 5469 377
EA 500 5469 2.65 24858 379 5469 379
EA 500 5469 2.65 24858 370 5469 370
EA 500 5469 2.65 24858 369 5469 369
EA 500 5469 2.65 24858 374 5469 374
EA 500 5469 2.65 24858 378 5469 378
EA 500 5469 2.65 24858 371 5469 371
EA 500 5469 2.65 24858 381 5469 381
EA 500 5469 2.65 24858 376 5469 376
EA 500 5469 2.65 24858 370 5469 370
EA 500 5469 2.65 24858 371 5469 371
EA 500 5469 2.65 24858 370 5469 370
EA 500 5469 2.65 24858 370 5469 370
EA 500 5469 2.65 24858 385 5469 385
EA 500 5469 2.65 24858 381 5469 381
EA 500 5469 2.65 24858 368 5469 368
EA 500 5469 2.65 24858 369 5469 369
EA 500 5469 2.65 24858 380 5469 380
EA 500 5469 2.65 24858 371 5469 371
EA 500 5469 2.65 24858 375 5469 375
EA 500 5469 2.65 24858 380 5469 380
EA 500 5469 2.65 24858 373 5469 373
EA 500 5469 2.65 24858 375 5469 375
EA 500 5469 2.65 24858 372 5469 372
EA 500 5469 2.65 24858 372 5469 372
EA 500 5469 2.65 24858 372 5469 372
EA 500 5469 2.65 24858 368 5469 368
EA 500 5469 2.65 24858 373 5469 373
EA 500 5988 2.7 24858 380 5988 380
EA 500 5988 2.7 24858 388 5988 388
EA 500 5988 2.7 24858 394 5988 394
EA 500 5988 2.7 24858 379 5988 379
EA 500 5988 2.7 24858 382 5988 382
EA 500 5988 2.7 24858 383 5988 383
EA 500 5988 2.7 24858 383 5988 383
EA 500 5988 2.7 24858 383 5988 383
EA 500 5988 2.7 24858 383 5988 383
EA 500 5988 2.7 24858 381 5988 381
EA 500 5988 2.7 24858 383 5988 383
EA 500 5988 2.7 24858 389 5988 389
EA 500 5988 2.7 24858 389 5988 389
EA 500 5988 2.7 24858 390 5988 390
EA 500 5988 2.7 24858 382 5988 382
EA 500 5988 2.7 24858 390 5988 390
EA 500 5988 2.7 24858 388 5988 388
EA 500 5988 2.7 24858 390 5988 390
EA 500 5988 2.7 24858 392 5988 392
EA 500 5988 2.7 24858 386 5988 386
EA 500 5988 2.7 24858 385 5988 385
EA 500 5988 2.7 24858 381 5988 381
EA 500 5988 2.7 24858 382 5988 382
EA 500 5988 2.7 24858 388 5988 388
EA 500 5988 2.7 24858 382 5988 382
EA 500 5988 2.7 24858 382 5988 382
EA 500 5988 2.7 24858 379 5988 379
EA 500 5988 2.7 24858 390 5988 390
EA 500 5988 2.7 24858 387 5988 387
EA 500 5988 2.7 24858 382 5988 382
EA 500 5988 2.7 24858 384 5988 384
EA 500 5988 2.7 24858 384 5988 384
EA 500 5988 2.7 24858 385 5988 385
EA 500 5988 2.7 24858 382 5988 382
EA 500 5988 2.7 24858 385 5988 385
EA 500 5988 2.7 24858 377 5988 377
EA 500 5988 2.7 24858 379 5988 379
EA 500 5988 2.7 24858 388 5988 388
EA 500 5988 2.7 24858 382 5988 382
EA 500 5988 2.7 24858 383 5988 383
EA 500 5988 2.7 24858 382 5988 382
EA 500 5988 2.7 24858 390 5988 390
EA 500 5988 2.7 24858 390 5988 390
EA 500 5988 2.7 24858 384 5988 384
EA 500 5988 2.7 24858 383 5988 383
EA 500 5988 2.7 24858 383 5988 383
EA 500 5988 2.7 24858 385 5988 385
EA 500 5988 2.7 24858 384 5988 384
EA 500 5988 2.7 24858 384 5988 384
EA 500 5988 2.7 24858 382 5988 382
EA 500 5988 2.7 24858 383 5988 383
EA 500 5988 2.7 24858 392 5988 392
EA 500 5988 2.7 24858 379 5988 379
EA 500 5988 2.7 24858 383 5988 383
EA 500 5988 2.7 24858 387 5988 387
EA 500 5988 2.7 24858 382 5988 382
EA 500 5988 2.7 24858 379 5988 379
EA 500 5988 2.7 24858 393 5988 393
EA 500 5988 2.7 24858 379 5988 379
EA 500 5988 2.7 24858 384 5988 384
EA 500 5988 2.7 24858 382 5988 382
EA 500 5988 2.7 24858 392 5988 392
EA 500 5988 2.7 24858 388 5988 388
EA 500 5988 2.7 24858 386 5988 386
EA 500 5988 2.7 24858 384 5988 384
EA 500 5988 2.7 24858 384 5988 384
EA 500 5988 2.7 24858 387 5988 387
EA 500 5988 2.7 24858 392 5988 392
EA 500 5988 2.7 24858 379 5988 379
EA 500 5988 2.7 24858 392 5988 392
EA 500 5988 2.7 24858 390 5988 390
EA 500 5988 2.7 24858 389 5988 389
EA 500 5988 2.7 24858 386 5988 386
EA 500 5988 2.7 24858 380 5988 380
EA 500 5988 2.7 24858 392 5988 392
EA 500 5988 2.7 24858 382 5988 382
EA 500 5988 2.7 24858 381 5988 381
EA 500 5988 2.7 24858 375 5988 375
EA 500 5988 2.7 24858 379 5988 379
EA 500 5988 2.7 24858 373 5988 373
EA 500 5988 2.7 24858 380 5988 380
EA 500 5988 2.7 24858 383 5988 383
EA 500 5988 2.7 24858 380 5988 380
EA 500 5988 2.7 24858 384 5988 384
EA 500 5988 2.7 24858 388 5988 388
EA 500 5988 2.7 24858 383 5988 383
EA 500 5988 2.7 24858 382 5988 382
EA 500 5988 2.7 24858 382 5988 382
EA 500 5988 2.7 24858 382 5988 382
EA 500 5988 2.7 24858 379 5988 379
EA 500 5988 2.7 24858 383 5988 383
EA 500 5988 2.7 24858 386 5988 386
EA 500 5988 2.7 24858 381 5988 381
EA 500 5988 2.7 24858 393 5988 393
EA 500 5988 2.7 24858 388 5988 388
EA 500 5988 2.7 24858 381 5988 381
EA 500 5988 2.7 24858 383 5988 383
EA 500 5988 2.7 24858 381 5988 381
EA 500 5988 2.7 24858 392 5988 392
EA 500 6338 2.75 24858 391 6338 391
EA 500 6338 2.75 24858 399 6338 399
EA 500 6338 2.75 24858 392 6338 392
EA 500 6338 2.75 24858 390 6338 390
EA 500 6338 2.75 24858 391 6338 391
EA 500 6338 2.75 24858 390 6338 390
EA 500 6338 2.75 24858 397 6338 397
EA 500 6338 2.75 24858 399 6338 399
EA 500 6338 2.75 24858 393 6338 393
EA 500 6338 2.75 24858 392 6338 392
EA 500 6338 2.75 24858 392 6338 392
EA 500 6338 2.75 24858 391 6338 391
EA 500 6338 2.75 24858 397 6338 397
EA 500 6338 2.75 24858 397 6338 397
EA 500 6338 2.75 24858 385 6338 385
EA 500 6338 2.75 24858 399 6338 399
EA 500 6338 2.75 24858 387 6338 387
EA 500 6338 2.75 24858 397 6338 397
EA 500 6338 2.75 24858 396 6338 396
EA 500 6338 2.75 24858 397 6338 397
EA 500 6338 2.75 24858 392 6338 392
EA 500 6338 2.75 24858 391 6338 391
EA 500 6338 2.75 24858 387 6338 387
EA 500 6338 2.75 24858 390 6338 390
EA 500 6338 2.75 24858 384 6338 384
EA 500 6338 2.75 24858 392 6338 392
EA 500 6338 2.75 24858 387 6338 387
EA 500 6338 2.75 24858 392 6338 392
EA 500 6338 2.75 24858 398 6338 398
EA 500 6338 2.75 24858 396 6338 396
EA 500 6338 2.75 24858 385 6338 385
EA 500 6338 2.75 24858 398 6338 398
EA 500 6338 2.75 24858 392 6338 392
EA 500 6338 2.75 24858 392 6338 392
EA 500 6338 2.75 24858 396 6338 396
EA 500 6338 2.75 24858 387 6338 387
EA 500 6338 2.75 24858 393 6338 393
EA 500 6338 2.75 24858 386 6338 386
EA 500 6338 2.75 24858 397 6338 397
EA 500 6338 2.75 24858 395 6338 395
EA 500 6338 2.75 24858 384 6338 384
EA 500 6338 2.75 24858 390 6338 390
EA 500 6338 2.75 24858 392 6338 392
EA 500 6338 2.75 24858 387 6338 387
EA 500 6338 2.75 24858 387 6338 387
EA 500 6338 2.75 24858 386 6338 386
EA 500 6338 2.75 24858 394 6338 394
EA 500 6338 2.75 24858 394 6338 394
EA 500 6338 2.75 24858 396 6338 396
EA 500 6338 2.75 24858 389 6338 389
EA 500 6338 2.75 24858 388 6338 388
EA 500 6338 2.75 24858 391 6338 391
EA 500 6338 2.75 24858 386 6338 386
EA 500 6338 2.75 24858 397 6338 397
EA 500 6338 2.75 24858 390 6338 390
EA 500 6338 2.75 24858 391 6338 391
EA 500 6338 2.75 24858 392 6338 392
EA 500 6338 2.75 24858 395 6338 395
EA 500 6338 2.75 24858 388 6338 388
EA 500 6338 2.75 24858 390 6338 390
EA 500 6338 2.75 24858 384 6338 384
EA 500 6338 2.75 24858 395 6338 395
EA 500 6338 2.75 24858 396 6338 396
EA 500 6338 2.75 24858 396 6338 396
EA 500 6338 2.75 24858 397 6338 397
EA 500 6338 2.75 24858 390 6338 390
EA 500 6338 2.75 24858 396 6338 396
EA 500 6338 2.75 24858 397 6338 397
EA 500 6338 2.75 24858 397 6338 397
EA 500 6338 2.75 24858 392 6338 392
EA 500 6338 2.75 24858 391 6338 391
EA 500 6338 2.75 24858 392 6338 392
EA 500 6338 2.75 24858 390 6338 390
EA 500 6338 2.75 24858 387 6338 387
EA 500 6338 2.75 24858 394 6338 394
EA 500 6338 2.75 24858 393 6338 393
EA 500 6338 2.75 24858 392 6338 392
EA 500 6338 2.75 24858 385 6338 385
EA 500 6338 2.75 24858 387 6338 387
EA 500 6338 2.75 24858 392 6338 392
EA 500 6338 2.75 24858 389 6338 389
EA 500 6338 2.75 24858 387 6338 387
EA 500 6338 2.75 24858 391 6338 391
EA 500 6338 2.75 24858 388 6338 388
EA 500 6338 2.75 24858 393 6338 393
EA 500 6338 2.75 24858 393 6338 393
EA 500 6338 2.75 24858 398 6338 398
EA 500 6338 2.75 24858 386 6338 386
EA 500 6338 2.75 24858 394 6338 394
EA 500 6338 2.75 24858 398 6338 398
EA 500 6338 2.75 24858 384 6338 384
EA 500 6338 2.75 24858 392 6338 392
EA 500 6338 2.75 24858 394 6338 394
EA 500 6338 2.75 24858 388 6338 388
EA 500 6338 2.75 24858 393 6338 393
EA 500 6338 2.75 24858 390 6338 390
EA 500 6338 2.75 24858 399 6338 399
EA 500 6338 2.75 24858 391 6338 391
EA 500 6338 2.75 24858 398 6338 398
EA 500 6972 2.8 24858 400 6972 400
EA 500 6972 2.8 24858 403 6972 403
EA 500 6972 2.8 24858 394 6972 394
EA 500 6972 2.8 24858 401 6972 401
EA 500 6972 2.8 24858 405 6972 405
EA 500 6972 2.8 24858 393 6972 393
EA 500 6972 2.8 24858 399 6972 399
EA 500 6972 2.8 24858 400 6972 400
EA 500 6972 2.8 24858 400 6972 400
EA 500 6972 2.8 24858 394 6972 394
EA 500 6972 2.8 24858 400 6972 400
EA 500 6972 2.8 24858 393 6972 393
EA 500 6972 2.8 24858 401 6972 401
EA 500 6972 2.8 24858 398 6972 398
EA 500 6972 2.8 24858 401 6972 401
EA 500 6972 2.8 24858 401 6972 401
EA 500 6972 2.8 24858 390 6972 390
EA 500 6972 2.8 24858 399 6972 399
EA 500 6972 2.8 24858 399 6972 399
EA 500 6972 2.8 24858 400 6972 400
EA 500 6972 2.8 24858 400 6972 400
EA 500 6972 2.8 24858 402 6972 402
EA 500 6972 2.8 24858 401 6972 401
EA 500 6972 2.8 24858 401 6972 401
EA 500 6972 2.8 24858 398 6972 398
EA 500 6972 2.8 24858 399 6972 399
EA 500 6972 2.8 24858 396 6972 396
EA 500 6972 2.8 24858 399 6972 399
EA 500 6972 2.8 24858 400 6972 400
EA 500 6972 2.8 24858 398 6972 398
EA 500 6972 2.8 24858 397 6972 397
EA 500 6972 2.8 24858 400 6972 400
EA 500 6972 2.8 24858 397 6972 397
EA 500 6972 2.8 24858 400 6972 400
EA 500 6972 2.8 24858 399 6972 399
EA 500 6972 2.8 24858 391 6972 391
EA 500 6972 2.8 24858 403 6972 403
EA 500 6972 2.8 24858 399 6972 399
EA 500 6972 2.8 24858 400 6972 400
EA 500 6972 2.8 24858 401 6972 401
EA 500 6972 2.8 24858 399 6972 399
EA 500 6972 2.8 24858 398 6972 398
EA 500 6972 2.8 24858 399 6972 399
EA 500 6972 2.8 24858 400 6972 400
EA 500 6972 2.8 24858 396 6972 396
EA 500 6972 2.8 24858 397 6972 397
EA 500 6972 2.8 24858 394 6972 394
EA 500 6972 2.8 24858 398 6972 398
EA 500 6972 2.8 24858 402 6972 402
EA 500 6972 2.8 24858 395 6972 395
EA 500 6972 2.8 24858 398 6972 398
EA 500 6972 2.8 24858 398 6972 398
EA 500 6972 2.8 24858 398 6972 398
EA 500 6972 2.8 24858 398 6972 398
EA 500 6972 2.8 24858 398 6972 398
EA 500 6972 2.8 24858 401 6972 401
EA 500 6972 2.8 24858 402 6972 402
EA 500 6972 2.8 24858 390 6972 390
EA 500 6972 2.8 24858 398 6972 398
EA 500 6972 2.8 24858 401 6972 401
EA 500 6972 2.8 24858 401 6972 401
EA 500 6972 2.8 24858 400 6972 400
EA 500 6972 2.8 24858 400 6972 400
EA 500 6972 2.8 24858 404 6972 404
EA 500 6972 2.8 24858 399 6972 399
EA 500 6972 2.8 24858 395 6972 395
EA 500 6972 2.8 24858 394 6972 394
EA 500 6972 2.8 24858 400 6972 400
EA 500 6972 2.8 24858 400 6972 400
EA 500 6972 2.8 24858 398 6972 398
EA 500 6972 2.8 24858 394 6972 394
EA 500 6972 2.8 24858 408 6972 408
EA 500 6972 2.8 24858 399 6972 399
EA 500 6972 2.8 24858 395 6972 395
EA 500 6972 2.8 24858 401 6972 401
EA 500 6972 2.8 24858 399 6972 399
EA 500 6972 2.8 24858 400 6972 400
EA 500 6972 2.8 24858 400 6972 400
EA 500 6972 2.8 24858 408 6972 408
EA 500 6972 2.8 24858 398 6972 398
EA 500 6972 2.8 24858 395 6972 395
EA 500 6972 2.8 24858 399 6972 399
EA 500 6972 2.8 24858 398 6972 398
EA 500 6972 2.8 24858 400 6972 400
EA 500 6972 2.8 24858 400 6972 400
EA 500 6972 2.8 24858 399 6972 399
EA 500 6972 2.8 24858 396 6972 396
EA 500 6972 2.8 24858 403 6972 403
EA 500 6972 2.8 24858 394 6972 394
EA 500 6972 2.8 24858 402 6972 402
EA 500 6972 2.8 24858 394 6972 394
EA 500 6972 2.8 24858 401 6972 401
EA 500 6972 2.8 24858 399 6972 399
EA 500 6972 2.8 24858 399 6972 399
EA 500 6972 2.8 24858 401 6972 401
EA 500 6972 2.8 24858 406 6972 406
EA 500 6972 2.8 24858 396 6972 396
EA 500 6972 2.8 24858 399 6972 399
EA 500 6972 2.8 24858 394 6972 394
EA 500 7346 2.85 24858 409 7346 409
EA 500 7346 2.85 24858 401 7346 401
EA 500 7346 2.85 24858 405 7346 405
EA 500 7346 2.85 24858 390 7346 390
EA 500 7346 2.85 24858 406 7346 406
EA 500 7346 2.85 24858 404 7346 404
EA 500 7346 2.85 24858 401 7346 401
EA 500 7346 2.85 24858 404 7346 404
EA 500 7346 2.85 24858 406 7346 406
EA 500 7346 2.85 24858 401 7346 401
EA 500 7346 2.85 24858 401 7346 401
EA 500 7346 2.85 24858 393 7346 393
EA 500 7346 2.85 24858 406 7346 406
EA 500 7346 2.85 24858 399 7346 399
EA 500 7346 2.85 24858 406 7346 406
EA 500 7346 2.85 24858 399 7346 399
EA 500 7346 2.85 24858 401 7346 401
EA 500 7346 2.85 24858 408 7346 408
EA 500 7346 2.85 24858 404 7346 404
EA 500 7346 2.85 24858 409 7346 409
EA 500 7346 2.85 24858 404 7346 404
EA 500 7346 2.85 24858 403 7346 403
EA 500 7346 2.85 24858 408 7346 408
EA 500 7346 2.85 24858 395 7346 395
EA 500 7346 2.85 24858 399 7346 399
EA 500 7346 2.85 24858 408 7346 408
EA 500 7346 2.85 24858 409 7346 409
EA 500 7346 2.85 24858 410 7346 410
EA 500 7346 2.85 24858 400 7346 400
EA 500 7346 2.85 24858 406 7346 406
EA 500 7346 2.85 24858 408 7346 408
EA 500 7346 2.85 24858 398 7346 398
EA 500 7346 2.85 24858 404 7346 404
EA 500 7346 2.85 24858 399 7346 399
EA 500 7346 2.85 24858 400 7346 400
EA 500 7346 2.85 24858 404 7346 404
EA 500 7346 2.85 24858 404 7346 404
EA 500 7346 2.85 24858 395 7346 395
EA 500 7346 2.85 24858 409 7346 409
EA 500 7346 2.85 24858 388 7346 388
EA 500 7346 2.85 24858 402 7346 402
EA 500 7346 2.85 24858 401 7346 401
EA 500 7346 2.85 24858 406 7346 406
EA 500 7346 2.85 24858 401 7346 401
EA 500 7346 2.85 24858 390 7346 390
EA 500 7346 2.85 24858 409 7346 409
EA 500 7346 2.85 24858 406 7346 406
EA 500 7346 2.85 24858 402 7346 402
EA 500 7346 2.85 24858 404 7346 404
EA 500 7346 2.85 24858 399 7346 399
EA 500 7346 2.85 24858 406 7346 406
EA 500 7346 2.85 24858 407 7346 407
EA 500 7346 2.85 24858 404 7346 404
EA 500 7346 2.85 24858 408 7346 408
EA 500 7346 2.85 24858 403 7346 403
EA 500 7346 2.85 24858 388 7346 388
EA 500 7346 2.85 24858 399 7346 399
EA 500 7346 2.85 24858 401 7346 401
EA 500 7346 2.85 24858 408 7346 408
EA 500 7346 2.85 24858 405 7346 405
EA 500 7346 2.85 24858 400 7346 400
EA 500 7346 2.85 24858 404 7346 404
EA 500 7346 2.85 24858 408 7346 408
EA 500 7346 2.85 24858 395 7346 395
EA 500 7346 2.85 24858 399 7346 399
EA 500 7346 2.85 24858 401 7346 401
EA 500 7346 2.85 24858 401 7346 401
EA 500 7346 2.85 24858 403 7346 403
EA 500 7346 2.85 24858 405 7346 405
EA 500 7346 2.85 24858 400 7346 400
EA 500 7346 2.85 24858 408 7346 408
EA 500 7346 2.85 24858 399 7346 399
EA 500 7346 2.85 24858 403 7346 403
EA 500 7346 2.85 24858 400 7346 400
EA 500 7346 2.85 24858 395 7346 395
EA 500 7346 2.85 24858 398 7346 398
EA 500 7346 2.85 24858 404 7346 404
EA 500 7346 2.85 24858 400 7346 400
EA 500 7346 2.85 24858 409 7346 409
EA 500 7346 2.85 24858 410 7346 410
EA 500 7346 2.85 24858 401 7346 401
EA 500 7346 2.85 24858 409 7346 409
EA 500 7346 2.85 24858 398 7346 398
EA 500 7346 2.85 24858 405 7346 405
EA 500 7346 2.85 24858 404 7346 404
EA 500 7346 2.85 24858 402 7346 402
EA 500 7346 2.85 24858 406 7346 406
EA 500 7346 2.85 24858 402 7346 402
EA 500 7346 2.85 24858 404 7346 404
EA 500 7346 2.85 24858 399 7346 399
EA 500 7346 2.85 24858 406 7346 406
EA 500 7346 2.85 24858 398 7346 398
EA 500 7346 2.85 24858 402 7346 402
EA 500 7346 2.85 24858 402 7346 402
EA 500 7346 2.85 24858 413 7346 413
EA 500 7346 2.85 24858 409 7346 409
EA 500 7346 2.85 24858 405 7346 405
EA 500 7346 2.85 24858 400 7346 400
EA 500 7346 2.85 24858 400 7346 400
EA 500 7654 2.9 24858 409 7654 409
EA 500 7654 2.9 24858 408 7654 408
EA 500 7654 2.9 24858 405 7654 405
EA 500 7654 2.9 24858 415 7654 415
EA 500 7654 2.9 24858 418 7654 418
EA 500 7654 2.9 24858 405 7654 405
EA 500 7654 2.9 24858 412 7654 412
EA 500 7654 2.9 24858 412 7654 412
EA 500 7654 2.9 24858 402 7654 402
EA 500 7654 2.9 24858 409 7654 409
EA 500 7654 2.9 24858 409 7654 409
EA 500 7654 2.9 24858 408 7654 408
EA 500 7654 2.9 24858 404 7654 404
EA 500 7654 2.9 24858 406 7654 406
EA 500 7654 2.9 24858 409 7654 409
EA 500 7654 2.9 24858 405 7654 405
EA 500 7654 2.9 24858 411 7654 411
EA 500 7654 2.9 24858 414 7654 414
EA 500 7654 2.9 24858 402 7654 402
EA 500 7654 2.9 24858 404 7654 404
EA 500 7654 2.9 24858 406 7654 406
EA 500 7654 2.9 24858 410 7654 410
EA 500 7654 2.9 24858 405 7654 405
EA 500 7654 2.9 24858 413 7654 413
EA 500 7654 2.9 24858 405 7654 405
EA 500 7654 2.9 24858 405 7654 405
EA 500 7654 2.9 24858 401 7654 401
EA 500 7654 2.9 24858 409 7654 409
EA 500 7654 2.9 24858 409 7654 409
EA 500 7654 2.9 24858 409 7654 409
EA 500 7654 2.9 24858 408 7654 408
EA 500 7654 2.9 24858 410 7654 410
EA 500 7654 2.9 24858 401 7654 401
EA 500 7654 2.9 24858 413 7654 413
EA 500 7654 2.9 24858 401 7654 401
EA 500 7654 2.9 24858 411 7654 411
EA 500 7654 2.9 24858 410 7654 410
EA 500 7654 2.9 24858 411 7654 411
EA 500 7654 2.9 24858 403 7654 403
EA 500 7654 2.9 24858 411 7654 411
EA 500 7654 2.9 24858 403 7654 403
EA 500 7654 2.9 24858 413 7654 413
EA 500 7654 2.9 24858 406 7654 406
EA 500 7654 2.9 24858 407 7654 407
EA 500 7654 2.9 24858 401 7654 401
EA 500 7654 2.9 24858 406 7654 406
EA 500 7654 2.9 24858 406 7654 406
EA 500 7654 2.9 24858 404 7654 404
EA 500 7654 2.9 24858 407 7654 407
EA 500 7654 2.9 24858 409 7654 409
EA 500 7654 2.9 24858 414 7654 414
EA 500 7654 2.9 24858 402 7654 402
EA 500 7654 2.9 24858 407 7654 407
EA 500 7654 2.9 24858 414 7654 414
EA 500 7654 2.9 24858 409 7654 409
EA 500 7654 2.9 24858 407 7654 407
EA 500 7654 2.9 24858 409 7654 409
EA 500 7654 2.9 24858 413 7654 413
EA 500 7654 2.9 24858 408 7654 408
EA 500 7654 2.9 24858 409 7654 409
EA 500 7654 2.9 24858 406 7654 406
EA 500 7654 2.9 24858 409 7654 409
EA 500 7654 2.9 24858 411 7654 411
EA 500 7654 2.9 24858 409 7654 409
EA 500 7654 2.9 24858 414 7654 414
EA 500 7654 2.9 24858 407 7654 407
EA 500 7654 2.9 24858 413 7654 413
EA 500 7654 2.9 24858 411 7654 411
EA 500 7654 2.9 24858 409 7654 409
EA 500 7654 2.9 24858 413 7654 413
EA 500 7654 2.9 24858 408 7654 408
EA 500 7654 2.9 24858 413 7654 413
EA 500 7654 2.9 24858 409 7654 409
EA 500 7654 2.9 24858 414 7654 414
EA 500 7654 2.9 24858 408 7654 408
EA 500 7654 2.9 24858 407 7654 407
EA 500 7654 2.9 24858 411 7654 411
EA 500 7654 2.9 24858 409 7654 409
EA 500 7654 2.9 24858 402 7654 402
EA 500 7654 2.9 24858 409 7654 409
EA 500 7654 2.9 24858 405 7654 405
EA 500 7654 2.9 24858 402 7654 402
EA 500 7654 2.9 24858 406 7654 406
EA 500 7654 2.9 24858 409 7654 409
EA 500 7654 2.9 24858 414 7654 414
EA 500 7654 2.9 24858 406 7654 406
EA 500 7654 2.9 24858 409 7654 409
EA 500 7654 2.9 24858 409 7654 409
EA 500 7654 2.9 24858 409 7654 409
EA 500 7654 2.9 24858 406 7654 406
EA 500 7654 2.9 24858 402 7654 402
EA 500 7654 2.9 24858 407 7654 407
EA 500 7654 2.9 24858 410 7654 410
EA 500 7654 2.9 24858 413 7654 413
EA 500 7654 2.9 24858 408 7654 408
EA 500 7654 2.9 24858 411 7654 411
EA 500 7654 2.9 24858 409 7654 409
EA 500 7654 2.9 24858 402 7654 402
EA 500 7654 2.9 24858 414 7654 414
EA 500 8373 2.95 24858 420 8373 420
EA 500 8373 2.95 24858 421 8373 421
EA 500 8373 2.95 24858 413 8373 413
EA 500 8373 2.95 24858 415 8373 415
EA 500 8373 2.95 24858 418 8373 418
EA 500 8373 2.95 24858 412 8373 412
EA 500 8373 2.95 24858 421 8373 421
EA 500 8373 2.95 24858 414 8373 414
EA 500 8373 2.95 24858 416 8373 416
EA 500 8373 2.95 24858 417 8373 417
EA 500 8373 2.95 24858 416 8373 416
EA 500 8373 2.95 24858 415 8373 415
EA 500 8373 2.95 24858 415 8373 415
EA 500 8373 2.95 24858 413 8373 413
EA 500 8373 2.95 24858 415 8373 415
EA 500 8373 2.95 24858 417 8373 417
EA 500 8373 2.95 24858 413 8373 413
EA 500 8373 2.95 24858 413 8373 413
EA 500 8373 2.95 24858 411 8373 411
EA 500 8373 2.95 24858 427 8373 427
EA 500 8373 2.95 24858 419 8373 419
EA 500 8373 2.95 24858 418 8373 418
EA 500 8373 2.95 24858 414 8373 414
EA 500 8373 2.95 24858 411 8373 411
EA 500 8373 2.95 24858 411 8373 411
EA 500 8373 2.95 24858 422 8373 422
EA 500 8373 2.95 24858 410 8373 410
EA 500 8373 2.95 24858 417 8373 417
EA 500 8373 2.95 24858 415 8373 415
EA 500 8373 2.95 24858 417 8373 417
EA 500 8373 2.95 24858 411 8373 411
EA 500 8373 2.95 24858 421 8373 421
EA 500 8373 2.95 24858 415 8373 415
EA 500 8373 2.95 24858 417 8373 417
EA 500 8373 2.95 24858 422 8373 422
EA 500 8373 2.95 24858 413 8373 413
EA 500 8373 2.95 24858 427 8373 427
EA 500 8373 2.95 24858 415 8373 415
EA 500 8373 2.95 24858 415 8373 415
EA 500 8373 2.95 24858 410 8373 410
EA 500 8373 2.95 24858 409 8373 409
EA 500 8373 2.95 24858 422 8373 422
EA 500 8373 2.95 24858 411 8373 411
EA 500 8373 2.95 24858 413 8373 413
EA 500 8373 2.95 24858 421 8373 421
EA 500 8373 2.95 24858 412 8373 412
EA 500 8373 2.95 24858 417 8373 417
EA 500 8373 2.95 24858 416 8373 416
EA 500 8373 2.95 24858 416 8373 416
EA 500 8373 2.95 24858 420 8373 420
EA 500 8373 2.95 24858 413 8373 413
EA 500 8373 2.95 24858 415 8373 415
EA 500 8373 2.95 24858 415 8373 415
EA 500 8373 2.95 24858 414 8373 414
EA 500 8373 2.95 24858 412 8373 412
EA 500 8373 2.95 24858 424 8373 424
EA 500 8373 2.95 24858 423 8373 423
EA 500 8373 2.95 24858 417 8373 417
EA 500 8373 2.95 24858 420 8373 420
EA 500 8373 2.95 24858 415 8373 415
EA 500 8373 2.95 24858 417 8373 417
EA 500 8373 2.95 24858 415 8373 415
EA 500 8373 2.95 24858 417 8373 417
EA 500 8373 2.95 24858 414 8373 414
EA 500 8373 2.95 24858 413 8373 413
EA 500 8373 2.95 24858 414 8373 414
EA 500 8373 2.95 24858 414 8373 414
EA 500 8373 2.95 24858 417 8373 417
EA 500 8373 2.95 24858 419 8373 419
EA 500 8373 2.95 24858 415 8373 415
EA 500 8373 2.95 24858 419 8373 419
EA 500 8373 2.95 24858 413 8373 413
EA 500 8373 2.95 24858 410 8373 410
EA 500 8373 2.95 24858 411 8373 411
EA 500 8373 2.95 24858 416 8373 416
EA 500 8373 2.95 24858 419 8373 419
EA 500 8373 2.95 24858 415 8373 415
EA 500 8373 2.95 24858 424 8373 424
EA 500 8373 2.95 24858 419 8373 419
EA 500 8373 2.95 24858 414 8373 414
EA 500 8373 2.95 24858 410 8373 410
EA 500 8373 2.95 24858 409 8373 409
EA 500 8373 2.95 24858 417 8373 417
EA 500 8373 2.95 24858 413 8373 413
EA 500 8373 2.95 24858 413 8373 413
EA 500 8373 2.95 24858 422 8373 422
EA 500 8373 2.95 24858 415 8373 415
EA 500 8373 2.95 24858 415 8373 415
EA 500 8373 2.95 24858 415 8373 415
EA 500 8373 2.95 24858 422 8373 422
EA 500 8373 2.95 24858 411 8373 411
EA 500 8373 2.95 24858 417 8373 417
EA 500 8373 2.95 24858 411 8373 411
EA 500 8373 2.95 24858 417 8373 417
EA 500 8373 2.95 24858 414 8373 414
EA 500 8373 2.95 24858 422 8373 422
EA 500 8373 2.95 24858 411 8373 411
EA 500 8373 2.95 24858 416 8373 416
EA 500 8373 2.95 24858 420 8373 420
