0 1
0 2
0 3
0 4
0 5
0 6
0 7
0 8
0 9
0 10
0 11
0 12
0 13
0 14
0 15
0 16
0 17
0 18
0 19
0 20
0 21
0 22
0 23
0 24
0 25
0 26
0 27
0 28
0 29
0 30
0 31
0 32
0 33
0 34
0 35
0 36
0 37
0 38
0 39
0 40
0 41
0 42
0 43
0 44
0 45
0 46
0 47
0 48
0 49
0 50
0 51
0 52
0 53
0 54
0 55
0 56
0 57
0 58
0 59
0 60
0 61
0 62
0 63
0 64
0 65
0 66
0 67
0 68
0 69
0 70
0 71
0 72
0 73
0 74
0 75
0 76
0 77
0 78
0 79
0 80
0 81
0 82
0 83
0 85
0 87
0 88
0 89
0 90
0 91
0 92
0 93
0 94
0 95
0 97
0 98
0 99
0 100
0 102
0 103
0 106
0 107
0 109
0 111
0 112
0 114
0 115
0 116
0 118
0 120
0 121
0 122
0 123
0 126
0 129
0 130
0 131
0 134
0 135
0 137
0 139
0 140
0 141
0 145
0 146
0 147
0 148
0 150
0 151
0 152
0 153
0 154
0 155
0 157
0 158
0 159
0 160
0 161
0 162
0 163
0 166
0 169
0 176
0 177
0 178
0 179
0 182
0 185
0 186
0 187
0 188
0 189
0 190
0 192
0 197
0 199
0 200
0 201
0 202
0 205
0 208
0 209
0 211
0 214
0 217
0 218
0 220
0 221
0 223
0 225
0 230
0 231
0 233
0 234
0 235
0 236
0 238
0 239
0 243
0 245
0 246
0 247
0 249
0 252
0 253
0 254
0 257
0 258
0 259
0 261
0 262
0 272
0 275
0 278
0 279
0 280
0 281
0 285
0 293
0 294
0 296
0 297
0 299
0 300
0 305
0 308
0 313
0 316
0 317
0 319
0 322
0 323
0 334
0 337
0 338
0 339
0 341
0 349
0 350
0 352
0 355
0 356
0 369
0 372
0 384
0 385
0 392
0 396
0 399
0 401
0 403
0 413
0 416
0 417
0 418
0 422
0 423
0 424
0 425
0 426
0 429
0 439
0 440
0 441
0 443
0 449
0 451
0 452
0 459
0 463
0 466
0 476
0 477
0 483
0 486
0 489
0 492
0 493
0 494
0 496
1 2
1 3
1 4
1 5
1 6
1 7
1 8
1 9
1 10
1 11
1 12
1 13
1 14
1 15
1 16
1 17
1 18
1 19
1 20
1 21
1 22
1 23
1 24
1 25
1 26
1 27
1 28
1 29
1 30
1 31
1 32
1 33
1 34
1 35
1 36
1 37
1 38
1 39
1 40
1 41
1 42
1 43
1 44
1 45
1 46
1 47
1 48
1 49
1 50
1 51
1 52
1 53
1 54
1 55
1 56
1 58
1 59
1 61
1 62
1 63
1 65
1 66
1 267
1 68
1 69
1 326
1 71
1 73
1 75
1 76
1 77
1 78
1 80
1 81
1 82
1 84
1 86
1 87
1 88
1 343
1 309
1 91
1 92
1 97
1 99
1 100
1 357
1 276
1 104
1 444
1 106
1 107
1 108
1 109
1 110
1 111
1 112
1 113
1 116
1 118
1 299
1 120
1 121
1 124
1 126
1 127
1 128
1 385
1 132
1 133
1 391
1 392
1 137
1 139
1 140
1 144
1 280
1 403
1 410
1 380
1 154
1 157
1 159
1 418
1 165
1 167
1 427
1 305
1 177
1 181
1 182
1 183
1 188
1 189
1 446
1 191
1 192
1 194
1 197
1 199
1 200
1 460
1 375
1 204
1 205
1 291
1 333
1 376
1 211
1 471
1 217
1 218
1 475
1 477
1 226
1 227
1 485
1 230
1 232
1 233
1 423
1 238
1 495
1 496
1 499
1 251
2 3
2 4
2 5
2 6
2 7
2 8
2 9
2 10
2 11
2 12
2 13
2 14
2 15
2 16
2 17
2 18
2 19
2 20
2 21
2 22
2 23
2 24
2 25
2 26
2 27
2 28
2 29
2 30
2 261
2 32
2 33
2 34
2 35
2 36
2 37
2 393
2 39
2 40
2 41
2 43
2 44
2 45
2 50
2 51
2 52
2 53
2 55
2 57
2 266
2 59
2 61
2 63
2 322
2 68
2 325
2 74
2 75
2 78
2 79
2 80
2 81
2 338
2 83
2 84
2 343
2 88
2 346
2 271
2 92
2 94
2 351
2 96
2 98
2 315
2 100
2 101
2 103
2 104
2 362
2 107
2 108
2 109
2 110
2 111
2 116
2 117
2 376
2 121
2 378
2 123
2 124
2 125
2 126
2 432
2 334
2 388
2 134
2 136
2 364
2 139
2 146
2 409
2 153
2 367
2 317
2 160
2 161
2 164
2 422
2 168
2 170
2 171
2 174
2 176
2 177
2 178
2 179
2 182
2 183
2 184
2 355
2 445
2 190
2 452
2 197
2 201
2 202
2 213
2 473
2 218
2 336
2 487
2 233
2 498
2 248
2 251
3 4
3 5
3 6
3 7
3 8
3 9
3 10
3 11
3 12
3 13
3 14
3 15
3 16
3 17
3 18
3 19
3 20
3 22
3 23
3 24
3 25
3 26
3 27
3 28
3 285
3 30
3 31
3 304
3 34
3 37
3 295
3 40
3 41
3 43
3 44
3 45
3 46
3 48
3 51
3 54
3 55
3 56
3 59
3 62
3 63
3 64
3 66
3 68
3 71
3 72
3 73
3 75
3 77
3 269
3 82
3 84
3 85
3 87
3 90
3 93
3 350
3 263
3 354
3 101
3 273
3 107
3 110
3 367
3 112
3 488
3 318
3 119
3 376
3 122
3 379
3 124
3 129
3 363
3 132
3 135
3 136
3 394
3 451
3 148
3 149
3 151
3 156
3 158
3 160
3 162
3 165
3 422
3 167
3 412
3 427
3 431
3 176
3 270
3 180
3 191
3 192
3 195
3 454
3 456
3 201
3 462
3 211
3 214
3 215
3 224
3 481
3 226
3 228
3 232
3 233
3 491
3 240
3 497
3 242
3 246
3 425
4 5
4 6
4 7
4 8
4 9
4 10
4 11
4 12
4 13
4 14
4 15
4 16
4 17
4 18
4 20
4 21
4 22
4 23
4 24
4 25
4 26
4 27
4 29
4 30
4 31
4 32
4 33
4 34
4 37
4 294
4 39
4 41
4 42
4 44
4 46
4 303
4 51
4 55
4 283
4 60
4 62
4 319
4 267
4 324
4 326
4 71
4 328
4 74
4 311
4 84
4 85
4 86
4 343
4 89
4 90
4 348
4 94
4 95
4 272
4 98
4 300
4 358
4 97
4 362
4 108
4 365
4 110
4 112
4 119
4 122
4 134
4 392
4 393
4 140
4 397
4 402
4 147
4 152
4 157
4 368
4 163
4 172
4 433
4 180
4 286
4 447
4 192
4 198
4 461
4 206
4 210
4 480
4 225
4 232
4 247
4 248
4 253
5 179
5 6
5 7
5 8
5 9
5 10
5 11
5 12
5 13
5 384
5 15
5 144
5 17
5 18
5 19
5 148
5 21
5 22
5 153
5 25
5 26
5 239
5 29
5 30
5 432
5 393
5 33
5 36
5 37
5 167
5 40
5 41
5 42
5 44
5 45
5 47
5 304
5 49
5 50
5 51
5 53
5 310
5 137
5 312
5 313
5 428
5 317
5 62
5 64
5 65
5 407
5 71
5 200
5 140
5 74
5 75
5 479
5 77
5 206
5 81
5 83
5 87
5 89
5 90
5 219
5 92
5 223
5 98
5 101
5 105
5 106
5 107
5 146
5 177
5 154
5 370
5 115
5 298
5 380
5 170
6 7
6 8
6 9
6 10
6 11
6 12
6 13
6 14
6 15
6 16
6 17
6 18
6 19
6 20
6 21
6 23
6 24
6 25
6 26
6 28
6 29
6 288
6 33
6 35
6 292
6 39
6 40
6 42
6 45
6 46
6 47
6 48
6 52
6 53
6 311
6 56
6 317
6 267
6 324
6 73
6 74
6 55
6 332
6 335
6 336
6 312
6 82
6 83
6 86
6 88
6 98
6 99
6 101
6 102
6 109
6 366
6 113
6 373
6 121
6 122
6 385
6 130
6 137
6 396
6 323
6 158
6 159
6 162
6 166
6 304
6 176
6 182
6 183
6 446
6 75
6 199
6 463
6 212
6 222
6 223
7 8
7 9
7 10
7 11
7 12
7 13
7 14
7 143
7 16
7 146
7 131
7 252
7 24
7 25
7 282
7 155
7 159
7 33
7 420
7 134
7 38
7 39
7 40
7 444
7 43
7 45
7 48
7 49
7 56
7 185
7 186
7 59
7 325
7 191
7 193
7 196
7 69
7 72
7 73
7 75
7 204
7 78
7 208
7 81
7 210
7 83
7 142
7 87
7 90
7 93
7 165
7 224
7 481
7 227
7 229
7 230
7 337
7 360
7 233
7 107
7 364
7 365
7 111
7 368
7 287
7 396
7 462
7 122
7 123
7 124
7 392
8 9
8 10
8 11
8 12
8 13
8 15
8 439
8 472
8 18
8 19
8 21
8 22
8 24
8 154
8 27
8 28
8 32
8 34
8 35
8 467
8 37
8 40
8 41
8 135
8 45
8 47
8 48
8 51
8 181
8 310
8 55
8 371
8 186
8 188
8 61
8 62
8 224
8 66
8 203
8 147
8 69
8 326
8 75
8 499
8 78
8 79
8 209
8 466
8 355
8 301
8 249
8 216
8 271
8 220
8 223
8 96
8 99
8 232
8 491
8 498
8 115
8 343
8 121
8 250
8 126
8 277
9 265
9 10
9 11
9 12
9 269
9 14
9 15
9 16
9 152
9 18
9 21
9 401
9 24
9 155
9 416
9 295
9 163
9 164
9 37
9 38
9 39
9 129
9 41
9 42
9 173
9 430
9 47
9 136
9 50
9 179
9 184
9 56
9 61
9 64
9 262
9 69
9 113
9 458
9 435
9 78
9 81
9 35
9 85
9 218
9 165
9 96
9 272
9 228
9 337
9 380
9 167
9 365
9 238
9 239
9 40
9 118
9 375
9 251
9 252
10 11
10 12
10 13
10 15
10 17
10 384
10 19
10 22
10 23
10 24
10 26
10 30
10 261
10 160
10 33
10 37
10 167
10 41
10 42
10 43
10 45
10 392
10 286
10 314
10 191
10 288
10 66
10 70
10 77
10 79
10 429
10 219
10 293
10 96
10 481
10 98
10 356
10 486
10 230
10 104
10 106
10 39
10 492
10 488
10 150
11 371
11 12
11 256
11 15
11 17
11 18
11 19
11 20
11 25
11 27
11 31
11 33
11 420
11 39
11 43
11 300
11 176
11 51
11 181
11 313
11 187
11 188
11 189
11 437
11 64
11 66
11 69
11 199
11 457
11 207
11 337
11 83
11 90
11 220
11 391
11 102
11 231
11 60
11 61
11 243
11 247
11 376
11 276
11 255
12 14
12 15
12 17
12 19
12 25
12 24
12 153
12 461
12 335
12 31
12 35
12 261
12 262
12 38
12 40
12 41
12 42
12 427
12 47
12 434
12 53
12 266
12 181
12 194
12 139
12 199
12 72
12 76
12 77
12 78
12 205
12 81
12 210
12 211
12 340
12 142
12 216
12 79
12 93
12 351
12 224
12 102
12 349
13 44
13 19
13 22
13 280
13 26
13 27
13 154
13 288
13 292
13 129
13 43
13 172
13 301
13 174
13 177
13 51
13 55
13 60
13 160
13 455
13 75
13 204
13 208
13 82
13 416
13 85
13 88
13 36
13 350
13 367
13 97
13 100
13 485
13 104
13 235
13 111
13 240
13 117
13 120
14 179
14 74
14 279
14 130
14 357
14 174
14 87
14 216
14 196
14 26
14 93
14 30
14 31
14 352
14 33
14 98
14 355
14 36
14 102
14 38
14 167
14 170
14 46
14 413
14 128
14 446
14 117
14 54
14 58
14 95
14 60
14 266
14 394
14 341
15 263
15 399
15 16
15 18
15 147
15 20
15 405
15 22
15 24
15 154
15 285
15 32
15 291
15 40
15 179
15 310
15 316
15 189
15 321
15 267
15 68
15 197
15 73
15 81
15 212
15 470
15 92
15 101
15 103
15 233
15 110
15 241
15 246
15 148
15 251
15 126
16 69
16 136
16 262
16 230
16 81
16 18
16 387
16 20
16 326
16 23
16 25
16 28
16 198
16 35
16 70
16 38
16 487
16 105
16 427
16 108
16 456
16 114
16 309
16 169
16 153
16 212
16 122
16 255
16 325
16 102
16 361
16 65
17 65
17 201
17 77
17 80
17 216
17 82
17 83
17 84
17 238
17 150
17 343
17 152
17 217
17 103
17 306
17 214
17 33
17 38
17 39
17 43
17 242
17 174
17 336
17 114
17 275
17 245
17 54
17 55
17 57
17 276
17 183
17 62
17 127
18 288
18 493
18 275
18 276
18 22
18 279
18 409
18 26
18 475
18 158
18 160
18 144
18 37
18 49
18 105
18 237
18 47
18 113
18 114
18 436
18 439
18 56
18 340
18 59
18 191
19 391
19 332
19 78
19 79
19 337
19 195
19 494
19 495
19 27
19 28
19 29
19 32
19 219
19 38
19 103
19 43
19 44
19 173
19 46
19 111
19 177
19 244
19 55
19 283
19 380
20 263
20 392
20 265
20 138
20 258
20 142
20 21
20 150
20 23
20 24
20 25
20 29
20 32
20 163
20 262
20 41
20 298
20 44
20 419
20 53
20 458
20 181
20 65
20 267
20 328
20 366
20 459
20 332
20 269
20 211
20 207
20 221
20 95
20 480
20 144
20 355
20 102
20 360
20 106
20 272
20 369
20 400
20 245
21 67
21 65
21 266
21 139
21 332
21 141
21 454
21 323
21 196
21 439
21 348
21 223
21 160
21 290
21 448
21 70
21 102
21 360
21 297
21 42
21 455
21 257
21 46
21 367
21 72
21 54
21 73
21 84
21 58
21 125
22 262
22 65
22 137
22 132
22 76
22 144
22 259
22 406
22 25
22 79
22 220
22 159
22 224
22 33
22 91
22 36
22 38
22 389
22 43
22 172
22 237
22 155
22 53
22 375
22 57
22 255
22 124
22 117
23 69
23 65
23 72
23 198
23 80
23 273
23 320
23 235
23 24
23 283
23 28
23 31
23 416
23 290
23 443
23 37
23 38
23 97
23 360
23 199
23 108
23 400
23 84
23 223
23 330
23 165
24 70
24 337
24 82
24 85
24 409
24 26
24 287
24 161
24 36
24 233
24 108
24 52
24 245
24 185
24 127
25 200
25 137
25 330
25 130
25 141
25 145
25 67
25 174
25 282
25 27
25 95
25 440
25 262
25 401
25 129
25 493
25 135
25 45
25 46
25 120
25 404
26 71
26 201
26 75
26 131
26 441
26 154
26 28
26 30
26 160
26 33
26 37
26 102
26 486
26 47
26 112
26 433
26 57
26 187
27 364
27 266
27 85
27 150
27 216
27 474
27 164
27 38
27 232
27 169
27 235
27 300
27 46
27 112
27 54
27 57
27 187
27 253
27 63
28 193
28 128
28 194
28 67
28 176
28 283
28 31
28 32
28 112
28 34
28 35
28 38
28 171
28 44
28 109
28 48
28 264
28 54
28 375
28 250
28 123
28 455
29 51
29 335
29 248
29 82
29 211
29 302
29 409
29 410
29 156
29 69
29 226
29 227
29 198
29 49
29 291
29 429
29 46
29 113
29 52
29 438
29 56
29 58
29 252
30 132
30 80
30 145
30 82
30 275
30 462
30 408
30 324
30 411
30 478
30 31
30 482
30 100
30 43
30 48
30 306
31 70
31 455
31 137
31 74
31 77
31 145
31 210
31 67
31 276
31 341
31 472
31 34
31 35
31 231
31 233
31 45
31 241
31 50
31 246
31 315
31 59
31 190
31 255
32 139
32 406
32 132
32 283
32 160
32 355
32 294
32 106
32 44
32 434
32 72
32 50
32 248
32 404
32 58
32 475
32 63
33 67
33 64
33 137
33 272
33 133
33 288
33 240
33 34
33 100
33 39
33 105
33 106
33 43
33 303
33 112
33 209
33 261
33 246
33 60
33 318
34 326
34 201
34 74
34 66
34 79
34 151
34 388
34 100
34 37
34 230
34 103
34 40
34 492
34 46
34 240
34 178
34 181
34 189
34 127
35 129
35 139
35 301
35 208
35 419
35 321
35 104
35 489
35 44
35 45
35 110
35 353
35 360
35 242
35 179
35 56
35 186
35 380
35 255
36 75
36 139
36 352
36 402
36 154
36 86
36 285
36 287
36 288
36 97
36 47
36 49
36 52
36 160
36 254
37 76
37 337
37 87
37 68
37 230
37 359
37 82
37 430
37 495
37 306
37 52
37 117
37 438
37 329
37 396
37 123
37 192
37 383
38 454
38 338
38 87
38 290
38 228
38 320
38 175
38 140
38 119
38 446
39 491
39 399
39 208
39 465
39 83
39 404
39 85
39 132
39 92
39 263
39 290
39 376
39 167
39 170
39 235
39 48
39 305
39 120
39 314
40 206
40 469
40 409
40 222
40 65
40 488
40 42
40 302
40 240
40 177
40 310
40 119
40 61
40 254
41 70
41 336
41 82
41 366
41 293
41 168
41 171
41 108
41 174
41 113
41 178
42 131
42 135
42 77
42 333
42 472
42 210
42 259
42 408
42 201
42 197
42 420
42 70
42 234
42 176
42 369
42 339
42 183
42 376
42 441
42 315
42 469
43 74
43 272
43 341
43 154
43 163
43 263
43 44
43 46
43 317
43 48
43 116
43 253
43 405
44 284
44 285
44 182
44 484
44 148
44 52
44 93
44 158
45 123
45 399
45 180
45 116
45 91
45 60
45 62
46 262
46 133
46 136
46 201
46 74
46 395
46 205
46 465
46 345
46 344
46 475
46 165
46 169
46 494
46 50
46 120
46 315
47 266
47 151
47 346
47 350
47 160
47 97
47 419
47 301
47 112
47 72
47 184
47 191
48 75
48 335
48 274
48 89
48 93
48 95
48 104
48 105
48 175
48 305
48 233
48 126
49 162
49 115
49 474
49 135
49 192
49 370
49 78
49 207
49 113
49 51
49 180
49 97
49 121
49 228
50 422
50 79
50 308
50 404
50 431
51 321
51 208
51 456
51 153
51 331
51 395
51 224
51 102
51 232
51 233
51 109
51 110
51 113
51 246
51 55
51 56
51 188
52 389
52 393
52 267
52 461
52 206
52 277
52 278
52 343
52 111
52 415
52 106
52 428
52 116
53 140
53 130
53 175
53 117
53 495
53 212
53 54
53 60
53 284
53 383
54 101
54 64
54 266
54 429
54 80
54 432
54 245
54 184
55 142
55 397
55 80
55 448
55 206
55 470
55 343
55 282
55 186
55 494
55 368
55 98
55 110
55 176
55 308
55 377
55 122
56 298
56 215
56 301
56 253
56 212
56 150
56 183
56 216
56 185
56 90
56 429
57 131
57 324
57 133
57 203
57 258
57 270
57 82
57 61
57 357
58 277
58 262
58 129
58 460
58 268
58 405
58 214
58 216
58 161
58 419
58 169
58 302
58 489
58 115
58 457
58 123
59 274
59 75
59 66
59 321
59 205
59 401
59 371
59 269
59 152
59 89
59 71
60 165
60 385
60 104
60 145
60 205
60 248
60 196
60 284
60 485
61 389
61 390
61 73
61 76
61 386
61 141
61 144
61 154
61 155
61 97
61 163
61 485
61 112
61 298
61 363
61 431
61 304
61 392
62 391
62 171
62 242
62 121
62 444
62 197
63 68
63 278
63 123
63 233
63 202
63 224
63 108
63 130
63 306
63 99
63 118
63 89
63 330
63 478
64 260
64 298
64 139
64 76
64 460
64 110
64 499
64 147
64 180
64 366
64 87
64 156
64 297
64 165
65 329
65 463
65 320
65 337
65 338
65 89
65 282
65 350
65 102
65 490
65 487
65 210
65 238
65 499
66 487
66 129
66 236
66 397
66 240
66 200
66 497
66 116
66 347
66 92
67 259
67 423
67 168
67 361
67 451
67 143
67 275
67 119
67 440
67 125
67 380
68 105
68 171
68 176
68 336
68 214
69 75
69 325
69 470
69 154
69 219
69 164
69 127
69 493
69 370
69 313
69 379
69 124
69 319
70 354
70 167
70 274
70 210
70 329
71 488
71 83
71 131
71 125
71 245
72 465
72 139
72 385
72 433
72 239
72 243
72 350
72 91
72 183
72 158
73 453
73 493
73 74
73 140
73 91
73 93
73 94
73 352
73 227
73 135
73 301
73 477
73 305
73 116
73 248
74 295
74 411
74 142
74 226
74 145
74 84
74 417
74 184
74 473
74 91
75 149
75 92
75 353
75 480
75 289
75 103
75 108
75 111
75 187
76 135
76 128
76 107
76 446
76 313
76 281
76 90
76 222
77 262
77 102
77 193
77 488
77 105
77 231
77 268
77 169
77 219
77 263
78 243
78 294
78 267
78 141
78 349
78 184
78 348
78 157
79 131
79 196
79 103
79 169
79 291
79 429
79 81
79 451
79 218
80 228
80 143
80 368
80 248
80 156
81 155
81 100
81 471
81 167
81 147
81 463
81 279
81 121
81 94
82 482
82 369
82 269
82 401
82 116
82 247
82 91
83 100
83 246
83 88
83 262
83 231
84 384
84 421
84 107
84 493
84 402
84 409
84 189
84 126
85 425
85 164
85 229
85 233
85 444
85 125
85 478
86 192
86 129
86 290
86 137
86 231
86 332
86 244
86 439
87 388
87 145
87 274
87 334
87 462
87 121
87 384
87 382
87 101
88 333
88 240
88 433
88 244
88 123
88 252
89 147
89 424
89 129
89 206
90 97
90 104
90 153
90 250
90 379
90 93
91 359
91 461
91 496
91 392
91 435
91 282
91 474
92 130
92 167
92 392
93 96
93 328
93 216
93 186
94 355
94 229
94 292
94 334
94 271
94 342
94 150
94 228
95 161
95 427
96 196
96 157
96 433
96 373
96 312
96 217
96 234
97 202
97 332
97 354
97 228
97 428
97 111
97 452
97 245
97 119
97 120
97 189
97 255
98 129
98 108
98 237
98 304
98 240
98 196
98 252
98 477
99 291
99 132
99 103
99 167
99 484
99 174
99 336
99 104
99 498
99 447
99 452
99 123
100 343
100 311
101 169
101 419
101 181
101 218
101 255
101 182
101 166
102 162
102 358
102 135
102 108
102 453
102 263
102 231
103 294
103 369
104 261
104 275
104 178
104 415
104 351
105 428
105 108
105 211
105 246
105 184
105 346
106 109
106 175
106 449
106 333
106 154
106 413
107 392
107 203
107 208
107 476
108 177
108 114
108 240
108 156
109 132
109 179
109 292
109 170
109 255
110 359
110 266
110 171
110 282
110 271
111 406
111 161
111 461
111 370
111 437
111 182
112 282
113 215
113 204
113 219
114 298
114 343
114 338
114 350
115 262
115 373
116 140
116 174
116 277
116 441
117 449
117 261
117 175
117 440
117 408
117 255
117 286
118 462
118 257
118 202
118 399
118 380
118 141
118 238
119 434
119 213
119 204
119 406
120 345
120 474
120 234
121 449
121 490
121 186
122 146
122 423
122 494
122 437
123 325
123 146
123 195
123 343
123 349
124 251
124 155
124 156
125 257
125 404
125 168
125 335
125 327
126 483
126 293
126 422
126 417
126 137
126 264
126 147
126 432
127 214
127 424
127 198
127 391
127 216
128 306
128 212
128 231
128 266
128 237
129 485
129 347
131 423
131 166
131 235
131 305
131 370
131 467
131 309
131 248
132 359
132 299
132 195
133 337
133 165
133 310
133 296
133 265
134 372
134 219
134 380
134 247
135 204
135 462
135 371
135 446
135 213
135 137
135 492
135 414
135 341
136 487
136 339
136 271
136 179
136 181
136 477
136 287
137 326
137 233
137 138
137 198
137 461
137 445
138 288
138 147
138 494
139 210
139 450
139 178
139 324
139 218
139 286
140 293
140 276
140 380
141 242
141 339
141 442
141 459
141 220
142 450
142 278
142 205
142 269
142 145
142 342
142 345
142 314
143 391
143 213
143 279
143 269
143 414
144 389
144 233
144 237
145 197
145 399
145 408
145 347
145 413
146 224
146 420
146 395
146 238
146 369
146 211
146 155
146 189
147 228
148 328
148 171
148 155
149 304
149 353
149 360
149 410
149 173
149 318
149 223
150 414
150 473
150 399
151 215
152 457
152 335
153 195
153 211
153 264
153 467
153 157
154 395
154 315
155 386
155 314
155 479
155 287
156 208
156 484
156 198
156 251
157 262
157 168
157 187
158 292
158 167
158 203
159 160
159 252
159 279
159 230
160 460
160 398
160 183
161 180
161 445
162 183
162 488
162 359
162 320
163 475
163 264
164 196
164 406
164 329
164 301
165 458
165 183
166 355
166 205
166 350
166 447
167 194
167 195
168 230
168 233
168 360
169 400
169 349
169 405
170 198
170 360
170 459
171 253
172 241
172 309
172 187
173 372
173 184
173 205
174 307
174 337
175 210
175 184
175 284
175 252
176 422
176 492
176 205
176 463
176 499
177 388
177 275
177 181
177 189
177 197
178 344
179 260
179 327
179 227
179 329
179 420
179 325
180 400
180 494
181 334
181 375
181 325
182 327
182 205
182 448
182 245
182 439
182 190
183 279
183 411
183 360
183 426
183 287
184 196
185 226
185 406
186 220
187 256
187 189
187 374
187 446
187 383
188 270
189 391
189 486
189 430
189 376
189 383
190 357
190 328
191 456
191 278
191 328
191 361
191 461
192 222
192 479
193 369
193 355
193 487
193 327
193 330
193 271
194 449
194 406
194 257
195 389
195 238
196 462
196 494
197 271
197 233
198 429
199 466
199 259
199 297
200 227
200 296
200 269
201 256
201 345
201 384
202 439
202 429
203 228
203 445
204 416
204 266
205 235
205 346
206 232
206 370
206 362
206 231
206 476
207 325
207 284
207 222
207 335
208 413
208 321
208 211
209 233
210 416
210 421
210 499
211 414
212 261
212 489
212 428
213 385
213 298
213 429
213 369
213 436
213 376
213 493
213 254
214 429
215 431
216 297
217 437
217 310
217 250
217 365
218 448
218 337
219 309
220 294
222 421
224 391
224 493
225 440
225 439
225 280
225 308
226 332
227 289
227 229
227 427
227 387
228 426
228 403
228 239
228 311
228 473
230 440
230 255
231 294
232 285
234 480
234 313
235 242
235 276
236 446
238 469
242 479
243 374
243 268
244 339
244 452
245 259
245 435
246 405
246 410
247 331
247 301
247 334
248 324
249 427
249 348
250 378
252 381
253 396
255 419
255 407
256 376
256 314
256 382
257 368
257 478
259 275
260 457
263 323
265 267
265 454
266 445
267 408
268 337
272 311
273 425
273 342
274 333
275 340
275 435
276 472
277 293
278 344
278 377
278 378
279 402
280 345
281 362
281 323
282 343
283 448
283 292
284 447
285 434
286 461
288 459
289 472
289 425
291 384
291 353
292 355
293 320
293 383
294 379
295 474
296 307
296 469
297 497
298 326
299 307
299 448
299 455
301 370
301 493
302 380
303 496
305 497
305 361
309 464
309 491
310 369
311 359
312 482
318 328
318 326
319 449
323 472
323 491
324 393
325 492
327 375
327 460
328 361
328 436
329 440
329 341
330 362
330 378
331 369
331 348
331 463
333 466
333 398
334 439
335 463
335 379
335 439
337 494
337 428
339 355
343 446
344 389
345 414
345 422
345 447
345 425
346 491
346 459
346 494
349 422
351 498
352 380
352 431
353 417
358 366
364 462
374 385
378 479
389 407
390 421
392 422
398 469
400 433
403 479
405 484
406 448
406 460
406 461
409 412
415 498
416 431
424 490
426 451
426 437
426 458
427 489
434 491
435 479
435 453
465 473
493 497
