0 1
0 2
0 3
0 4
0 5
0 6
0 7
0 8
0 9
0 10
0 11
0 12
0 13
0 14
0 15
0 16
0 17
0 18
0 19
0 20
0 21
0 22
0 23
0 24
0 25
0 26
0 27
0 28
0 29
0 30
0 31
0 32
0 33
0 34
0 35
0 36
0 37
0 38
0 39
0 40
0 41
0 42
0 43
0 44
0 45
0 46
0 47
0 48
0 49
0 50
0 51
0 52
0 53
0 54
0 55
0 56
0 57
0 58
0 59
0 60
0 61
0 62
0 63
0 64
0 65
0 66
0 67
0 68
0 69
0 70
0 71
0 72
0 73
0 74
0 75
0 76
0 77
0 78
0 79
0 80
0 81
0 82
0 83
0 84
0 85
0 86
0 87
0 88
0 89
0 90
0 91
0 92
0 93
0 94
0 95
0 96
0 98
0 99
0 100
0 101
0 102
0 103
0 104
0 105
0 107
0 108
0 111
0 112
0 113
0 115
0 116
0 117
0 118
0 119
0 120
0 123
0 124
0 125
0 126
0 127
0 130
0 131
0 132
0 133
0 134
0 135
0 136
0 137
0 138
0 140
0 141
0 142
0 143
0 144
0 145
0 146
0 147
0 148
0 150
0 151
0 152
0 153
0 154
0 155
0 156
0 157
0 159
0 161
0 162
0 164
0 166
0 167
0 170
0 171
0 172
0 173
0 174
0 177
0 178
0 180
0 181
0 183
0 184
0 185
0 188
0 190
0 195
0 198
0 201
0 202
0 204
0 207
0 209
0 210
0 213
0 214
0 219
0 222
0 223
0 224
0 225
0 230
0 232
0 233
0 236
0 237
0 238
0 240
0 241
0 243
0 244
0 251
0 252
0 253
0 254
0 255
0 258
0 259
0 265
0 266
0 269
0 270
0 273
0 274
0 276
0 277
0 278
0 279
0 280
0 284
0 286
0 287
0 290
0 291
0 292
0 299
0 305
0 306
0 307
0 308
0 311
0 314
0 315
0 316
0 317
0 318
0 320
0 322
0 323
0 324
0 326
0 327
0 328
0 331
0 332
0 333
0 334
0 336
0 338
0 340
0 341
0 346
0 347
0 351
0 352
0 353
0 357
0 360
0 361
0 362
0 363
0 364
0 368
0 369
0 370
0 371
0 376
0 379
0 381
0 383
0 386
0 387
0 389
0 397
0 398
0 412
0 413
0 416
0 417
0 418
0 423
0 425
0 426
0 427
0 428
0 430
0 431
0 434
0 441
0 443
0 450
0 453
0 459
0 460
0 461
0 462
0 463
0 466
0 468
0 469
0 470
0 472
0 475
0 476
0 480
0 482
0 486
0 491
0 493
0 499
1 2
1 3
1 4
1 5
1 6
1 7
1 8
1 9
1 10
1 11
1 12
1 13
1 14
1 15
1 16
1 17
1 18
1 19
1 20
1 21
1 22
1 23
1 24
1 25
1 26
1 27
1 28
1 29
1 30
1 31
1 32
1 33
1 34
1 35
1 36
1 37
1 38
1 39
1 40
1 41
1 42
1 43
1 44
1 45
1 46
1 47
1 48
1 49
1 50
1 51
1 52
1 53
1 54
1 55
1 57
1 61
1 63
1 66
1 67
1 69
1 70
1 71
1 72
1 74
1 78
1 80
1 81
1 82
1 83
1 84
1 86
1 87
1 88
1 89
1 91
1 92
1 93
1 99
1 101
1 102
1 105
1 106
1 107
1 111
1 113
1 114
1 115
1 121
1 122
1 124
1 126
1 127
1 129
1 130
1 132
1 133
1 134
1 135
1 138
1 143
1 144
1 148
1 150
1 151
1 152
1 153
1 154
1 158
1 159
1 163
1 164
1 166
1 167
1 170
1 173
1 174
1 175
1 181
1 182
1 186
1 187
1 189
1 191
1 194
1 197
1 200
1 203
1 205
1 206
1 207
1 211
1 212
1 213
1 216
1 217
1 218
1 220
1 223
1 225
1 226
1 227
1 228
1 231
1 234
1 240
1 241
1 243
1 247
1 248
1 249
1 251
1 252
1 254
1 256
1 258
1 263
1 266
1 267
1 272
1 274
1 275
1 276
1 278
1 279
1 281
1 282
1 285
1 291
1 293
1 294
1 299
1 300
1 303
1 305
1 308
1 314
1 317
1 318
1 321
1 324
1 327
1 328
1 335
1 337
1 338
1 341
1 343
1 352
1 353
1 354
1 355
1 357
1 358
1 374
1 377
1 383
1 388
1 395
1 403
1 404
1 410
1 411
1 420
1 423
1 428
1 434
1 441
1 443
1 445
1 447
1 450
1 453
1 455
1 463
1 467
1 470
1 477
1 478
1 480
1 487
1 488
1 492
1 496
1 498
2 3
2 4
2 5
2 6
2 7
2 8
2 9
2 10
2 11
2 12
2 13
2 14
2 15
2 16
2 17
2 18
2 19
2 20
2 21
2 22
2 23
2 24
2 25
2 26
2 27
2 28
2 29
2 30
2 31
2 32
2 33
2 34
2 35
2 36
2 37
2 38
2 41
2 42
2 43
2 45
2 46
2 47
2 48
2 51
2 52
2 53
2 57
2 60
2 62
2 63
2 64
2 66
2 67
2 73
2 74
2 76
2 77
2 78
2 79
2 80
2 81
2 82
2 83
2 84
2 85
2 90
2 92
2 93
2 96
2 99
2 100
2 101
2 105
2 106
2 108
2 109
2 110
2 114
2 117
2 123
2 125
2 130
2 131
2 133
2 134
2 137
2 138
2 139
2 140
2 141
2 143
2 149
2 150
2 160
2 161
2 164
2 167
2 170
2 173
2 176
2 177
2 179
2 180
2 184
2 186
2 187
2 189
2 190
2 191
2 209
2 210
2 214
2 221
2 224
2 231
2 235
2 240
2 242
2 243
2 244
2 246
2 257
2 258
2 260
2 263
2 274
2 283
2 285
2 286
2 291
2 295
2 297
2 301
2 305
2 309
2 316
2 323
2 333
2 336
2 339
2 342
2 347
2 359
2 362
2 372
2 373
2 380
2 386
2 390
2 396
2 397
2 398
2 399
2 403
2 406
2 414
2 421
2 428
2 429
2 431
2 436
2 438
2 446
2 449
2 450
2 451
2 455
2 463
2 474
2 476
2 481
2 487
2 494
2 499
3 4
3 5
3 6
3 7
3 8
3 9
3 10
3 11
3 12
3 13
3 14
3 15
3 16
3 17
3 18
3 19
3 20
3 21
3 22
3 23
3 24
3 25
3 26
3 27
3 28
3 29
3 30
3 31
3 32
3 33
3 291
3 37
3 433
3 40
3 41
3 44
3 46
3 47
3 49
3 50
3 51
3 308
3 309
3 54
3 55
3 312
3 436
3 266
3 59
3 61
3 319
3 64
3 66
3 67
3 310
3 71
3 72
3 73
3 74
3 79
3 81
3 82
3 339
3 86
3 88
3 346
3 93
3 352
3 354
3 99
3 357
3 360
3 105
3 108
3 110
3 367
3 116
3 119
3 376
3 122
3 123
3 124
3 125
3 127
3 328
3 131
3 132
3 136
3 137
3 394
3 279
3 141
3 400
3 145
3 286
3 406
3 397
3 495
3 413
3 159
3 417
3 165
3 167
3 424
3 169
3 170
3 285
3 176
3 177
3 434
3 415
3 181
3 183
3 186
3 187
3 447
3 262
3 195
3 197
3 454
3 204
3 205
3 464
3 465
3 210
3 211
3 470
3 216
3 218
3 476
3 477
3 280
3 223
3 425
3 482
3 483
3 307
3 233
3 234
3 491
3 238
3 239
3 297
3 249
3 264
3 255
4 5
4 6
4 7
4 8
4 9
4 10
4 11
4 12
4 13
4 14
4 15
4 16
4 17
4 18
4 19
4 20
4 21
4 23
4 24
4 25
4 26
4 28
4 29
4 30
4 32
4 33
4 34
4 35
4 36
4 295
4 40
4 41
4 43
4 44
4 306
4 46
4 47
4 49
4 50
4 52
4 300
4 290
4 308
4 266
4 62
4 63
4 64
4 302
4 69
4 71
4 75
4 76
4 78
4 80
4 270
4 92
4 95
4 353
4 100
4 102
4 359
4 105
4 108
4 445
4 114
4 275
4 118
4 376
4 276
4 378
4 380
4 381
4 127
4 128
4 129
4 386
4 131
4 390
4 135
4 136
4 139
4 143
4 280
4 147
4 281
4 153
4 155
4 156
4 414
4 159
4 416
4 417
4 418
4 422
4 421
4 166
4 429
4 174
4 176
4 456
4 432
4 182
4 187
4 189
4 288
4 200
4 332
4 203
4 204
4 205
4 291
4 207
4 208
4 466
4 211
4 213
4 219
4 220
4 479
4 224
4 225
4 227
4 391
4 229
4 487
4 235
4 296
4 245
5 342
5 6
5 7
5 8
5 9
5 10
5 11
5 12
5 13
5 15
5 16
5 17
5 18
5 19
5 20
5 21
5 22
5 23
5 25
5 26
5 27
5 30
5 31
5 32
5 33
5 34
5 347
5 36
5 294
5 39
5 335
5 43
5 44
5 45
5 47
5 48
5 392
5 50
5 52
5 54
5 55
5 57
5 58
5 59
5 61
5 319
5 64
5 66
5 70
5 330
5 75
5 333
5 78
5 79
5 80
5 82
5 83
5 301
5 86
5 87
5 88
5 356
5 91
5 314
5 350
5 352
5 263
5 100
5 101
5 358
5 359
5 360
5 105
5 108
5 110
5 370
5 374
5 119
5 120
5 377
5 125
5 130
5 387
5 133
5 136
5 393
5 138
5 399
5 401
5 146
5 148
5 150
5 155
5 157
5 415
5 160
5 162
5 168
5 413
5 432
5 437
5 184
5 190
5 448
5 195
5 453
5 454
5 375
5 204
5 464
5 214
5 331
5 219
5 220
5 221
5 224
5 230
5 232
5 234
5 295
5 240
5 498
5 243
5 252
6 7
6 8
6 9
6 10
6 11
6 12
6 13
6 14
6 15
6 16
6 17
6 18
6 19
6 20
6 21
6 281
6 26
6 27
6 28
6 30
6 32
6 34
6 35
6 36
6 37
6 38
6 39
6 41
6 44
6 301
6 46
6 49
6 51
6 308
6 53
6 310
6 265
6 57
6 314
6 479
6 60
6 63
6 65
6 67
6 324
6 73
6 74
6 311
6 76
6 78
6 79
6 81
6 83
6 86
6 343
6 88
6 92
6 94
6 352
6 97
6 98
6 99
6 101
6 103
6 104
6 106
6 363
6 111
6 113
6 302
6 374
6 276
6 383
6 129
6 131
6 141
6 145
6 148
6 431
6 416
6 162
6 419
6 423
6 424
6 426
6 427
6 175
6 433
6 436
6 182
6 442
6 448
6 193
6 197
6 199
6 205
6 206
6 207
6 210
6 211
6 377
6 292
6 219
6 476
6 293
6 482
6 227
6 233
6 492
6 241
6 249
6 254
7 8
7 9
7 10
7 11
7 12
7 13
7 14
7 15
7 16
7 17
7 18
7 21
7 22
7 279
7 260
7 28
7 285
7 31
7 35
7 36
7 37
7 39
7 298
7 47
7 53
7 54
7 56
7 63
7 310
7 70
7 71
7 328
7 258
7 331
7 79
7 80
7 88
7 92
7 356
7 102
7 359
7 361
7 364
7 370
7 445
7 368
7 114
7 377
7 122
7 379
7 124
7 131
7 133
7 108
7 138
7 142
7 147
7 153
7 158
7 165
7 167
7 168
7 170
7 171
7 172
7 173
7 176
7 437
7 74
7 449
7 451
7 197
7 199
7 201
7 209
7 476
7 224
7 227
7 231
7 232
7 380
7 423
7 237
7 243
7 256
7 249
7 426
7 253
7 255
8 9
8 10
8 11
8 12
8 13
8 14
8 16
8 19
8 21
8 281
8 282
8 27
8 28
8 29
8 30
8 34
8 37
8 38
8 39
8 296
8 41
8 43
8 257
8 46
8 44
8 309
8 310
8 55
8 58
8 62
8 320
8 267
8 69
8 327
8 72
8 329
8 258
8 332
8 78
8 82
8 86
8 88
8 89
8 93
8 94
8 97
8 100
8 358
8 363
8 110
8 368
8 114
8 275
8 318
8 118
8 119
8 122
8 299
8 128
8 491
8 132
8 134
8 391
8 140
8 144
8 150
8 25
8 410
8 157
8 160
8 418
8 164
8 177
8 178
8 371
8 439
8 189
8 196
8 199
8 458
8 126
8 206
8 207
8 469
8 473
8 219
8 221
8 481
8 484
8 229
8 295
8 236
8 245
8 246
8 297
8 251
8 254
9 11
9 14
9 15
9 16
9 17
9 18
9 19
9 20
9 21
9 23
9 25
9 27
9 29
9 31
9 289
9 34
9 291
9 36
9 262
9 38
9 42
9 43
9 46
9 50
9 51
9 53
9 57
9 65
9 66
9 68
9 70
9 256
9 80
9 82
9 83
9 84
9 342
9 87
9 89
9 91
9 101
9 353
9 356
9 357
9 102
9 273
9 105
9 106
9 109
9 367
9 371
9 372
9 117
9 120
9 362
9 126
9 127
9 387
9 388
9 389
9 134
9 137
9 398
9 144
9 150
9 152
9 154
9 326
9 174
9 431
9 178
9 436
9 181
9 182
9 183
9 441
9 187
9 444
9 190
9 194
9 452
9 455
9 205
9 463
9 215
9 472
9 217
9 221
9 293
9 484
9 489
9 491
9 237
9 239
9 383
9 251
10 11
10 12
10 435
10 14
10 15
10 16
10 17
10 18
10 19
10 22
10 24
10 25
10 29
10 30
10 32
10 34
10 35
10 38
10 40
10 297
10 263
10 44
10 45
10 46
10 50
10 307
10 312
10 58
10 60
10 63
10 64
10 67
10 68
10 71
10 74
10 82
10 339
10 85
10 87
10 91
10 395
10 94
10 272
10 357
10 97
10 360
10 316
10 108
10 110
10 368
10 114
10 115
10 122
10 123
10 126
10 136
10 137
10 407
10 406
10 151
10 158
10 415
10 163
10 420
10 422
10 170
10 432
10 434
10 179
10 184
10 188
10 207
10 209
10 212
10 478
10 479
10 486
10 83
10 244
10 252
11 12
11 13
11 14
11 143
11 16
11 18
11 20
11 21
11 23
11 152
11 303
11 284
11 29
11 159
11 32
11 33
11 34
11 35
11 405
11 39
11 40
11 41
11 42
11 172
11 402
11 47
11 385
11 53
11 441
11 186
11 59
11 61
11 63
11 64
11 389
11 70
11 161
11 140
11 204
11 386
11 141
11 208
11 353
11 419
11 430
11 470
11 214
11 87
11 90
11 399
11 93
11 223
11 336
11 98
11 99
11 356
11 269
11 361
11 363
11 463
11 274
11 110
11 317
11 496
11 375
11 383
11 298
11 255
12 269
12 14
12 15
12 144
12 17
12 18
12 19
12 494
12 24
12 260
12 31
12 288
12 34
12 291
12 292
12 146
12 40
12 298
12 45
12 46
12 303
12 415
12 201
12 445
12 315
12 60
12 266
12 190
12 66
12 327
12 73
12 55
12 450
12 86
12 88
12 91
12 478
12 352
12 353
12 101
12 358
12 489
12 362
12 107
12 109
12 110
12 381
12 498
12 244
12 117
12 374
12 121
12 122
12 183
12 382
13 394
13 144
13 145
13 274
13 19
13 20
13 22
13 495
13 474
13 158
13 325
13 32
13 33
13 34
13 35
13 129
13 427
13 45
13 483
13 48
13 51
13 52
13 222
13 53
13 66
13 323
13 197
13 327
13 456
13 73
13 202
13 77
13 333
13 465
13 211
13 85
13 87
13 88
13 90
13 92
13 94
13 344
13 225
13 251
13 228
13 102
13 104
13 233
13 234
13 236
13 493
13 239
13 400
13 83
13 63
14 270
14 15
14 16
14 21
14 22
14 24
14 26
14 28
14 32
14 36
14 293
14 38
14 263
14 44
14 45
14 46
14 49
14 50
14 307
14 56
14 60
14 452
14 322
14 68
14 325
14 70
14 353
14 72
14 73
14 79
14 337
14 82
14 339
14 398
14 86
14 88
14 345
14 90
14 352
14 272
14 110
14 367
14 115
14 118
14 124
14 125
14 126
14 392
14 137
14 66
14 142
14 400
14 145
14 405
14 153
14 157
14 69
14 416
14 161
14 163
14 424
14 174
14 178
14 440
14 443
14 188
14 451
14 196
14 197
14 454
14 200
14 208
14 215
14 475
14 280
14 225
14 239
14 247
14 136
15 130
15 16
15 17
15 19
15 20
15 307
15 22
15 23
15 132
15 179
15 28
15 285
15 150
15 32
15 33
15 34
15 293
15 295
15 470
15 169
15 135
15 45
15 174
15 284
15 50
15 51
15 52
15 54
15 265
15 192
15 67
15 326
15 161
15 328
15 329
15 74
15 77
15 205
15 209
15 142
15 43
15 278
15 90
15 349
15 223
15 344
15 131
15 273
15 233
15 110
15 114
15 119
15 378
15 281
15 255
16 461
16 17
16 19
16 20
16 281
16 26
16 363
16 156
16 30
16 237
16 33
16 34
16 162
16 134
16 294
16 167
16 46
16 305
16 180
16 422
16 54
16 60
16 138
16 192
16 69
16 161
16 75
16 77
16 78
16 333
16 466
16 83
16 85
16 215
16 475
16 374
16 486
16 231
16 232
16 105
16 106
16 295
16 109
16 360
16 114
16 116
16 118
17 136
17 139
17 275
17 20
17 22
17 299
17 26
17 27
17 29
17 158
17 159
17 32
17 161
17 35
17 38
17 42
17 135
17 307
17 51
17 393
17 249
17 394
17 450
17 454
17 72
17 396
17 459
17 76
17 80
17 81
17 83
17 212
17 215
17 472
17 350
17 95
17 336
17 99
17 358
17 103
17 253
17 496
17 241
17 118
17 121
17 460
17 125
18 258
18 398
18 145
18 19
18 21
18 22
18 409
18 397
18 196
18 26
18 27
18 285
18 31
18 34
18 37
18 38
18 41
18 301
18 46
18 48
18 433
18 52
18 181
18 180
18 159
18 134
18 65
18 66
18 68
18 70
18 71
18 329
18 322
18 79
18 87
18 91
18 221
18 94
18 425
18 277
18 366
18 111
18 247
18 332
18 123
18 149
19 129
19 139
19 147
19 20
19 21
19 25
19 132
19 28
19 29
19 286
19 261
19 160
19 34
19 165
19 40
19 45
19 47
19 432
19 177
19 50
19 236
19 182
19 442
19 415
19 60
19 62
19 279
19 65
19 235
19 69
19 454
19 424
19 338
19 216
19 217
19 90
19 91
19 96
19 464
19 226
19 103
19 488
19 316
19 231
19 108
19 240
19 113
19 116
19 376
20 135
20 405
20 138
20 256
20 274
20 269
20 21
20 22
20 150
20 26
20 27
20 156
20 29
20 30
20 162
20 419
20 36
20 38
20 284
20 282
20 45
20 46
20 385
20 53
20 54
20 393
20 59
20 189
20 181
20 64
20 321
20 68
20 71
20 207
20 80
20 173
20 82
20 212
20 407
20 87
20 250
20 224
20 229
20 358
20 465
20 106
20 109
20 239
20 375
20 122
20 277
21 435
21 278
21 152
21 25
21 474
21 289
21 35
21 422
21 295
21 129
21 169
21 43
21 44
21 306
21 46
21 176
21 50
21 51
21 53
21 137
21 132
21 185
21 442
21 202
21 193
21 66
21 331
21 73
21 74
21 55
21 135
21 206
21 209
21 213
21 344
21 90
21 475
21 92
21 459
21 96
21 300
21 104
21 108
21 40
21 147
21 41
21 249
21 250
21 449
21 124
21 224
22 132
22 23
22 30
22 33
22 34
22 38
22 295
22 41
22 45
22 175
22 432
22 178
22 436
22 53
22 55
22 58
22 64
22 195
22 324
22 197
22 113
22 329
22 82
22 339
22 84
22 86
22 343
22 344
22 347
22 221
22 94
22 357
22 161
22 491
22 109
22 111
22 241
22 371
22 116
22 119
22 248
23 390
23 135
23 272
23 273
23 274
23 414
23 289
23 399
23 41
23 426
23 44
23 46
23 368
23 179
23 52
23 55
23 440
23 189
23 67
23 326
23 330
23 207
23 483
23 84
23 342
23 217
23 91
23 395
23 94
23 225
23 98
23 227
23 485
23 102
23 488
23 112
23 121
23 126
24 391
24 132
24 146
24 131
24 148
24 153
24 27
24 158
24 34
24 35
24 164
24 46
24 47
24 317
24 63
24 64
24 96
24 75
24 290
24 207
24 336
24 81
24 338
24 468
24 213
24 215
24 348
24 478
24 224
24 108
24 275
24 119
24 248
24 378
24 123
24 252
24 382
25 134
25 130
25 401
25 153
25 282
25 286
25 260
25 290
25 35
25 40
25 44
25 45
25 477
25 50
25 182
25 31
25 61
25 65
25 198
25 333
25 79
25 84
25 470
25 91
25 93
25 99
25 259
25 106
25 239
25 113
25 123
25 124
25 125
26 138
26 139
26 261
26 147
26 151
26 410
26 28
26 31
26 36
26 423
26 40
26 327
26 46
26 179
26 181
26 56
26 313
26 61
26 191
26 68
26 69
26 71
26 328
26 80
26 211
26 470
26 97
26 98
26 484
26 358
26 488
26 105
26 363
26 274
26 238
26 497
26 371
26 378
26 127
27 388
27 339
27 311
27 77
27 82
27 107
27 341
27 86
27 151
27 345
27 347
27 468
27 287
27 226
27 355
27 212
27 297
27 43
27 44
27 495
27 498
27 172
27 117
27 55
27 312
27 185
27 123
27 475
28 137
28 128
28 141
28 145
28 149
28 406
28 30
28 31
28 35
28 39
28 40
28 425
28 426
28 427
28 303
28 178
28 51
28 158
28 55
28 59
28 61
28 63
28 320
28 65
28 68
28 458
28 203
28 79
28 338
28 87
28 344
28 349
28 351
28 485
28 239
28 369
28 245
28 121
28 250
28 383
29 211
29 76
29 491
29 210
29 149
29 342
29 388
29 220
29 93
29 30
29 31
29 160
29 67
29 448
29 195
29 232
29 41
29 485
29 44
29 238
29 47
29 48
29 83
29 169
29 56
29 442
29 315
29 192
29 190
30 481
30 393
30 460
30 217
30 218
30 92
30 390
30 97
30 98
30 37
30 113
30 41
30 300
30 272
30 303
30 49
30 53
30 55
30 255
30 127
31 461
31 131
31 404
31 150
31 281
31 33
31 34
31 294
31 295
31 427
31 137
31 60
31 189
31 319
31 193
31 324
31 268
31 75
31 77
31 79
31 82
31 99
31 84
31 85
31 87
31 89
31 207
31 348
31 97
31 227
31 232
31 233
31 492
31 110
31 61
31 370
31 372
31 119
31 122
31 252
31 383
32 263
32 405
32 294
32 67
32 270
32 281
32 68
32 92
32 94
32 287
32 237
32 33
32 289
32 35
32 454
32 230
32 166
32 40
32 156
32 43
32 45
32 104
32 50
32 243
32 180
32 343
32 360
32 296
33 257
33 384
33 149
33 409
33 461
33 412
33 164
33 454
33 45
33 51
33 308
33 181
33 54
33 441
33 187
33 60
33 196
33 198
33 200
33 74
33 333
33 207
33 212
33 469
33 216
33 99
33 361
33 363
33 236
33 109
33 371
33 244
33 126
34 259
34 405
34 152
34 158
34 133
34 497
34 457
34 39
34 41
34 303
34 50
34 439
34 185
34 317
34 318
34 160
34 198
34 268
34 76
34 83
34 88
34 90
34 348
34 97
34 408
34 472
34 361
34 108
34 146
34 110
34 239
34 112
34 113
34 494
35 363
35 70
35 264
35 398
35 144
35 153
35 347
35 122
35 494
35 408
35 484
35 231
35 129
35 407
35 107
35 236
35 110
35 189
35 176
35 242
35 115
35 57
35 58
35 447
35 61
35 318
35 341
36 171
36 332
36 409
36 280
36 193
36 87
36 88
36 153
36 253
36 94
36 159
36 197
36 228
36 70
36 166
36 295
36 42
36 71
36 365
36 47
36 287
36 179
36 308
36 391
36 120
36 187
36 195
36 189
36 127
37 196
37 69
37 394
37 75
37 143
37 144
37 81
37 147
37 139
37 345
37 93
37 163
37 484
37 165
37 486
37 106
37 364
37 45
37 239
37 72
37 116
37 437
37 180
37 124
38 358
38 372
38 140
38 239
38 271
38 175
38 157
38 414
38 229
38 276
38 209
38 41
38 171
38 44
38 274
38 46
38 111
38 176
38 72
38 179
38 52
38 201
38 248
38 84
38 383
39 202
39 140
39 98
39 276
39 149
39 407
39 478
39 281
39 218
39 91
39 413
39 158
39 263
39 228
39 101
39 71
39 238
39 125
39 177
39 391
39 375
39 56
39 266
39 189
39 191
40 406
40 143
40 439
40 75
40 214
40 345
40 348
40 90
40 459
40 318
40 355
40 168
40 220
40 48
40 368
40 372
40 117
40 55
40 185
40 124
40 62
40 63
41 133
41 140
41 131
41 452
41 282
41 293
41 44
41 47
41 432
41 49
41 181
41 182
41 59
41 134
41 63
41 324
41 390
41 327
41 328
41 74
41 205
41 210
41 211
41 89
41 93
41 97
41 102
41 124
41 496
41 113
41 477
41 127
41 252
41 264
41 149
42 375
42 128
42 268
42 461
42 270
42 400
42 278
42 87
42 88
42 94
42 224
42 290
42 369
42 105
42 171
42 482
42 49
42 114
42 499
42 329
42 438
42 137
42 123
43 71
43 74
43 140
43 409
43 156
43 69
43 133
43 161
43 423
43 297
43 299
43 109
43 456
43 115
43 201
43 185
43 186
43 188
43 62
44 199
44 73
44 343
44 460
44 143
44 86
44 156
44 93
44 224
44 289
44 278
44 219
44 101
44 231
44 270
44 305
44 221
44 51
44 372
44 375
44 59
44 330
45 260
45 64
45 471
45 84
45 407
45 280
45 271
45 285
45 165
45 399
45 103
45 426
45 236
45 430
45 175
45 136
45 52
45 118
45 314
45 479
45 253
45 126
46 135
46 322
46 147
46 281
46 175
46 92
46 314
46 160
46 457
46 477
46 102
46 104
46 109
46 47
46 206
46 136
46 140
46 307
46 329
46 441
46 58
46 469
47 268
47 130
47 270
47 276
47 278
47 260
47 495
47 389
47 129
47 170
47 61
47 48
47 433
47 55
47 313
47 58
47 317
47 321
47 139
47 199
47 80
47 81
47 82
47 185
47 98
47 232
47 108
47 367
47 242
47 118
47 377
47 251
48 134
48 75
48 78
48 79
48 150
48 89
48 153
48 175
48 471
48 415
48 302
48 54
48 312
48 253
48 63
49 214
49 70
49 457
49 75
49 143
49 145
49 203
49 472
49 154
49 92
49 198
49 273
49 470
49 433
49 110
49 111
49 112
49 113
49 370
49 55
49 62
49 63
50 390
50 65
50 64
50 371
50 288
50 184
50 466
50 84
50 214
50 87
50 179
50 271
50 346
50 329
50 353
50 292
50 357
50 295
50 494
50 51
50 342
50 119
50 120
50 121
51 225
51 72
51 130
51 76
51 66
51 142
51 208
51 67
51 139
51 406
51 279
51 153
51 95
51 99
51 262
51 337
51 291
51 362
51 289
51 433
51 112
51 368
51 372
51 117
51 121
51 187
51 460
51 437
52 279
52 256
52 73
52 143
52 142
52 79
52 83
52 87
52 478
52 89
52 92
52 69
52 133
52 97
52 290
52 228
52 296
52 348
52 176
52 488
52 365
52 292
52 265
52 248
52 57
52 253
52 446
53 491
53 133
53 392
53 145
53 146
53 275
53 281
53 216
53 89
53 284
53 262
53 406
53 81
53 233
53 106
53 455
53 300
53 244
53 118
53 440
53 124
54 454
54 136
54 192
54 78
54 131
54 405
54 154
54 97
54 228
54 106
54 235
54 172
54 336
54 116
54 248
54 234
54 61
54 190
54 319
55 68
55 70
55 207
55 74
55 76
55 269
55 142
55 79
55 465
55 195
55 423
55 206
55 116
55 245
55 329
55 186
55 202
56 385
56 133
56 73
56 75
56 82
56 467
56 342
56 215
56 453
56 227
56 292
56 229
56 358
56 489
56 302
56 113
56 115
56 374
56 137
56 442
56 319
57 68
57 199
57 73
57 192
57 77
57 365
57 402
57 419
57 388
57 219
57 287
57 432
57 356
57 101
57 102
57 168
57 299
57 114
57 321
57 112
57 178
57 116
57 188
58 458
58 130
58 67
58 243
58 139
58 194
58 142
58 79
58 273
58 387
58 149
58 203
58 408
58 271
58 94
58 225
58 106
58 299
58 115
58 398
58 119
58 125
58 426
59 194
59 199
59 79
59 145
59 83
59 88
59 89
59 346
59 143
59 287
59 99
59 356
59 363
59 110
59 242
59 308
59 121
59 122
59 379
59 382
59 127
60 257
60 132
60 150
60 435
60 390
60 271
60 320
60 340
60 462
60 214
60 153
60 358
60 220
60 94
60 70
60 325
60 357
60 412
60 176
60 112
60 211
60 246
60 249
60 314
60 74
60 446
61 71
61 108
61 272
61 145
61 341
61 478
61 290
61 379
61 284
61 193
61 172
61 302
61 351
61 366
61 121
61 63
61 191
62 406
62 327
62 268
62 397
62 398
62 211
62 150
62 68
62 158
62 287
62 160
62 420
62 109
62 304
62 104
62 442
62 123
62 452
63 206
63 152
63 465
63 403
63 66
63 343
63 462
63 475
63 441
63 408
63 423
63 430
63 180
63 376
63 308
63 377
63 85
64 384
64 135
64 392
64 142
64 429
64 260
64 90
64 86
64 221
64 370
64 355
64 102
64 104
64 430
64 177
64 375
64 444
65 160
65 147
65 326
65 306
65 82
65 174
65 463
65 155
65 284
65 123
65 477
65 318
65 319
66 141
66 208
66 363
66 284
66 69
66 95
66 393
66 485
66 422
66 107
66 172
66 369
66 246
66 247
66 332
66 250
67 68
67 70
67 144
67 196
67 442
67 101
67 417
67 359
67 446
67 313
67 250
67 187
67 252
67 126
68 129
68 395
68 135
68 140
68 224
68 147
68 85
68 137
68 221
68 290
68 101
68 490
68 494
68 241
68 306
68 254
68 201
68 314
69 331
69 395
69 93
69 414
69 165
69 226
69 360
69 170
69 171
69 492
69 179
69 121
69 445
69 126
70 130
70 339
70 328
70 266
70 142
70 335
70 227
70 212
70 151
70 331
70 384
70 286
70 97
70 166
70 259
70 235
70 108
70 431
70 115
70 245
70 404
70 251
70 330
70 341
71 132
71 198
71 73
71 452
71 171
71 153
71 220
71 199
71 421
71 106
71 257
71 210
71 379
71 202
71 447
72 197
72 139
72 460
72 80
72 81
72 82
72 157
72 133
72 224
72 105
72 235
72 113
72 178
72 312
72 95
72 252
73 129
73 246
73 108
73 83
73 214
73 220
73 261
73 225
73 165
73 166
73 231
73 296
73 426
73 240
73 118
73 393
73 127
73 149
74 140
74 142
74 82
74 211
74 153
74 143
74 361
74 101
74 419
74 228
74 134
74 490
74 257
74 173
74 178
74 371
74 118
74 499
74 447
75 360
75 177
75 80
75 128
75 160
75 236
75 110
75 148
75 300
75 420
76 386
76 462
76 82
76 470
76 216
76 281
76 221
76 225
76 106
76 110
76 438
76 247
76 184
77 132
77 134
77 391
77 371
77 322
77 273
77 405
77 151
77 196
77 93
77 478
77 160
77 272
77 281
77 230
77 168
77 107
77 242
77 178
77 115
77 89
77 248
77 124
78 268
78 140
78 320
78 472
78 84
78 408
78 91
78 418
78 357
78 102
78 169
78 115
78 181
78 148
78 309
79 133
79 265
79 267
79 365
79 210
79 362
79 287
79 242
79 246
79 95
80 128
80 291
80 217
80 133
80 290
80 99
80 234
80 355
80 429
80 321
80 456
80 245
80 183
80 315
80 444
81 465
81 262
81 432
81 119
81 121
81 314
81 102
81 126
81 328
82 324
82 111
82 207
82 120
82 83
82 149
82 345
82 153
82 365
82 228
82 294
82 166
82 232
82 105
82 234
82 173
82 192
82 243
82 244
82 117
82 264
83 193
83 183
83 140
83 397
83 84
83 86
83 281
83 150
83 291
83 293
83 177
83 105
83 108
83 226
83 113
83 243
83 212
84 261
84 128
84 459
84 149
84 153
84 154
84 97
84 492
84 311
84 187
85 128
85 261
85 198
85 484
85 411
85 290
85 292
85 232
85 490
85 237
85 302
85 239
85 184
85 125
86 481
86 202
86 152
86 465
86 216
86 157
86 491
86 353
86 408
86 295
86 489
86 107
86 433
86 379
86 444
87 407
87 134
87 270
87 147
87 149
87 150
87 215
87 262
87 489
87 185
87 378
87 362
88 386
88 137
88 320
88 142
88 282
88 283
88 478
88 421
88 233
88 321
88 449
88 180
88 119
88 120
88 362
89 396
89 206
89 207
89 464
89 149
89 155
89 490
89 108
89 173
89 302
89 124
89 117
90 130
90 259
90 261
90 392
90 440
90 402
90 269
90 225
90 169
90 174
90 111
90 176
90 499
90 183
90 376
91 195
91 435
91 353
91 177
91 117
91 216
91 270
92 323
92 334
92 206
92 269
92 210
92 150
92 284
92 485
92 423
92 299
92 385
92 182
93 262
93 353
93 141
93 323
93 408
93 153
93 225
93 422
93 103
93 104
93 423
93 177
93 117
93 375
93 442
93 319
93 127
94 388
94 333
94 467
94 215
94 153
94 479
94 230
94 105
94 428
95 472
95 257
95 169
95 109
96 245
96 261
96 165
96 106
96 300
96 101
96 494
96 333
96 212
96 223
96 117
96 191
97 214
97 116
97 420
97 98
97 469
98 194
98 99
98 198
98 128
98 332
98 402
98 432
98 210
98 215
98 220
98 317
98 485
99 325
99 449
99 271
99 146
99 131
99 281
99 152
99 475
99 170
99 338
99 112
99 113
99 185
99 190
100 227
100 103
100 104
100 271
100 178
100 118
100 255
100 182
100 477
100 475
100 197
101 289
101 206
101 273
101 323
101 405
101 452
101 261
101 225
101 488
101 244
101 374
101 185
101 223
101 127
102 195
102 390
102 138
102 140
102 339
102 148
102 154
102 287
102 363
102 428
102 176
102 372
102 253
103 304
103 259
103 232
103 297
103 299
103 282
103 176
103 150
103 356
103 250
103 491
104 357
104 417
104 138
104 240
104 241
104 446
105 256
105 247
105 146
105 238
105 434
105 278
105 201
106 388
106 182
106 439
106 378
106 279
106 218
106 411
106 282
106 478
106 356
106 176
106 435
106 244
106 265
106 120
106 134
107 123
107 488
107 233
107 258
107 398
107 304
107 211
107 249
107 216
107 217
107 154
107 282
108 196
108 322
108 206
108 274
108 406
108 218
108 304
108 292
108 240
108 114
108 201
108 330
108 382
109 129
109 427
109 134
109 136
109 366
109 139
109 145
109 110
109 409
109 221
109 291
109 303
109 119
109 249
109 381
109 254
109 277
110 192
110 337
110 206
110 459
110 160
110 289
110 498
110 189
110 479
110 447
110 118
110 185
110 123
110 254
110 383
111 263
111 232
111 201
111 160
111 270
111 463
111 153
111 493
111 442
112 161
112 135
112 307
112 119
112 436
112 117
112 412
113 258
113 265
113 142
113 344
113 411
113 393
113 326
113 355
113 304
113 115
113 117
113 246
113 311
113 188
114 491
114 204
114 171
114 301
114 366
114 125
114 182
114 281
114 248
114 354
115 424
115 261
115 332
115 416
115 358
115 168
115 125
115 308
115 253
115 469
116 321
116 203
116 192
116 207
116 146
116 214
116 153
116 439
116 395
116 349
116 163
116 476
116 303
116 373
117 449
117 330
117 275
117 282
117 286
117 159
117 161
117 241
117 479
118 128
118 390
118 206
118 150
118 476
118 378
118 350
118 162
118 178
118 180
118 314
118 254
119 192
119 196
119 197
119 329
119 206
119 131
119 407
119 324
119 218
119 164
119 423
119 185
120 130
120 135
120 389
120 199
120 213
120 157
120 373
121 192
121 323
121 266
121 403
121 122
121 351
121 355
121 167
121 169
121 306
121 250
121 446
122 192
122 179
122 230
122 203
122 419
122 288
122 144
122 242
122 412
123 324
123 421
123 482
123 189
123 337
123 180
124 198
124 136
124 266
124 320
124 151
124 349
124 170
124 171
124 153
125 302
125 132
125 323
125 359
125 452
125 431
125 310
125 283
125 165
126 417
126 396
126 301
126 413
126 427
126 300
126 239
126 242
126 189
126 255
127 204
127 461
127 399
127 209
127 274
127 275
127 285
127 291
127 486
128 163
128 197
128 460
128 278
128 346
129 194
129 136
129 232
129 425
129 152
130 163
130 225
130 362
130 455
130 300
130 289
130 417
130 443
131 246
131 134
131 273
131 451
131 151
131 169
131 154
131 399
131 351
131 225
131 411
132 229
132 291
132 277
133 196
133 396
133 330
133 139
133 192
133 194
133 168
133 172
134 198
134 256
134 204
134 194
134 225
134 228
134 487
134 402
134 431
134 242
135 194
135 193
135 412
135 395
135 353
135 156
136 246
136 245
136 346
136 191
137 449
137 458
137 268
137 271
137 304
137 251
138 259
138 169
138 193
138 236
138 419
138 311
138 287
139 233
139 197
139 418
139 174
139 378
139 148
139 245
139 457
139 164
140 257
140 476
140 274
140 148
140 452
140 156
140 355
140 292
140 297
141 330
141 334
141 443
141 499
141 150
141 184
141 155
141 287
142 407
142 325
142 203
142 272
142 339
142 151
142 335
142 336
142 231
142 257
142 373
142 374
143 389
143 428
143 277
143 255
143 173
143 367
143 178
143 184
143 180
143 317
143 149
144 452
144 161
144 238
144 468
144 312
145 453
145 401
145 339
145 203
145 302
145 413
145 377
146 172
146 227
146 232
146 171
146 194
146 366
146 163
146 313
146 204
146 317
147 166
147 389
147 465
147 276
147 150
147 377
147 477
147 185
147 211
148 194
148 232
148 201
148 239
148 496
148 210
148 245
148 377
148 469
149 395
149 205
149 336
149 495
149 221
149 294
149 295
149 300
150 310
150 171
150 367
150 375
150 255
151 197
151 443
151 170
151 154
151 382
151 458
152 385
152 243
152 436
152 265
152 361
152 477
153 194
153 285
153 482
153 314
153 447
154 455
154 239
154 178
154 312
154 442
154 316
155 419
155 232
155 180
155 341
155 248
155 159
156 220
156 199
156 174
156 413
156 372
156 313
156 477
156 495
156 253
157 344
157 278
157 163
157 228
157 479
157 229
158 260
158 366
158 399
158 336
158 177
158 382
158 442
158 251
158 426
159 293
159 230
159 161
159 167
160 384
160 261
160 162
160 283
160 222
160 417
160 229
160 239
160 371
160 308
161 456
161 210
161 399
161 348
161 477
161 297
161 494
161 271
161 181
162 194
162 340
162 461
162 336
162 370
162 309
162 185
162 186
163 481
163 224
163 213
163 350
164 292
164 441
164 452
164 175
164 208
164 179
164 377
164 319
165 224
165 322
165 421
165 171
165 273
165 256
165 369
165 177
165 495
165 447
166 264
166 242
166 176
166 385
166 189
166 479
167 232
167 327
167 181
167 470
168 195
168 326
168 299
168 467
168 333
168 244
169 431
169 480
169 442
169 486
169 405
169 205
169 279
169 271
169 426
170 299
170 387
170 273
170 213
170 346
170 469
171 207
171 371
171 326
171 394
172 406
172 362
172 369
172 214
172 279
172 254
173 200
173 199
173 214
173 474
173 303
174 421
174 205
174 281
174 317
175 304
175 368
175 310
175 379
176 326
176 469
176 226
176 245
176 415
177 419
177 334
177 359
177 278
177 435
177 442
178 194
178 275
178 472
178 376
179 294
179 200
179 429
179 206
179 334
179 411
179 345
180 367
180 189
181 268
181 431
181 396
181 227
181 376
181 315
181 413
182 395
182 183
182 469
182 427
183 453
183 394
183 248
183 184
184 238
184 469
185 427
185 277
186 388
186 420
186 338
186 441
187 384
187 400
187 417
187 465
187 342
188 424
188 460
188 362
189 415
189 202
189 433
189 323
189 222
189 438
190 198
190 272
190 453
191 320
191 210
191 386
192 264
192 233
193 263
193 205
193 238
193 216
194 210
194 317
194 245
194 217
194 221
194 260
195 272
195 226
195 311
195 397
195 445
195 240
195 402
195 345
195 222
195 421
196 206
196 278
196 283
196 253
197 230
197 300
197 445
198 202
199 280
199 253
200 496
200 246
200 442
200 316
200 477
200 414
201 424
201 204
201 236
202 266
202 365
202 475
203 322
203 427
203 269
203 206
203 434
204 211
204 485
205 237
205 242
205 285
206 336
206 210
206 249
206 477
206 444
207 343
207 224
207 364
207 301
207 373
207 247
207 253
208 251
208 340
208 377
209 497
209 409
210 293
210 492
210 306
210 211
210 252
211 481
211 418
211 227
211 406
211 233
211 491
212 244
212 429
213 257
213 329
213 236
213 288
214 260
214 241
214 339
214 279
214 476
214 282
215 241
215 328
215 249
215 248
216 246
216 271
216 407
216 409
216 285
216 357
217 292
217 418
217 461
217 409
218 279
218 388
218 318
218 257
219 408
219 242
219 278
219 333
220 423
220 277
220 282
221 471
221 363
221 238
221 365
222 468
222 245
222 433
222 247
222 405
223 375
223 267
224 326
224 297
224 405
224 497
224 243
224 426
225 481
225 264
225 368
226 361
226 428
226 291
226 406
226 489
226 442
227 354
227 393
227 394
227 414
228 300
228 431
228 385
228 339
229 337
229 364
230 289
230 366
230 240
230 469
230 375
230 377
231 269
231 242
231 496
231 476
231 446
232 304
232 256
232 328
232 464
233 325
233 468
233 331
233 237
235 291
235 323
235 299
236 288
237 347
237 281
237 497
238 396
238 277
239 411
239 390
241 259
241 243
241 409
241 318
241 415
242 405
243 423
243 260
243 483
243 433
243 374
243 412
243 414
244 347
244 371
244 315
245 485
245 423
245 407
245 280
246 456
246 355
247 263
247 392
247 391
247 364
247 479
248 257
248 275
248 277
248 287
249 466
249 497
249 433
250 362
250 418
250 372
250 421
251 339
252 295
252 259
252 255
253 330
253 471
254 468
255 293
255 363
255 337
255 370
255 347
258 314
259 498
260 362
260 335
260 276
260 431
261 324
261 454
261 335
262 290
262 267
262 281
263 393
263 336
263 433
263 351
264 312
264 495
264 300
264 431
265 418
265 422
265 489
265 310
265 283
265 319
266 320
266 447
267 313
268 423
268 401
269 416
269 355
269 481
269 427
270 457
270 419
270 499
270 317
270 382
271 439
271 281
272 323
272 461
272 340
273 359
274 426
274 369
274 473
274 441
274 322
276 289
276 285
277 481
277 420
278 455
278 335
278 330
278 351
279 328
279 286
280 282
281 495
282 434
282 471
283 490
283 315
283 398
284 431
285 416
285 373
285 346
286 452
286 363
286 366
286 402
286 313
287 296
287 313
287 476
287 362
288 470
288 398
288 383
289 320
289 458
289 397
289 372
289 415
290 407
290 475
292 320
293 352
293 439
293 477
294 310
295 454
296 311
296 393
296 297
297 408
297 477
298 493
298 361
298 429
298 383
299 420
299 300
299 400
299 384
299 376
300 319
300 315
302 368
302 316
303 404
304 364
304 319
305 374
305 348
306 324
306 426
306 460
307 388
307 432
308 345
309 412
309 396
310 400
310 382
311 418
311 425
311 466
311 412
312 443
312 368
312 425
313 464
313 408
313 450
314 431
314 435
314 334
314 351
315 362
315 445
315 433
315 378
315 341
316 481
316 478
316 371
317 390
317 338
317 357
318 338
318 419
318 376
318 473
319 322
319 378
320 389
320 487
320 468
321 421
321 360
323 399
323 335
323 351
325 475
325 459
325 395
325 341
327 331
327 427
327 463
328 390
329 384
329 485
329 464
330 448
330 374
331 488
331 447
332 373
333 415
333 389
336 350
336 439
336 405
338 340
338 478
338 412
339 497
340 399
340 383
341 362
341 426
342 410
344 472
345 364
346 374
346 444
347 491
347 390
348 402
349 387
350 439
350 408
352 425
352 458
355 399
356 393
357 476
357 464
358 482
358 412
359 480
360 420
360 494
360 498
360 474
360 427
362 487
363 394
363 432
363 409
366 388
367 393
368 489
368 380
369 482
369 486
370 388
370 425
371 438
371 469
372 433
373 490
374 452
374 399
375 484
375 473
376 477
377 422
377 378
379 459
380 419
380 483
381 471
381 424
386 435
386 436
387 439
387 421
388 497
388 392
388 433
389 395
390 484
391 416
392 499
392 440
393 458
393 399
394 400
394 409
396 448
398 414
400 442
400 413
401 449
406 435
408 485
408 486
410 431
412 463
421 460
421 496
426 494
426 440
429 438
429 435
431 435
433 475
433 466
433 473
434 456
438 454
440 443
441 462
441 497
443 467
444 495
446 462
447 485
448 482
449 491
450 485
452 468
453 494
458 487
458 475
462 467
465 482
468 493
469 477
470 487
471 476
485 499
