0 1
0 2
0 3
0 4
0 5
0 6
0 7
0 8
0 9
0 10
0 11
0 12
0 13
0 14
0 15
0 16
0 17
0 18
0 19
0 20
0 21
0 22
0 23
0 24
0 25
0 26
0 27
0 28
0 29
0 30
0 31
0 32
0 33
0 34
0 35
0 36
0 37
0 38
0 39
0 40
0 41
0 42
0 43
0 44
0 45
0 46
0 47
0 48
0 49
0 50
0 51
0 52
0 53
0 54
0 55
0 56
0 57
0 58
0 59
0 60
0 61
0 62
0 63
0 64
0 65
0 66
0 67
0 68
0 69
0 70
0 71
0 72
0 73
0 74
0 75
0 76
0 77
0 78
0 79
0 80
0 81
0 82
0 83
0 84
0 85
0 86
0 87
0 88
0 89
0 90
0 91
0 92
0 93
0 95
0 96
0 97
0 98
0 99
0 100
0 101
0 103
0 104
0 105
0 106
0 107
0 108
0 109
0 110
0 111
0 112
0 113
0 115
0 116
0 117
0 118
0 119
0 120
0 121
0 122
0 123
0 124
0 125
0 126
0 128
0 129
0 132
0 134
0 135
0 136
0 138
0 141
0 142
0 143
0 144
0 145
0 146
0 147
0 148
0 149
0 150
0 151
0 152
0 153
0 154
0 155
0 156
0 157
0 158
0 159
0 160
0 161
0 162
0 164
0 167
0 169
0 170
0 173
0 174
0 175
0 176
0 177
0 178
0 179
0 182
0 185
0 188
0 191
0 192
0 193
0 195
0 196
0 197
0 199
0 200
0 202
0 204
0 205
0 206
0 207
0 209
0 210
0 213
0 214
0 215
0 217
0 219
0 221
0 222
0 223
0 224
0 225
0 227
0 228
0 229
0 230
0 232
0 233
0 234
0 235
0 238
0 239
0 240
0 241
0 242
0 243
0 244
0 246
0 247
0 251
0 253
0 254
0 255
0 259
0 263
0 265
0 267
0 268
0 269
0 271
0 274
0 275
0 276
0 277
0 279
0 281
0 282
0 283
0 284
0 285
0 286
0 292
0 293
0 294
0 297
0 299
0 300
0 302
0 303
0 304
0 305
0 307
0 308
0 312
0 313
0 314
0 319
0 321
0 322
0 323
0 325
0 329
0 330
0 331
0 333
0 340
0 341
0 342
0 343
0 349
0 350
0 351
0 353
0 355
0 360
0 361
0 364
0 365
0 366
0 367
0 369
0 371
0 372
0 374
0 375
0 381
0 384
0 385
0 386
0 387
0 391
0 392
0 393
0 397
0 400
0 402
0 404
0 405
0 406
0 408
0 413
0 414
0 415
0 417
0 418
0 421
0 423
0 426
0 429
0 432
0 438
0 439
0 440
0 441
0 443
0 445
0 446
0 450
0 451
0 452
0 456
0 461
0 466
0 472
0 473
0 476
0 477
0 480
0 485
0 488
0 491
0 492
0 493
0 495
0 496
0 499
1 2
1 3
1 4
1 5
1 6
1 7
1 8
1 9
1 10
1 11
1 12
1 13
1 14
1 15
1 16
1 17
1 18
1 19
1 20
1 21
1 22
1 23
1 24
1 25
1 26
1 27
1 28
1 29
1 30
1 31
1 32
1 33
1 34
1 35
1 36
1 37
1 38
1 39
1 40
1 41
1 42
1 43
1 44
1 45
1 46
1 47
1 48
1 50
1 52
1 53
1 54
1 55
1 56
1 59
1 60
1 61
1 64
1 65
1 67
1 68
1 69
1 70
1 71
1 72
1 73
1 74
1 75
1 76
1 77
1 78
1 79
1 80
1 81
1 86
1 87
1 89
1 90
1 91
1 92
1 93
1 94
1 95
1 96
1 98
1 99
1 101
1 102
1 103
1 104
1 105
1 106
1 107
1 108
1 109
1 110
1 112
1 113
1 114
1 119
1 120
1 121
1 122
1 123
1 124
1 126
1 127
1 128
1 132
1 134
1 142
1 145
1 147
1 148
1 149
1 151
1 152
1 153
1 156
1 162
1 164
1 166
1 169
1 174
1 180
1 181
1 182
1 183
1 186
1 187
1 188
1 192
1 193
1 195
1 196
1 201
1 202
1 211
1 213
1 216
1 220
1 221
1 222
1 227
1 228
1 232
1 236
1 237
1 238
1 239
1 243
1 246
1 247
1 253
1 254
1 257
1 260
1 261
1 275
1 276
1 281
1 282
1 283
1 284
1 287
1 288
1 292
1 293
1 295
1 297
1 301
1 302
1 305
1 307
1 309
1 310
1 314
1 316
1 321
1 323
1 325
1 330
1 335
1 337
1 343
1 347
1 350
1 355
1 357
1 365
1 367
1 368
1 369
1 370
1 374
1 378
1 385
1 387
1 388
1 398
1 399
1 400
1 402
1 405
1 408
1 409
1 410
1 412
1 413
1 415
1 417
1 418
1 424
1 425
1 427
1 432
1 436
1 440
1 441
1 442
1 443
1 447
1 451
1 452
1 453
1 454
1 455
1 456
1 460
1 467
1 475
1 477
1 481
1 484
1 485
1 486
1 487
1 488
1 492
2 3
2 4
2 5
2 6
2 7
2 8
2 9
2 10
2 11
2 12
2 13
2 14
2 15
2 16
2 17
2 18
2 19
2 20
2 21
2 22
2 23
2 24
2 25
2 26
2 27
2 28
2 29
2 30
2 31
2 32
2 33
2 34
2 35
2 36
2 37
2 38
2 39
2 40
2 41
2 42
2 43
2 45
2 46
2 47
2 49
2 50
2 51
2 52
2 53
2 54
2 55
2 57
2 58
2 60
2 61
2 62
2 63
2 64
2 65
2 67
2 71
2 73
2 78
2 80
2 81
2 82
2 85
2 86
2 88
2 89
2 90
2 91
2 93
2 94
2 95
2 99
2 101
2 104
2 107
2 109
2 110
2 111
2 113
2 114
2 115
2 117
2 119
2 123
2 125
2 129
2 134
2 135
2 137
2 144
2 145
2 146
2 148
2 150
2 151
2 152
2 159
2 162
2 163
2 164
2 169
2 171
2 175
2 177
2 178
2 182
2 189
2 191
2 193
2 196
2 199
2 200
2 202
2 203
2 204
2 210
2 211
2 212
2 219
2 221
2 222
2 223
2 227
2 228
2 230
2 232
2 234
2 240
2 241
2 244
2 250
2 252
2 253
2 262
2 263
2 265
2 267
2 268
2 269
2 275
2 276
2 278
2 281
2 283
2 290
2 295
2 301
2 306
2 312
2 316
2 319
2 322
2 337
2 343
2 349
2 350
2 353
2 356
2 364
2 371
2 373
2 376
2 388
2 390
2 391
2 397
2 400
2 401
2 402
2 406
2 410
2 415
2 417
2 419
2 421
2 423
2 424
2 426
2 428
2 429
2 436
2 439
2 452
2 458
2 467
2 469
2 470
2 474
2 476
2 478
2 480
2 485
2 490
2 492
2 493
2 495
2 496
3 4
3 5
3 6
3 7
3 8
3 9
3 10
3 11
3 12
3 13
3 14
3 15
3 16
3 17
3 18
3 19
3 20
3 21
3 22
3 23
3 24
3 25
3 26
3 27
3 28
3 29
3 30
3 31
3 32
3 34
3 35
3 36
3 38
3 41
3 42
3 44
3 45
3 47
3 49
3 50
3 53
3 55
3 56
3 57
3 58
3 60
3 61
3 62
3 64
3 65
3 66
3 68
3 73
3 74
3 75
3 79
3 81
3 83
3 85
3 87
3 89
3 91
3 92
3 93
3 97
3 99
3 102
3 111
3 113
3 114
3 115
3 118
3 119
3 125
3 126
3 127
3 128
3 129
3 130
3 131
3 137
3 138
3 140
3 141
3 145
3 146
3 148
3 155
3 158
3 159
3 160
3 169
3 170
3 172
3 174
3 175
3 180
3 181
3 183
3 184
3 185
3 186
3 189
3 190
3 191
3 192
3 196
3 198
3 202
3 204
3 205
3 207
3 208
3 209
3 210
3 211
3 216
3 219
3 225
3 231
3 232
3 237
3 240
3 249
3 254
3 257
3 259
3 260
3 261
3 263
3 267
3 275
3 276
3 280
3 281
3 283
3 284
3 292
3 295
3 297
3 299
3 305
3 307
3 313
3 317
3 320
3 326
3 327
3 328
3 343
3 345
3 350
3 352
3 354
3 359
3 360
3 365
3 366
3 370
3 386
3 392
3 399
3 402
3 405
3 407
3 408
3 414
3 415
3 418
3 422
3 428
3 430
3 435
3 438
3 440
3 442
3 446
3 447
3 449
3 451
3 453
3 457
3 460
3 464
3 469
3 470
3 471
3 478
3 495
3 498
4 260
4 5
4 6
4 7
4 8
4 9
4 10
4 11
4 12
4 13
4 14
4 15
4 16
4 17
4 18
4 19
4 20
4 277
4 22
4 23
4 24
4 25
4 26
4 27
4 284
4 29
4 30
4 31
4 487
4 33
4 34
4 35
4 37
4 39
4 40
4 42
4 263
4 300
4 45
4 47
4 48
4 49
4 50
4 51
4 53
4 54
4 55
4 283
4 57
4 61
4 318
4 63
4 65
4 66
4 67
4 69
4 71
4 275
4 73
4 447
4 435
4 76
4 78
4 79
4 85
4 86
4 87
4 267
4 89
4 90
4 91
4 95
4 344
4 100
4 358
4 259
4 105
4 106
4 107
4 108
4 365
4 111
4 112
4 113
4 114
4 115
4 117
4 118
4 120
4 276
4 122
4 379
4 126
4 383
4 129
4 131
4 392
4 137
4 138
4 139
4 322
4 142
4 280
4 403
4 148
4 407
4 408
4 410
4 367
4 157
4 158
4 162
4 163
4 261
4 423
4 168
4 426
4 327
4 428
4 429
4 174
4 433
4 178
4 179
4 286
4 182
4 439
4 184
4 185
4 442
4 188
4 445
4 446
4 191
4 192
4 279
4 196
4 200
4 457
4 202
4 203
4 207
4 376
4 211
4 213
4 214
4 215
4 216
4 218
4 476
4 221
4 224
4 483
4 228
4 229
4 231
4 232
4 233
4 306
4 239
4 241
4 244
4 245
4 252
5 6
5 7
5 8
5 9
5 10
5 11
5 12
5 13
5 14
5 15
5 16
5 17
5 18
5 19
5 20
5 21
5 24
5 25
5 26
5 28
5 30
5 31
5 32
5 35
5 37
5 38
5 39
5 40
5 41
5 42
5 43
5 44
5 45
5 46
5 385
5 49
5 50
5 54
5 55
5 56
5 315
5 62
5 320
5 65
5 322
5 67
5 68
5 69
5 70
5 73
5 76
5 78
5 268
5 337
5 338
5 480
5 84
5 301
5 90
5 271
5 93
5 95
5 272
5 98
5 99
5 100
5 425
5 273
5 104
5 106
5 109
5 113
5 114
5 116
5 117
5 118
5 375
5 276
5 396
5 447
5 380
5 384
5 129
5 130
5 387
5 132
5 133
5 136
5 492
5 395
5 140
5 397
5 149
5 281
5 154
5 155
5 413
5 160
5 496
5 163
5 326
5 166
5 284
5 170
5 172
5 175
5 434
5 179
5 180
5 181
5 182
5 329
5 184
5 187
5 189
5 446
5 191
5 192
5 196
5 198
5 201
5 202
5 460
5 208
5 211
5 214
5 473
5 335
5 257
5 263
5 225
5 482
5 259
5 232
5 234
5 235
5 236
5 237
5 495
5 310
5 241
5 499
5 245
5 247
5 426
5 254
6 341
6 7
6 8
6 9
6 10
6 11
6 12
6 13
6 14
6 16
6 17
6 18
6 19
6 20
6 277
6 22
6 281
6 26
6 27
6 284
6 30
6 287
6 32
6 291
6 36
6 38
6 39
6 41
6 42
6 43
6 44
6 46
6 306
6 51
6 52
6 54
6 55
6 56
6 59
6 61
6 318
6 63
6 343
6 69
6 70
6 327
6 275
6 74
6 75
6 403
6 77
6 334
6 80
6 81
6 85
6 87
6 91
6 349
6 350
6 96
6 97
6 99
6 100
6 106
6 108
6 109
6 317
6 112
6 369
6 114
6 115
6 120
6 121
6 319
6 283
6 384
6 385
6 388
6 406
6 492
6 138
6 141
6 143
6 401
6 147
6 150
6 151
6 409
6 156
6 158
6 163
6 164
6 166
6 497
6 425
6 426
6 431
6 270
6 181
6 182
6 183
6 440
6 441
6 186
6 443
6 444
6 330
6 191
6 193
6 331
6 196
6 453
6 198
6 456
6 457
6 204
6 205
6 206
6 376
6 469
6 214
6 219
6 220
6 223
6 483
6 337
6 489
6 490
6 236
6 238
6 240
6 241
6 242
6 315
6 298
6 253
6 255
7 8
7 9
7 10
7 11
7 12
7 258
7 14
7 15
7 16
7 17
7 19
7 22
7 24
7 27
7 285
7 31
7 288
7 304
7 290
7 36
7 39
7 296
7 42
7 43
7 44
7 48
7 51
7 53
7 54
7 265
7 313
7 58
7 63
7 64
7 65
7 435
7 67
7 325
7 70
7 71
7 72
7 73
7 74
7 78
7 336
7 81
7 82
7 84
7 85
7 86
7 441
7 88
7 91
7 93
7 94
7 97
7 259
7 107
7 108
7 109
7 114
7 115
7 116
7 119
7 378
7 132
7 134
7 321
7 139
7 141
7 398
7 143
7 427
7 149
7 151
7 410
7 158
7 453
7 160
7 162
7 283
7 261
7 372
7 170
7 171
7 177
7 270
7 179
7 185
7 443
7 188
7 450
7 451
7 197
7 202
7 459
7 207
7 467
7 214
7 365
7 292
7 475
7 220
7 485
7 230
7 231
7 490
7 245
7 425
7 252
8 324
8 9
8 12
8 13
8 14
8 15
8 16
8 17
8 18
8 20
8 22
8 23
8 25
8 27
8 28
8 30
8 31
8 32
8 289
8 290
8 35
8 36
8 38
8 44
8 301
8 47
8 50
8 310
8 265
8 56
8 58
8 315
8 288
8 64
8 68
8 325
8 256
8 73
8 330
8 76
8 333
8 78
8 338
8 83
8 84
8 87
8 347
8 99
8 105
8 368
8 287
8 418
8 377
8 123
8 124
8 381
8 128
8 130
8 131
8 132
8 135
8 136
8 141
8 143
8 145
8 403
8 148
8 406
8 151
8 306
8 153
8 154
8 157
8 491
8 162
8 163
8 165
8 166
8 170
8 355
8 172
8 173
8 176
8 434
8 435
8 286
8 182
8 186
8 187
8 188
8 192
8 193
8 194
8 455
8 384
8 201
8 204
8 205
8 207
8 208
8 466
8 211
8 214
8 216
8 476
8 478
8 231
8 233
8 235
8 240
8 242
8 339
8 380
8 254
9 265
9 10
9 11
9 12
9 14
9 271
9 16
9 344
9 18
9 19
9 20
9 21
9 22
9 23
9 25
9 27
9 28
9 29
9 289
9 34
9 35
9 37
9 38
9 39
9 40
9 42
9 43
9 257
9 46
9 48
9 49
9 51
9 52
9 53
9 55
9 305
9 57
9 60
9 320
9 395
9 70
9 71
9 75
9 335
9 82
9 339
9 84
9 284
9 313
9 88
9 89
9 90
9 92
9 350
9 400
9 100
9 103
9 105
9 106
9 108
9 109
9 275
9 123
9 380
9 125
9 129
9 130
9 132
9 406
9 134
9 136
9 138
9 139
9 140
9 144
9 483
9 448
9 149
9 150
9 409
9 156
9 157
9 159
9 418
9 283
9 164
9 421
9 423
9 169
9 285
9 176
9 178
9 371
9 181
9 182
9 441
9 190
9 279
9 198
9 204
9 205
9 206
9 207
9 291
9 470
9 217
9 218
9 219
9 477
9 480
9 425
9 227
9 484
9 233
9 431
9 237
9 238
9 498
9 499
9 244
9 246
9 247
9 250
9 251
10 11
10 12
10 13
10 14
10 272
10 18
10 19
10 21
10 22
10 24
10 281
10 86
10 289
10 262
10 38
10 39
10 42
10 43
10 301
10 47
10 49
10 51
10 310
10 58
10 59
10 317
10 66
10 68
10 69
10 71
10 77
10 78
10 336
10 142
10 342
10 343
10 92
10 95
10 97
10 98
10 358
10 359
10 103
10 366
10 112
10 114
10 275
10 446
10 118
10 119
10 124
10 128
10 133
10 398
10 146
10 411
10 412
10 157
10 161
10 278
10 163
10 420
10 166
10 423
10 327
10 177
10 115
10 181
10 444
10 190
10 192
10 199
10 204
10 305
10 462
10 464
10 474
10 221
10 480
10 225
10 228
10 230
10 488
10 233
10 491
10 298
11 12
11 13
11 14
11 15
11 16
11 259
11 276
11 21
11 278
11 23
11 24
11 299
11 26
11 27
11 29
11 304
11 290
11 475
11 293
11 433
11 348
11 43
11 44
11 45
11 46
11 48
11 51
11 350
11 54
11 56
11 59
11 60
11 266
11 66
11 68
11 71
11 72
11 75
11 335
11 84
11 342
11 346
11 271
11 92
11 94
11 263
11 101
11 361
11 364
11 109
11 61
11 113
11 116
11 117
11 119
11 478
11 383
11 129
11 386
11 132
11 134
11 136
11 142
11 400
11 145
11 146
11 148
11 456
11 406
11 152
11 411
11 413
11 160
11 165
11 168
11 428
11 173
11 430
11 285
11 177
11 179
11 439
11 440
11 192
11 453
11 200
11 458
11 208
11 465
11 210
11 214
11 216
11 219
11 257
11 280
11 224
11 307
11 489
11 237
11 495
11 240
11 241
11 246
12 13
12 256
12 15
12 18
12 20
12 21
12 23
12 25
12 26
12 30
12 33
12 290
12 35
12 36
12 262
12 39
12 40
12 41
12 263
12 45
12 46
12 47
12 49
12 52
12 54
12 56
12 57
12 58
12 59
12 60
12 61
12 64
12 65
12 66
12 267
12 329
12 331
12 333
12 78
12 312
12 338
12 85
12 271
12 352
12 97
12 315
12 100
12 101
12 102
12 103
12 444
12 109
12 317
12 113
12 114
12 120
12 379
12 124
12 382
12 127
12 134
12 398
12 143
12 401
12 323
12 152
12 154
12 495
12 157
12 170
12 370
12 175
12 266
12 178
12 181
12 438
12 440
12 188
12 193
12 450
12 195
12 453
12 201
12 458
12 305
12 206
12 210
12 399
12 462
12 471
12 474
12 220
12 480
12 225
12 483
12 230
12 487
12 380
12 295
12 493
12 239
12 496
12 242
12 247
12 251
12 426
13 14
13 15
13 17
13 18
13 21
13 24
13 26
13 27
13 29
13 33
13 37
13 177
13 40
13 41
13 43
13 46
13 47
13 48
13 49
13 52
13 55
13 57
13 59
13 64
13 68
13 69
13 70
13 71
13 73
13 331
13 77
13 78
13 82
13 340
13 270
13 87
13 92
13 96
13 98
13 315
13 357
13 359
13 362
13 274
13 110
13 112
13 115
13 116
13 118
13 381
13 126
13 383
13 128
13 392
13 139
13 143
13 149
13 160
13 167
13 424
13 171
13 172
13 433
13 435
13 436
13 184
13 185
13 187
13 189
13 205
13 463
13 467
13 212
13 477
13 227
13 232
13 327
13 493
13 495
13 249
13 254
14 256
14 16
14 18
14 259
14 20
14 22
14 23
14 25
14 282
14 27
14 28
14 29
14 30
14 409
14 35
14 36
14 39
14 40
14 42
14 301
14 46
14 49
14 52
14 309
14 54
14 59
14 266
14 63
14 65
14 68
14 70
14 74
14 78
14 80
14 270
14 343
14 345
14 399
14 92
14 93
14 94
14 97
14 315
14 359
14 104
14 105
14 362
14 108
14 110
14 317
14 112
14 374
14 120
14 377
14 122
14 123
14 382
14 385
14 321
14 392
14 279
14 141
14 143
14 145
14 403
14 150
14 407
14 408
14 153
14 156
14 166
14 169
14 170
14 172
14 437
14 182
14 445
14 449
14 451
14 203
14 210
14 211
14 476
14 477
14 336
14 228
14 232
14 489
14 238
14 242
14 243
14 245
14 248
15 16
15 17
15 18
15 277
15 22
15 25
15 282
15 29
15 287
15 290
15 292
15 37
15 433
15 40
15 44
15 306
15 48
15 49
15 50
15 51
15 55
15 56
15 59
15 316
15 319
15 66
15 68
15 70
15 329
15 241
15 332
15 333
15 78
15 341
15 342
15 90
15 93
15 100
15 362
15 364
15 113
15 119
15 121
15 126
15 21
15 387
15 134
15 136
15 137
15 394
15 395
15 396
15 144
15 146
15 403
15 148
15 406
15 409
15 155
15 414
15 160
15 164
15 167
15 171
15 175
15 177
15 178
15 183
15 441
15 442
15 189
15 191
15 449
15 194
15 452
15 201
15 462
15 467
15 334
15 481
15 234
15 127
15 296
15 251
16 17
16 19
16 20
16 22
16 23
16 24
16 282
16 27
16 286
16 289
16 34
16 36
16 294
16 39
16 41
16 43
16 44
16 45
16 46
16 47
16 49
16 50
16 51
16 52
16 54
16 300
16 57
16 59
16 65
16 66
16 267
16 325
16 70
16 72
16 73
16 420
16 397
16 89
16 346
16 93
16 350
16 97
16 356
16 101
16 102
16 361
16 362
16 387
16 110
16 113
16 275
16 121
16 123
16 386
16 115
16 134
16 391
16 393
16 140
16 141
16 142
16 145
16 151
16 152
16 410
16 411
16 412
16 157
16 158
16 415
16 161
16 419
16 164
16 167
16 175
16 179
16 30
16 442
16 194
16 202
16 204
16 305
16 206
16 461
16 211
16 215
16 217
16 224
16 234
16 295
16 495
16 242
16 243
16 349
16 252
16 264
16 255
17 471
17 18
17 19
17 20
17 21
17 22
17 23
17 24
17 25
17 27
17 285
17 32
17 33
17 38
17 39
17 40
17 41
17 263
17 44
17 302
17 47
17 49
17 308
17 53
17 311
17 283
17 68
17 72
17 329
17 74
17 79
17 80
17 81
17 338
17 89
17 346
17 93
17 94
17 101
17 97
17 357
17 425
17 359
17 259
17 108
17 111
17 112
17 369
17 403
17 116
17 124
17 129
17 386
17 132
17 391
17 393
17 388
17 147
17 269
17 149
17 452
17 156
17 157
17 158
17 159
17 161
17 163
17 420
17 372
17 170
17 436
17 185
17 186
17 187
17 191
17 196
17 455
17 203
17 215
17 221
17 480
17 336
17 226
17 272
17 242
17 244
17 245
17 247
18 19
18 20
18 24
18 25
18 27
18 284
18 30
18 293
18 294
18 39
18 43
18 47
18 264
18 51
18 52
18 54
18 56
18 319
18 64
18 65
18 66
18 69
18 70
18 268
18 331
18 77
18 78
18 269
18 312
18 84
18 270
18 343
18 88
18 347
18 101
18 97
18 98
18 99
18 357
18 102
18 104
18 112
18 114
18 372
18 117
18 120
18 122
18 382
18 131
18 135
18 138
18 148
18 149
18 155
18 159
18 160
18 165
18 166
18 167
18 168
18 171
18 321
18 175
18 433
18 178
18 446
18 451
18 453
18 201
18 202
18 204
18 206
18 271
18 215
18 475
18 478
18 480
18 482
18 487
18 431
18 499
18 246
18 341
19 136
19 151
19 396
19 269
19 143
19 148
19 21
19 23
19 152
19 25
19 410
19 414
19 159
19 32
19 289
19 165
19 40
19 41
19 193
19 199
19 44
19 46
19 48
19 434
19 172
19 180
19 181
19 439
19 184
19 244
19 59
19 215
19 309
19 64
19 65
19 66
19 451
19 68
19 71
19 73
19 391
19 343
19 204
19 77
19 397
19 415
19 87
19 473
19 91
19 144
19 100
19 307
19 232
19 106
19 235
19 272
19 239
19 112
19 360
19 481
19 116
19 366
19 374
19 375
19 376
19 255
19 124
19 149
20 386
20 128
20 269
20 259
20 438
20 22
20 281
20 25
20 26
20 155
20 285
20 133
20 32
20 33
20 34
20 35
20 292
20 421
20 299
20 242
20 46
20 51
20 52
20 182
20 440
20 455
20 266
20 159
20 188
20 138
20 62
20 65
20 194
20 324
20 69
20 417
20 200
20 460
20 226
20 334
20 208
20 416
20 342
20 370
20 474
20 349
20 478
20 95
20 486
20 98
20 99
20 100
20 357
20 230
20 307
20 360
20 105
20 362
20 146
20 114
20 467
20 245
20 118
20 247
20 377
20 374
20 380
20 125
20 255
21 272
21 23
21 24
21 25
21 28
21 475
21 36
21 37
21 38
21 433
21 40
21 41
21 300
21 51
21 309
21 312
21 316
21 61
21 320
21 267
21 68
21 70
21 76
21 77
21 79
21 92
21 343
21 348
21 93
21 96
21 97
21 355
21 356
21 102
21 358
21 104
21 362
21 111
21 112
21 114
21 117
21 374
21 119
21 127
21 64
21 131
21 133
21 391
21 136
21 394
21 141
21 143
21 147
21 148
21 149
21 406
21 151
21 397
21 153
21 154
21 411
21 422
21 171
21 173
21 177
21 435
21 436
21 438
21 201
21 459
21 208
21 209
21 210
21 467
21 213
21 214
21 292
21 474
21 219
21 464
21 482
21 247
21 253
22 395
22 147
22 150
22 23
22 24
22 26
22 27
22 28
22 29
22 287
22 160
22 432
22 35
22 37
22 39
22 40
22 41
22 170
22 45
22 47
22 48
22 177
22 128
22 280
22 53
22 54
22 440
22 313
22 187
22 188
22 266
22 134
22 448
22 66
22 407
22 69
22 199
22 200
22 398
22 76
22 222
22 340
22 85
22 87
22 472
22 473
22 412
22 92
22 94
22 100
22 102
22 487
22 259
22 275
22 109
22 499
22 381
22 360
22 370
22 243
22 245
22 169
22 123
22 298
22 255
23 129
23 265
23 143
23 146
23 132
23 26
23 155
23 28
23 30
23 325
23 32
23 161
23 411
23 41
23 480
23 263
23 44
23 307
23 306
23 179
23 52
23 54
23 137
23 185
23 314
23 445
23 62
23 63
23 160
23 67
23 196
23 69
23 471
23 199
23 328
23 73
23 77
23 78
23 82
23 83
23 84
23 142
23 343
23 474
23 476
23 323
23 356
23 103
23 234
23 110
23 241
23 114
23 371
23 318
23 191
23 127
24 265
24 301
24 402
24 260
24 160
24 33
24 289
24 292
24 454
24 65
24 168
24 42
24 45
24 174
24 53
24 438
24 55
24 185
24 60
24 138
24 309
24 193
24 70
24 71
24 201
24 418
24 78
24 81
24 82
24 469
24 470
24 441
24 88
24 218
24 384
24 93
24 223
24 272
24 393
24 294
24 102
24 209
24 104
24 362
24 231
24 237
24 112
24 417
24 122
24 124
24 298
24 426
25 134
25 135
25 266
25 215
25 130
25 151
25 260
25 27
25 28
25 29
25 30
25 31
25 283
25 156
25 299
25 486
25 284
25 392
25 179
25 182
25 56
25 57
25 187
25 317
25 469
25 352
25 66
25 70
25 72
25 75
25 204
25 461
25 78
25 466
25 399
25 85
25 86
25 185
25 169
25 219
25 96
25 98
25 217
25 357
25 102
25 360
25 235
25 146
25 115
25 246
25 119
25 435
25 276
25 122
25 255
25 124
25 371
25 127
26 135
26 472
26 274
26 259
26 152
26 409
26 410
26 28
26 387
26 31
26 32
26 33
26 35
26 134
26 308
26 40
26 284
26 43
26 303
26 176
26 177
26 178
26 52
26 478
26 440
26 57
26 59
26 151
26 61
26 190
26 160
26 195
26 70
26 454
26 73
26 258
26 141
26 80
26 81
26 163
26 212
26 85
26 470
26 87
26 88
26 89
26 94
26 336
26 315
26 229
26 102
26 316
26 364
26 365
26 110
26 445
26 489
26 119
26 378
26 124
26 254
26 383
27 259
27 28
27 29
27 32
27 35
27 39
27 41
27 43
27 301
27 46
27 264
27 307
27 309
27 313
27 316
27 62
27 72
27 330
27 334
27 269
27 337
27 87
27 347
27 93
27 94
27 99
27 106
27 364
27 366
27 367
27 112
27 115
27 119
27 123
27 125
27 130
27 389
27 138
27 142
27 400
27 146
27 403
27 151
27 152
27 154
27 155
27 414
27 453
27 416
27 419
27 427
27 172
27 175
27 177
27 434
27 183
27 185
27 189
27 195
27 197
27 201
27 291
27 212
27 214
27 233
27 234
27 235
27 244
27 252
28 449
28 392
28 384
28 147
28 154
28 150
28 163
28 420
28 37
28 291
28 173
28 47
28 49
28 434
28 179
28 155
28 58
28 411
28 458
28 62
28 63
28 321
28 324
28 353
28 74
28 76
28 78
28 207
28 81
28 83
28 468
28 86
28 87
28 89
28 474
28 91
28 348
28 93
28 478
28 225
28 482
28 110
28 221
28 117
28 374
28 413
28 123
28 281
28 126
29 135
29 145
29 384
29 131
29 431
29 152
29 158
29 160
29 161
29 290
29 35
29 36
29 421
29 40
29 169
29 43
29 428
29 303
29 176
29 200
29 51
29 53
29 54
29 132
29 313
29 186
29 59
29 317
29 192
29 139
29 69
29 72
29 329
29 75
29 76
29 372
29 79
29 336
29 82
29 212
29 86
29 377
29 267
29 345
29 463
29 361
29 95
29 224
29 344
29 310
29 105
29 108
29 402
29 238
29 466
29 275
29 116
29 247
29 121
29 283
30 129
30 379
30 266
30 151
30 301
30 273
30 494
30 283
30 286
30 133
30 161
30 36
30 348
30 427
30 257
30 173
30 434
30 54
30 57
30 191
30 441
30 322
30 67
30 68
30 198
30 140
30 202
30 76
30 77
30 462
30 339
30 407
30 87
30 92
30 227
30 104
30 402
30 238
30 382
30 248
30 122
30 319
30 252
30 126
31 51
31 139
31 386
31 398
31 493
31 450
31 404
31 279
31 156
31 154
31 286
31 32
31 33
31 418
31 172
31 179
31 310
31 439
31 56
31 57
31 58
31 187
31 60
31 189
31 190
31 65
31 66
31 459
31 69
31 456
31 203
31 76
31 462
31 336
31 216
31 479
31 224
31 98
31 357
31 107
31 109
31 496
31 241
31 114
31 243
31 252
31 126
31 127
32 128
32 273
32 131
32 491
32 413
32 33
32 162
32 390
32 296
32 327
32 302
32 431
32 51
32 180
32 417
32 184
32 308
32 187
32 138
32 63
32 339
32 480
32 67
32 69
32 289
32 74
32 203
32 460
32 333
32 463
32 56
32 83
32 85
32 345
32 346
32 347
32 350
32 421
32 107
32 225
32 98
32 227
32 145
32 232
32 235
32 109
32 59
32 244
32 252
32 126
32 255
33 51
33 137
33 476
33 401
33 275
33 265
33 162
33 35
33 167
33 41
33 298
33 432
33 49
33 179
33 309
33 219
33 183
33 56
33 57
33 64
33 203
33 72
33 330
33 75
33 34
33 337
33 82
33 83
33 86
33 343
33 472
33 90
33 91
33 220
33 96
33 97
33 98
33 484
33 102
33 359
33 237
33 368
33 241
33 114
33 243
33 119
33 255
33 247
34 394
34 237
34 147
34 148
34 431
34 414
34 154
34 155
34 412
34 157
34 158
34 289
34 40
34 43
34 45
34 47
34 175
34 50
34 52
34 53
34 265
34 443
34 60
34 62
34 454
34 71
34 74
34 462
34 338
34 339
34 84
34 90
34 91
34 220
34 94
34 352
34 97
34 483
34 232
34 144
34 109
34 238
34 367
34 248
34 379
34 127
35 260
35 388
35 371
35 144
35 147
35 149
35 196
35 414
35 133
35 161
35 423
35 295
35 296
35 169
35 43
35 300
35 45
35 47
35 176
35 305
35 307
35 52
35 181
35 159
35 377
35 195
35 68
35 69
35 198
35 457
35 202
35 75
35 226
35 324
35 207
35 282
35 85
35 121
35 88
35 474
35 349
35 94
35 95
35 272
35 98
35 443
35 357
35 104
35 106
35 235
35 110
35 241
35 114
35 275
35 285
35 375
35 148
35 252
36 266
36 139
36 450
36 143
36 145
36 274
36 148
36 452
36 495
36 284
36 149
36 160
36 165
36 38
36 41
36 135
36 413
36 136
36 469
36 398
36 56
36 57
36 58
36 351
36 189
36 66
36 196
36 256
36 72
36 329
36 331
36 499
36 405
36 312
36 210
36 270
36 93
36 37
36 97
36 477
36 232
36 367
36 383
36 117
36 425
36 121
36 122
36 251
36 126
36 255
37 51
37 391
37 138
37 139
37 141
37 146
37 148
37 155
37 41
37 44
37 429
37 174
37 432
37 307
37 52
37 309
37 498
37 55
37 111
37 317
37 62
37 319
37 64
37 449
37 451
37 454
37 353
37 437
37 332
37 77
37 79
37 465
37 212
37 399
37 348
37 478
37 95
37 97
37 483
37 101
37 231
37 362
37 239
37 241
37 114
37 115
37 318
37 246
37 249
37 379
37 382
38 257
38 247
38 66
38 208
38 275
38 375
38 446
38 94
38 471
38 272
38 200
38 421
38 455
38 486
38 382
38 107
38 109
38 437
38 303
38 112
38 136
38 306
38 432
38 459
38 350
38 137
38 440
38 121
38 60
38 62
38 63
39 143
39 147
39 155
39 286
39 421
39 436
39 173
39 47
39 49
39 52
39 53
39 310
39 440
39 57
39 186
39 187
39 309
39 322
39 69
39 337
39 384
39 460
39 74
39 204
39 206
39 81
39 82
39 467
39 429
39 91
39 226
39 227
39 231
39 106
39 493
39 381
39 373
39 378
39 252
39 253
40 134
40 384
40 153
40 281
40 284
40 48
40 423
40 172
40 173
40 285
40 304
40 179
40 184
40 445
40 62
40 319
40 196
40 199
40 459
40 204
40 397
40 209
40 338
40 227
40 142
40 342
40 473
40 474
40 219
40 348
40 349
40 99
40 357
40 81
40 233
40 106
40 236
40 402
40 110
40 369
40 498
40 250
40 362
41 300
41 404
41 415
41 162
41 283
41 166
41 171
41 44
41 173
41 174
41 48
41 49
41 53
41 393
41 56
41 372
41 428
41 458
41 64
41 67
41 198
41 71
41 258
41 204
41 335
41 81
41 85
41 43
41 344
41 90
41 347
41 93
41 98
41 235
41 239
41 116
41 118
41 120
41 121
42 271
42 149
42 281
42 153
42 155
42 415
42 262
42 298
42 171
42 45
42 47
42 303
42 305
42 393
42 266
42 321
42 459
42 70
42 97
42 200
42 75
42 462
42 81
42 87
42 88
42 91
42 229
42 96
42 225
42 354
42 256
42 101
42 231
42 105
42 234
42 499
42 247
42 249
42 426
42 255
43 388
43 140
43 145
43 281
43 288
43 293
43 424
43 274
43 385
43 435
43 265
43 416
43 66
43 67
43 197
43 130
43 72
43 55
43 460
43 78
43 82
43 84
43 85
43 87
43 267
43 217
43 476
43 477
43 99
43 104
43 106
43 491
43 109
43 113
43 114
43 374
43 298
43 380
43 234
44 476
44 140
44 156
44 427
44 415
44 292
44 293
44 135
44 300
44 45
44 303
44 180
44 478
44 311
44 484
44 151
44 62
44 191
44 407
44 326
44 73
44 60
44 77
44 206
44 335
44 336
44 211
44 343
44 169
44 92
44 350
44 96
44 98
44 100
44 360
44 316
44 363
44 240
44 233
44 127
45 391
45 137
45 128
45 397
45 145
45 350
45 473
45 280
45 282
45 284
45 468
45 287
45 290
45 293
45 169
45 427
45 305
45 179
45 309
45 192
45 453
45 70
45 199
45 456
45 206
45 333
45 338
45 483
45 212
45 377
45 89
45 152
45 91
45 222
45 144
45 355
45 102
45 379
45 234
45 235
45 364
45 109
45 110
45 353
45 497
45 372
45 248
45 340
45 251
45 253
46 394
46 149
46 152
46 414
46 325
46 290
46 167
46 446
46 265
46 57
46 442
46 458
46 318
46 321
46 452
46 197
46 198
46 481
46 74
46 75
46 332
46 386
46 269
46 462
46 86
46 343
46 344
46 348
46 221
46 94
46 400
46 355
46 102
46 230
46 104
46 106
46 360
46 275
46 62
46 254
46 277
47 262
47 385
47 140
47 270
47 131
47 282
47 128
47 156
47 172
47 136
47 179
47 52
47 182
47 55
47 440
47 445
47 266
47 77
47 269
47 81
47 91
47 350
47 479
47 99
47 232
47 361
47 110
47 189
47 498
47 117
47 121
48 392
48 128
48 145
48 407
48 280
48 156
48 415
48 163
48 422
48 169
48 453
48 135
48 172
48 429
48 221
48 359
48 50
48 138
48 57
48 442
48 266
48 62
48 459
48 69
48 75
48 76
48 93
48 351
48 103
48 361
48 363
48 168
48 243
48 105
48 120
49 385
49 134
49 135
49 403
49 154
49 175
49 221
49 177
49 178
49 51
49 437
49 56
49 59
49 189
49 63
49 322
49 451
49 417
49 456
49 207
49 80
49 82
49 85
49 471
49 90
49 349
49 222
49 363
49 108
49 238
49 496
49 242
49 477
49 123
49 124
49 381
49 127
50 129
50 192
50 142
50 147
50 288
50 167
50 427
50 300
50 433
50 180
50 311
50 308
50 60
50 190
50 64
50 67
50 452
50 198
50 74
50 331
50 76
50 80
50 91
50 257
50 459
50 95
50 100
50 230
50 361
50 295
50 109
50 366
50 112
50 241
50 117
50 382
51 129
51 133
51 136
51 398
51 147
51 152
51 132
51 164
51 305
51 296
51 174
51 432
51 137
51 266
51 134
51 160
51 67
51 324
51 197
51 289
51 330
51 75
51 335
51 81
51 86
51 219
51 351
51 103
51 488
51 361
51 362
51 110
51 244
51 374
51 251
51 264
52 131
52 151
52 256
52 147
52 150
52 452
52 411
52 422
52 296
52 170
52 302
52 433
52 178
52 436
52 54
52 184
52 185
52 314
52 492
52 134
52 320
52 395
52 68
52 200
52 329
52 75
52 77
52 141
52 83
52 218
52 335
52 93
52 95
52 352
52 229
52 230
52 387
52 367
52 240
52 117
52 269
52 251
52 381
53 69
53 77
53 158
53 207
53 82
53 259
53 84
53 85
53 87
53 260
53 91
53 94
53 155
53 104
53 148
53 482
53 146
53 110
53 414
53 240
53 270
53 115
53 150
53 117
53 57
53 58
53 123
53 381
54 145
54 148
54 154
54 283
54 419
54 294
54 171
54 174
54 304
54 177
54 309
54 398
54 439
54 473
54 185
54 58
54 189
54 181
54 193
54 197
54 437
54 75
54 332
54 208
54 85
54 214
54 89
54 224
54 354
54 487
54 108
54 114
54 250
54 255
55 140
55 148
55 299
55 154
55 157
55 429
55 306
55 437
55 311
55 56
55 314
55 315
55 60
55 232
55 193
55 390
55 73
55 482
55 335
55 58
55 217
55 90
55 220
55 349
55 95
55 226
55 269
55 230
55 104
55 235
55 113
55 467
55 118
55 126
55 383
56 492
56 269
56 147
56 407
56 283
56 418
56 168
56 173
56 430
56 434
56 315
56 60
56 65
56 325
56 71
56 200
56 183
56 84
56 92
56 351
56 353
56 361
56 490
56 364
56 146
56 367
56 114
56 118
56 233
56 123
57 470
57 395
57 145
57 196
57 170
57 301
57 177
57 307
57 180
57 312
57 314
57 202
57 68
57 74
57 460
57 83
57 341
57 86
57 473
57 90
57 477
57 229
57 488
57 277
57 236
57 368
57 371
57 116
57 85
58 278
58 386
58 142
58 275
58 406
58 160
58 197
58 420
58 423
58 425
58 431
58 176
58 179
58 138
58 394
58 449
58 69
58 202
58 203
58 461
58 80
58 81
58 338
58 467
58 100
58 219
58 99
58 356
58 491
58 237
58 112
58 499
58 119
58 121
58 183
59 130
59 135
59 140
59 147
59 149
59 407
59 128
59 286
59 287
59 424
59 172
59 301
59 307
59 185
59 186
59 317
59 62
59 447
59 195
59 325
59 198
59 202
59 77
59 81
59 84
59 85
59 441
59 216
59 442
59 350
59 360
59 105
59 239
59 113
59 275
59 249
59 126
60 130
60 320
60 146
60 403
60 366
60 286
60 171
60 430
60 303
60 432
60 307
60 180
60 444
60 64
60 323
60 198
60 396
60 74
60 76
60 77
60 205
60 209
60 82
60 467
60 213
60 216
60 89
60 229
60 231
60 104
60 491
60 364
60 210
60 238
60 239
60 241
60 372
60 117
60 123
60 125
60 126
60 405
61 141
61 398
61 146
61 195
61 278
61 279
61 485
61 260
61 288
61 326
61 168
61 300
61 436
61 309
61 314
61 330
61 319
61 66
61 67
61 324
61 70
61 74
61 459
61 337
61 214
61 215
61 421
61 229
61 81
61 360
61 103
61 189
61 112
61 369
61 251
61 124
61 277
62 135
62 138
62 145
62 259
62 157
62 158
62 288
62 291
62 284
62 327
62 306
62 416
62 194
62 68
62 197
62 71
62 76
62 77
62 216
62 346
62 349
62 224
62 226
62 102
62 235
62 240
62 242
62 248
62 249
63 133
63 137
63 395
63 386
63 277
63 407
63 473
63 157
63 158
63 172
63 429
63 303
63 445
63 191
63 322
63 67
63 325
63 78
63 79
63 270
63 86
63 88
63 217
63 92
63 96
63 104
63 492
63 493
63 317
63 112
63 369
63 243
63 372
63 254
63 85
64 265
64 128
64 142
64 271
64 147
64 279
64 410
64 156
64 285
64 287
64 165
64 424
64 429
64 305
64 309
64 196
64 327
64 75
64 80
64 83
64 84
64 342
64 89
64 90
64 475
64 222
64 225
64 234
64 402
64 368
64 114
64 115
64 120
64 212
64 362
65 339
65 72
65 393
65 258
65 66
65 67
65 149
65 151
65 283
65 432
65 257
65 94
65 336
65 99
65 356
65 231
65 298
65 106
65 108
65 301
65 110
65 112
65 392
65 251
65 123
65 189
66 136
66 81
66 341
66 408
66 219
66 157
66 94
66 99
66 102
66 300
66 451
66 317
66 339
66 437
66 138
66 120
66 163
66 447
66 124
66 195
67 271
67 275
67 132
67 410
67 160
67 289
67 422
67 423
67 297
67 298
67 300
67 175
67 304
67 307
67 436
67 183
67 185
67 190
67 448
67 460
67 206
67 80
67 248
67 338
67 211
67 425
67 229
67 490
67 491
67 364
67 237
67 467
67 372
67 376
67 377
67 382
67 127
68 263
68 151
68 152
68 293
68 296
68 176
68 128
68 181
68 191
68 453
68 76
68 467
68 341
68 87
68 344
68 100
68 219
68 221
68 222
68 95
68 228
68 232
68 108
68 109
68 114
68 120
68 447
68 126
69 258
69 396
69 271
69 472
69 149
69 132
69 156
69 150
69 293
69 389
69 177
69 313
69 187
69 318
69 191
69 416
69 195
69 74
69 75
69 79
69 419
69 399
69 87
69 88
69 345
69 218
69 207
69 348
69 97
69 109
69 110
69 113
69 246
69 120
69 249
69 123
70 259
70 75
70 204
70 80
70 211
70 207
70 92
70 387
70 261
70 100
70 230
70 104
70 236
70 356
70 477
70 176
70 296
70 400
70 393
70 249
70 124
70 383
71 130
71 462
71 450
71 280
71 407
71 278
71 279
71 93
71 95
71 97
71 391
71 421
71 106
71 235
71 492
71 110
71 221
71 83
71 244
71 247
71 316
71 330
72 261
72 460
72 202
72 76
72 141
72 78
72 173
72 339
72 478
72 439
72 135
72 94
72 98
72 425
72 103
72 233
72 108
72 109
72 494
72 114
72 243
72 116
72 222
72 118
72 380
72 378
72 252
72 126
73 262
73 265
73 396
73 142
73 150
73 133
73 422
73 167
73 424
73 178
73 438
73 314
73 198
73 75
73 332
73 87
73 90
73 92
73 93
73 222
73 482
73 101
73 105
73 234
73 112
73 117
73 246
73 248
73 377
74 138
74 493
74 144
74 259
74 157
74 414
74 287
74 161
74 391
74 302
74 456
74 180
74 121
74 187
74 377
74 451
74 200
74 207
74 79
74 209
74 343
74 88
74 473
74 90
74 91
74 358
74 487
74 232
74 105
74 109
74 110
74 114
74 147
74 489
74 248
74 249
75 385
75 274
75 148
75 197
75 166
75 241
75 296
75 427
75 178
75 285
75 306
75 181
75 184
75 316
75 449
75 202
75 204
75 337
75 466
75 339
75 340
75 342
75 218
75 223
75 483
75 486
75 104
75 108
75 240
75 232
75 371
75 244
75 374
75 119
75 122
75 254
76 328
76 140
76 462
76 477
76 352
76 497
76 150
76 133
76 97
76 315
76 425
76 103
76 242
76 303
76 112
76 383
76 246
76 247
76 122
76 223
76 213
77 194
77 195
77 200
77 78
77 464
77 344
77 84
77 152
77 217
77 159
77 352
77 359
77 166
77 103
77 454
77 107
77 238
77 423
77 113
77 114
77 376
77 436
77 186
77 381
78 395
78 276
78 155
78 288
78 161
78 423
78 299
78 300
78 174
78 200
78 394
78 258
78 141
78 337
78 210
78 85
78 205
78 98
78 230
78 465
78 493
78 365
78 497
78 373
78 375
78 153
78 377
78 123
79 261
79 262
79 237
79 144
79 146
79 147
79 404
79 150
79 279
79 417
79 278
79 292
79 422
79 177
79 470
79 427
79 305
79 317
79 318
79 204
79 206
79 208
79 81
79 466
79 86
79 384
79 93
79 353
79 102
79 230
79 106
79 365
79 112
79 403
80 452
80 453
80 263
80 265
80 267
80 403
80 418
80 190
80 402
80 195
80 85
80 343
80 88
80 91
80 354
80 292
80 401
80 104
80 490
80 370
80 238
80 112
80 275
80 126
80 206
80 264
80 185
80 134
81 389
81 137
81 395
81 397
81 399
81 404
81 149
81 162
81 163
81 294
81 179
81 182
81 211
81 469
81 89
81 93
81 280
81 481
81 105
81 126
81 123
81 124
81 382
82 395
82 227
82 339
82 343
82 140
82 463
82 163
82 148
82 346
82 91
82 94
82 290
82 99
82 100
82 293
82 488
82 172
82 307
82 239
82 113
82 242
82 243
82 332
82 250
82 315
83 260
83 87
83 207
83 433
83 146
83 416
83 213
83 342
83 408
83 409
83 384
83 92
83 286
83 163
83 293
83 103
83 379
83 493
83 175
83 112
83 385
83 118
83 186
83 315
83 124
83 383
84 322
84 195
84 452
84 204
84 335
84 376
84 211
84 448
84 213
84 127
84 332
84 347
84 348
84 221
84 286
84 481
84 475
84 168
84 193
84 173
84 255
84 200
84 181
84 119
84 441
84 442
84 445
84 126
85 364
85 144
85 279
85 156
85 262
85 428
85 298
85 300
85 303
85 307
85 315
85 322
85 327
85 335
85 291
85 217
85 226
85 102
85 107
85 236
85 367
85 113
85 345
85 255
86 389
86 134
86 392
86 435
86 256
86 145
86 147
86 151
86 409
86 154
86 283
86 165
86 427
86 178
86 310
86 188
86 448
86 325
86 455
86 200
86 336
86 215
86 96
86 225
86 102
86 104
86 105
86 234
86 107
86 494
86 115
86 249
87 406
87 395
87 407
87 162
87 262
87 422
87 423
87 284
87 171
87 304
87 178
87 312
87 191
87 448
87 338
87 214
87 343
87 88
87 473
87 482
87 472
87 360
87 115
87 244
87 118
87 248
88 320
88 131
88 392
88 215
88 273
88 212
88 89
88 384
88 250
88 158
88 95
88 344
88 225
88 261
88 350
88 485
88 373
88 117
88 310
88 184
88 276
88 122
88 253
89 182
89 193
89 267
89 398
89 259
89 451
89 281
89 94
89 261
89 96
89 226
89 315
89 165
89 170
89 107
89 430
89 496
89 179
89 117
89 184
89 187
89 443
89 245
90 131
90 326
90 225
90 119
90 226
90 270
90 146
90 237
90 346
90 348
90 157
90 133
90 99
90 261
90 486
90 168
90 453
90 492
90 210
90 112
90 243
90 308
90 310
90 136
90 447
91 200
91 364
91 162
91 270
91 109
91 404
91 278
91 461
91 414
91 479
91 373
91 103
91 168
91 353
91 112
91 113
91 371
91 417
91 248
91 185
91 449
91 253
91 255
92 390
92 399
92 272
92 146
92 153
92 326
92 422
92 168
92 426
92 431
92 270
92 172
92 181
92 398
92 185
92 186
92 189
92 394
92 449
92 435
92 200
92 461
92 141
92 142
92 346
92 207
92 366
92 111
92 112
92 211
92 446
92 377
92 378
92 124
93 308
93 243
93 207
93 194
93 107
93 148
93 401
93 299
93 346
93 414
93 95
93 112
93 162
93 165
93 195
93 369
93 211
93 161
93 439
93 120
93 244
94 139
94 140
94 143
94 150
94 281
94 153
94 157
94 288
94 326
94 298
94 175
94 308
94 313
94 314
94 198
94 201
94 458
94 418
94 335
94 471
94 216
94 421
94 352
94 97
94 359
94 104
94 494
94 381
94 243
94 120
94 380
94 253
95 198
95 137
95 462
95 272
95 152
95 150
95 186
95 175
95 265
95 261
95 487
95 453
95 427
95 108
95 373
95 182
95 440
95 122
96 469
96 214
96 193
96 356
96 202
96 203
96 142
96 207
96 466
96 339
96 334
96 458
96 221
96 415
96 480
96 98
96 100
96 326
96 102
96 297
96 327
96 304
96 176
96 368
96 178
96 179
96 116
96 361
96 120
96 188
96 362
97 260
97 131
97 285
97 165
97 423
97 169
97 175
97 457
97 184
97 186
97 324
97 455
97 329
97 458
97 335
97 142
97 472
97 207
97 228
97 105
97 107
97 111
97 115
97 298
98 130
98 424
98 439
98 482
98 334
98 411
98 157
98 418
98 228
98 168
98 106
98 146
98 110
98 221
98 328
98 245
98 137
98 184
98 276
98 479
99 202
99 139
99 396
99 335
99 141
99 355
99 341
99 333
99 471
99 344
99 429
99 418
99 283
99 105
99 362
99 110
99 304
99 497
99 180
99 233
99 121
99 188
99 426
100 195
100 392
100 203
100 143
100 149
100 151
100 122
100 286
100 223
100 276
100 168
100 233
100 296
100 393
100 212
100 479
100 345
100 255
101 375
101 132
101 455
101 334
101 408
101 367
101 229
101 416
101 465
101 107
101 338
101 303
101 177
101 242
101 309
101 311
101 379
101 444
101 381
101 382
101 255
102 128
102 390
102 161
102 437
102 138
102 267
102 387
102 148
102 409
102 271
102 157
102 290
102 166
102 423
102 144
102 171
102 111
102 192
102 181
102 247
102 276
102 252
102 125
103 452
103 261
103 253
103 129
103 139
103 397
103 401
103 302
103 223
103 367
103 482
103 480
103 455
103 177
103 437
103 183
103 202
103 460
103 125
104 131
104 386
104 200
104 130
104 173
104 152
104 448
104 154
104 207
104 395
104 181
104 160
104 481
104 231
104 168
104 146
104 333
104 244
104 246
104 126
105 195
105 339
105 129
105 375
105 461
105 401
105 210
105 259
105 153
105 412
105 223
105 354
105 165
105 145
105 428
105 108
105 173
105 366
105 125
105 113
105 123
105 116
105 136
105 106
106 386
106 129
106 343
106 239
106 272
106 276
106 366
106 406
106 151
106 345
106 231
106 282
106 197
106 430
106 426
106 175
106 240
106 177
106 253
106 374
106 375
106 122
106 316
106 232
107 195
107 214
107 130
107 268
107 410
107 411
107 414
107 164
107 488
107 380
107 237
107 302
107 304
107 116
107 182
107 311
107 187
107 188
107 446
108 453
108 273
108 145
108 146
108 212
108 328
108 286
108 418
108 234
108 174
108 178
108 117
108 169
108 187
108 490
108 382
108 127
109 235
109 484
109 256
109 465
109 466
109 148
109 149
109 420
109 218
109 123
109 356
109 114
109 193
109 110
109 373
109 268
109 185
109 293
109 213
110 395
110 402
110 327
110 153
110 155
110 154
110 411
110 156
110 157
110 296
110 219
110 361
110 413
110 185
110 186
110 187
110 124
110 126
110 447
111 471
111 373
111 392
111 422
111 267
111 270
111 350
111 341
111 407
111 286
111 356
111 365
111 366
111 245
111 398
111 183
111 213
111 185
111 187
111 376
111 254
112 133
112 257
112 264
112 139
112 144
112 281
112 388
112 421
112 348
112 171
112 385
112 307
112 394
112 194
112 453
112 435
112 211
112 400
113 454
113 301
113 203
113 355
113 459
113 161
113 347
113 170
113 364
113 237
113 495
113 368
113 305
113 178
113 316
113 190
114 264
114 397
114 320
114 387
114 408
114 257
114 385
114 177
114 192
114 179
114 266
114 415
114 444
114 138
114 205
114 339
114 355
114 356
114 116
114 118
114 249
114 379
115 200
115 206
115 399
115 338
115 280
115 156
115 349
115 414
115 442
115 228
115 358
115 497
115 489
115 172
115 239
115 369
115 242
115 116
115 182
115 180
115 122
115 380
115 190
115 191
116 311
116 267
116 260
116 137
116 275
116 333
116 144
116 146
116 277
116 282
116 363
116 133
116 263
116 209
116 488
116 323
116 364
116 221
116 392
116 349
116 314
117 140
117 386
117 270
117 145
117 147
117 151
117 346
117 411
117 442
117 280
117 197
117 353
117 457
117 477
117 165
117 233
117 430
117 368
117 182
117 183
117 364
117 396
117 223
117 377
118 320
118 354
118 262
118 140
118 141
118 344
118 248
118 158
118 223
118 161
118 197
118 485
118 273
118 323
118 359
118 306
118 120
118 458
119 452
119 197
119 326
119 393
119 403
119 463
119 343
119 408
119 159
119 352
119 291
119 229
119 474
119 451
119 467
119 244
119 249
119 316
120 257
120 143
120 344
120 469
120 151
120 216
120 228
120 423
120 232
120 300
120 237
120 495
120 242
120 314
120 192
121 131
121 263
121 208
121 412
121 221
121 162
121 179
121 440
121 446
122 325
122 321
122 484
122 149
122 161
122 359
122 296
122 370
122 479
122 247
122 123
122 317
123 305
123 365
123 384
123 291
123 212
123 217
123 412
123 478
123 482
123 227
123 166
123 177
123 179
123 436
123 283
124 152
124 453
124 134
124 449
124 203
124 143
124 274
124 480
124 214
124 410
124 287
124 224
124 474
124 164
124 497
124 360
124 220
124 167
124 233
124 184
124 125
124 247
125 469
125 196
125 373
125 202
125 267
125 204
125 141
125 144
125 195
125 277
125 472
125 324
125 265
125 286
125 224
125 163
125 422
125 299
125 411
125 305
125 388
125 350
125 201
125 184
125 191
126 193
126 265
126 202
126 271
126 279
126 233
126 413
126 345
126 220
126 365
126 244
126 437
126 250
126 190
127 132
127 134
127 199
127 331
127 141
127 212
127 347
127 185
127 292
127 262
127 422
127 487
127 326
127 226
127 431
127 435
127 191
128 135
128 334
128 132
128 283
128 220
128 432
128 379
128 359
128 488
128 174
128 244
128 394
128 191
129 263
129 462
129 259
129 235
129 493
129 430
129 495
129 368
129 244
129 182
129 425
129 180
129 443
129 190
130 328
130 324
130 262
130 268
130 354
130 146
130 485
130 488
130 223
130 263
130 227
130 390
130 455
130 252
130 323
130 466
130 136
130 309
130 329
130 250
130 188
131 193
131 195
131 276
131 313
131 284
131 287
131 476
131 323
131 369
131 306
131 349
131 253
132 469
132 193
132 333
132 270
132 399
132 144
132 338
132 398
132 278
132 346
132 411
132 222
132 159
132 288
132 444
132 405
132 320
132 434
132 293
132 223
132 252
133 322
133 196
133 198
133 263
133 145
133 147
133 265
133 318
133 390
133 367
133 241
133 309
133 137
133 308
133 202
133 254
134 267
134 390
134 461
134 145
134 210
134 355
134 276
134 407
134 160
134 162
134 291
134 497
134 364
134 368
134 248
134 428
135 261
135 454
135 428
135 392
135 450
135 147
135 156
135 162
135 421
135 241
135 180
135 378
135 255
136 459
136 196
136 455
136 330
136 141
136 337
136 228
136 476
136 285
136 325
136 162
136 235
136 246
136 137
136 188
136 191
137 385
137 327
137 145
137 275
137 148
137 389
137 180
137 309
137 183
137 187
137 381
138 389
138 263
138 264
138 394
138 322
138 399
138 277
138 388
138 162
138 168
138 178
138 477
138 306
138 435
138 437
138 182
138 444
138 309
138 449
138 201
138 204
138 211
138 349
138 233
138 237
138 242
138 191
139 448
139 203
139 341
139 292
139 219
139 221
139 224
139 263
139 290
139 230
139 296
139 235
139 248
139 166
140 327
140 439
140 461
140 462
140 401
140 274
140 276
140 345
140 217
140 468
140 489
140 437
140 184
140 148
140 314
141 384
141 486
141 469
141 375
141 484
141 271
141 152
141 153
141 239
141 349
141 159
141 162
141 292
141 358
141 233
141 173
141 361
141 308
141 446
142 331
142 449
142 401
142 217
142 157
142 484
142 425
142 426
142 427
142 174
142 178
142 181
142 310
143 305
143 459
143 388
143 389
143 203
143 333
143 154
143 155
143 349
143 169
143 170
143 364
143 237
143 238
143 241
143 403
143 182
143 253
144 323
144 268
144 398
144 465
144 210
144 436
144 155
144 224
144 488
144 427
144 242
144 180
144 330
145 289
145 209
145 340
145 382
145 164
145 219
145 414
145 272
145 327
145 448
145 425
145 488
145 174
145 247
145 312
145 379
145 188
146 373
146 300
146 270
146 203
146 220
146 173
146 303
146 246
146 191
147 300
147 268
147 162
147 274
147 483
147 269
147 407
147 408
147 433
147 383
147 288
147 472
147 232
147 234
147 172
147 175
147 296
147 319
147 377
147 253
147 181
148 220
148 158
148 293
148 224
148 417
148 227
148 357
148 366
148 155
148 436
148 314
148 380
148 405
149 363
149 227
149 264
149 460
149 214
149 378
149 263
149 274
149 419
149 406
149 428
149 431
149 433
149 251
149 380
149 234
150 263
150 375
150 402
150 403
150 151
150 288
150 326
150 167
150 170
150 493
150 238
150 368
150 181
150 351
151 394
151 450
151 206
151 338
151 377
151 421
151 288
151 464
151 165
151 494
151 372
152 302
152 321
152 332
152 258
152 303
152 238
152 217
152 155
152 156
152 208
152 354
152 454
152 285
152 424
152 449
152 435
152 452
152 405
153 321
153 396
153 204
153 290
153 464
153 415
153 480
153 226
153 293
153 487
153 236
153 383
153 398
153 247
153 187
154 193
154 450
154 388
154 256
154 336
154 286
154 160
154 225
154 227
154 421
154 305
154 284
154 365
154 178
154 351
155 262
155 198
155 201
155 407
155 418
155 431
155 214
155 473
155 410
155 285
155 350
155 442
155 480
155 368
155 466
155 253
155 176
155 305
155 244
155 471
155 378
155 189
155 255
156 258
156 363
156 335
156 279
156 175
156 350
156 161
156 354
156 193
156 171
156 429
156 241
156 415
156 249
156 351
156 213
157 201
157 455
157 354
157 212
157 329
157 452
157 347
157 346
157 224
157 464
157 340
157 298
157 427
157 173
157 303
157 249
157 426
158 197
158 392
158 387
158 422
158 360
158 366
158 381
159 321
159 325
159 391
159 330
159 334
159 210
159 215
159 205
159 285
159 168
159 299
159 300
159 449
159 181
159 468
160 204
160 206
160 213
160 395
160 379
160 454
160 406
160 497
160 362
160 483
160 360
160 434
160 251
160 316
161 262
161 284
161 231
161 477
161 407
162 460
162 256
162 208
162 210
162 456
162 409
162 350
162 369
162 302
162 467
162 439
163 258
163 203
163 418
163 377
163 388
163 290
163 484
163 425
163 171
163 430
163 434
163 374
163 249
163 317
164 453
164 331
164 460
164 470
164 473
164 286
164 464
164 170
164 236
164 320
164 443
165 450
165 330
165 468
165 474
165 290
165 293
165 358
165 363
165 364
165 179
165 311
165 371
166 260
166 204
166 323
166 398
166 388
166 346
166 221
166 246
166 443
166 360
166 173
166 309
166 310
166 249
166 442
166 447
167 259
167 263
167 333
167 212
167 301
167 407
167 474
167 416
167 457
167 485
167 364
167 178
167 303
167 242
167 439
167 468
168 322
168 203
168 396
168 354
168 273
168 339
168 213
168 342
168 298
168 494
168 178
168 380
169 289
169 386
169 322
169 275
169 462
169 228
169 361
169 235
169 434
169 245
169 310
169 312
169 442
169 188
169 253
169 309
170 198
170 265
170 313
170 412
170 291
170 306
170 179
170 342
170 374
170 444
170 445
170 437
171 389
171 200
171 204
171 227
171 285
171 352
171 367
171 308
171 297
171 313
171 251
171 446
171 383
172 320
172 388
172 259
172 266
172 464
172 477
172 289
172 358
172 297
172 298
172 177
173 268
173 400
173 343
173 410
173 291
173 294
173 295
173 364
173 495
173 176
173 245
174 197
174 392
174 457
174 466
174 195
174 212
174 206
174 219
174 416
174 354
174 451
174 432
174 434
174 436
174 181
174 185
174 379
174 318
174 245
175 417
175 322
175 337
175 463
175 283
175 229
175 422
175 492
175 237
175 298
176 321
176 194
176 282
176 197
176 206
176 337
176 340
176 213
176 470
176 196
176 262
176 358
176 487
176 324
176 494
176 240
176 371
176 310
176 186
176 443
176 188
177 456
177 392
177 457
177 322
177 209
177 185
177 222
177 224
177 365
177 434
177 372
177 286
177 190
178 324
178 211
178 404
178 260
178 478
178 342
178 358
178 380
178 365
178 304
178 182
178 308
178 281
178 296
179 365
179 283
179 217
179 348
179 229
179 246
179 475
179 188
179 189
179 190
180 258
180 267
180 332
180 269
180 257
180 263
180 485
180 368
180 437
180 393
180 318
180 319
181 264
181 265
181 452
181 412
181 289
181 290
181 420
181 406
181 425
181 186
181 322
181 201
181 205
181 335
181 208
181 218
181 475
181 485
181 233
181 239
181 488
181 242
181 375
182 206
182 463
182 317
182 222
182 352
182 225
182 337
182 476
182 362
182 492
182 321
182 432
182 212
182 249
182 313
182 373
183 320
183 325
183 212
183 342
183 471
183 420
183 414
183 479
183 352
183 228
183 359
183 304
183 432
184 396
184 212
184 203
184 260
184 325
184 295
184 488
184 446
185 464
185 400
185 229
185 424
185 220
185 217
185 253
186 194
186 268
186 333
186 463
186 352
186 229
186 422
186 235
186 349
186 351
187 192
187 326
187 407
187 288
187 219
187 477
187 227
187 442
188 394
188 267
188 463
188 480
188 484
188 348
188 477
188 222
188 496
188 356
188 497
188 318
189 457
189 330
189 268
189 402
189 346
189 477
189 325
189 438
189 379
189 412
189 237
189 366
189 261
189 347
189 255
190 332
190 462
190 468
190 494
190 346
190 418
190 360
190 489
190 490
190 238
190 244
191 396
191 205
191 386
191 347
191 279
191 225
191 357
191 401
191 311
192 333
192 256
192 206
192 342
192 267
192 388
192 229
192 226
192 366
192 243
193 406
193 460
193 320
193 214
193 217
193 432
193 345
193 359
193 238
193 240
193 339
193 383
194 324
194 455
194 423
194 233
194 298
194 488
194 466
194 253
194 425
194 340
194 319
195 265
195 386
195 355
195 341
195 215
195 389
195 453
195 434
195 498
195 306
195 268
195 283
195 411
196 215
196 259
196 352
196 476
196 197
196 236
196 244
196 261
197 288
197 421
197 305
197 369
197 498
198 452
198 202
198 267
198 204
198 335
198 401
198 468
198 316
198 216
198 471
198 497
198 417
198 451
198 367
198 369
198 243
198 318
199 387
199 485
199 307
199 290
199 205
199 497
199 431
199 476
200 235
200 243
200 397
200 355
200 206
200 216
200 371
200 223
200 417
200 219
200 239
200 240
200 245
200 276
201 260
201 321
201 396
201 342
201 351
201 225
201 227
201 237
201 302
201 370
201 309
201 380
202 337
202 215
202 409
202 282
202 411
202 220
202 474
202 228
202 259
202 323
202 419
202 449
202 436
202 380
203 459
203 333
203 355
203 480
203 388
203 293
203 428
203 440
203 251
204 372
204 331
204 219
204 412
204 471
204 272
204 418
204 283
204 236
204 238
204 244
204 308
205 449
205 356
205 325
205 267
205 209
205 376
206 391
206 331
206 401
206 480
206 217
206 351
206 326
206 233
206 319
207 460
207 335
207 464
207 274
207 213
207 412
207 323
207 429
207 394
208 266
208 410
208 463
208 289
208 233
208 300
208 366
208 375
208 446
209 311
209 424
209 338
209 387
209 225
209 484
209 360
209 233
209 498
209 242
209 247
210 320
210 386
210 450
210 466
210 482
210 473
210 345
210 348
210 459
210 491
210 304
210 436
211 327
211 274
211 408
211 282
211 234
211 379
211 381
212 438
212 462
212 367
212 279
212 292
212 350
212 453
212 224
212 347
212 294
212 299
212 359
212 495
212 477
213 473
213 347
213 350
213 236
213 499
213 378
213 252
214 276
214 471
214 301
214 385
214 372
214 250
215 226
215 273
215 331
215 398
215 319
215 216
216 473
216 476
216 447
216 268
216 440
216 324
216 442
217 321
217 266
217 334
217 438
218 288
218 385
218 331
218 302
218 271
218 273
218 470
218 329
218 340
219 466
219 222
219 223
219 443
219 293
219 299
219 237
219 415
219 329
219 446
220 308
220 372
220 278
220 346
220 383
221 267
221 290
221 496
221 356
221 404
221 310
221 252
222 333
222 401
222 405
222 284
222 285
222 355
222 487
222 423
222 367
222 375
222 249
223 453
223 263
223 463
223 400
223 274
223 342
223 409
223 349
223 304
223 316
223 254
224 270
224 344
224 395
224 241
224 434
224 436
224 247
224 447
225 455
225 392
225 459
225 334
225 275
225 277
225 337
225 233
225 373
225 330
225 318
226 256
226 257
226 457
226 267
226 427
226 300
226 429
226 303
226 435
226 309
227 311
227 273
227 278
227 348
227 412
227 468
228 359
228 267
228 364
228 237
228 368
229 256
229 402
229 431
229 411
229 494
229 364
229 238
229 369
229 376
230 449
230 388
230 403
230 238
230 347
230 419
230 231
230 304
230 398
230 253
230 382
231 268
231 272
231 274
231 355
231 352
231 419
231 487
231 429
231 433
232 265
232 271
232 375
232 333
232 280
232 241
232 309
232 444
233 325
233 334
233 342
233 280
233 382
233 437
233 431
234 263
234 330
234 258
234 398
234 404
234 453
234 292
234 296
234 311
234 462
234 252
235 387
235 266
235 273
235 356
235 422
235 275
236 263
236 329
236 330
236 331
236 275
236 468
236 441
236 389
236 291
236 293
236 365
236 370
236 332
236 319
237 256
237 466
237 299
237 378
237 358
237 497
237 426
237 307
238 392
238 273
238 274
238 420
238 454
238 375
239 454
239 270
239 339
239 448
239 398
239 342
239 471
239 357
239 290
239 356
239 295
239 428
239 255
240 335
240 387
240 433
240 344
240 412
241 326
241 427
241 484
241 327
241 447
242 257
242 349
242 492
242 377
243 450
243 397
243 482
243 428
243 434
243 249
243 442
243 444
244 336
244 404
244 480
244 406
244 346
244 358
244 294
244 291
244 296
244 452
245 246
245 323
245 278
245 270
245 392
245 316
245 414
246 322
246 283
246 255
246 338
247 452
247 326
247 421
247 271
247 274
247 399
247 357
247 316
247 327
247 402
247 486
247 382
247 439
247 494
247 318
248 396
248 465
248 387
248 469
248 413
248 496
248 411
248 422
248 368
248 436
248 439
249 327
249 456
249 354
249 491
249 477
249 442
249 251
250 288
250 384
250 355
250 391
250 270
250 399
250 416
250 436
250 284
250 389
251 395
251 392
251 464
251 428
251 495
251 496
251 369
251 440
252 266
252 403
252 470
252 289
252 492
252 303
252 437
252 310
252 444
252 382
253 260
253 455
253 466
253 345
253 348
253 433
253 370
253 435
253 376
253 255
254 417
254 312
254 465
254 431
254 283
255 267
255 484
255 290
255 498
255 368
255 370
255 292
255 316
256 258
256 386
256 356
256 340
256 409
256 414
256 495
256 498
256 268
256 265
257 263
257 271
257 467
257 303
257 496
257 423
257 363
257 428
257 367
257 433
257 492
258 420
258 355
258 339
258 302
258 342
258 421
259 491
259 326
259 327
259 297
259 312
259 447
260 409
260 353
260 279
260 431
260 412
260 288
260 420
260 294
260 367
260 457
260 443
260 383
261 458
261 336
261 408
261 346
261 359
261 492
261 366
261 328
261 437
261 377
262 300
262 321
262 301
262 269
262 372
263 279
263 490
263 350
263 272
263 406
263 320
263 432
263 439
263 266
264 322
264 395
264 460
264 397
264 461
264 468
264 474
264 354
264 291
264 296
264 299
264 317
265 450
265 339
265 430
265 475
265 412
265 304
265 498
266 331
266 390
266 330
266 466
266 303
266 476
266 427
266 287
266 486
266 310
266 378
266 381
267 290
267 479
267 419
267 316
267 432
267 499
267 309
267 376
268 326
268 458
268 340
268 342
268 411
268 389
268 464
268 376
268 380
269 327
269 460
269 450
269 398
269 406
269 441
269 423
269 426
269 367
269 383
270 325
270 468
270 284
270 415
270 485
270 296
270 375
271 339
271 284
271 413
271 354
271 304
271 332
271 378
271 443
271 460
271 445
272 284
272 466
272 285
272 273
272 377
273 353
273 369
273 328
274 395
274 326
274 278
274 347
274 348
274 463
274 303
274 306
274 366
274 313
275 464
275 408
275 283
275 391
275 451
275 360
275 490
275 369
276 455
276 484
276 280
276 387
276 323
276 361
276 364
276 444
277 315
277 361
277 457
278 365
278 477
278 381
278 472
278 409
279 427
279 327
279 418
279 354
279 300
279 365
279 498
279 312
280 494
280 401
280 372
280 315
280 373
281 322
281 398
281 480
281 432
281 487
281 369
281 308
281 458
282 327
282 292
282 295
282 328
282 353
282 398
282 354
283 284
283 438
283 323
283 363
283 441
284 292
284 470
284 412
284 433
284 353
284 285
284 305
284 372
284 444
285 384
285 483
285 400
285 499
285 318
286 472
286 349
286 357
286 298
286 427
286 308
286 478
286 485
287 358
287 443
287 300
287 336
287 349
287 419
287 373
287 397
288 330
288 472
288 352
288 485
289 397
289 340
289 294
289 488
289 323
289 491
289 494
289 370
289 310
289 316
290 437
290 335
290 360
290 457
290 319
291 352
291 486
291 298
292 324
292 452
292 336
292 483
292 301
292 305
292 372
292 447
292 375
293 458
293 344
293 325
293 442
293 415
294 482
294 430
294 303
294 319
295 490
295 347
295 411
295 478
296 323
296 348
296 482
296 307
297 354
297 401
297 426
297 398
297 360
297 430
297 387
298 406
298 299
298 372
298 310
298 444
298 317
299 482
299 368
299 431
299 302
299 310
299 408
300 329
300 337
301 452
301 401
301 443
301 309
301 444
301 382
302 322
302 449
302 480
302 342
302 361
302 433
302 370
302 379
303 452
303 486
303 451
303 412
303 352
303 424
303 307
304 486
304 489
304 490
304 435
304 437
305 388
305 449
305 340
305 342
305 472
305 348
305 307
305 425
305 441
305 314
306 332
306 456
306 407
306 343
307 322
307 335
307 346
307 477
307 496
307 359
307 428
308 396
308 382
309 331
309 356
310 339
310 350
310 420
310 364
310 381
311 418
311 329
311 434
311 355
311 374
312 352
312 449
312 370
312 481
312 478
312 428
312 477
312 373
313 354
313 487
313 422
313 468
313 423
313 442
314 357
314 458
314 335
314 438
314 411
315 370
315 495
315 351
316 329
316 485
316 363
316 377
317 323
317 485
317 443
317 469
318 380
318 434
319 397
319 461
319 359
319 429
319 445
319 438
320 454
320 329
320 325
320 353
320 422
320 430
321 323
321 371
322 390
322 455
322 407
322 417
322 359
322 489
322 479
323 420
324 329
324 361
324 479
325 466
325 473
325 349
325 350
325 440
325 443
325 380
326 466
326 347
327 461
327 466
327 470
327 350
327 337
327 387
327 367
327 330
327 447
328 448
328 401
328 338
328 441
328 381
329 380
329 348
329 393
329 361
329 368
330 452
330 422
330 385
331 435
331 334
331 344
332 448
332 458
332 410
333 384
333 395
333 334
333 400
333 339
333 359
333 495
333 411
334 395
334 453
334 398
335 449
335 361
335 470
335 408
335 491
335 367
335 369
335 379
335 446
336 451
336 404
336 480
336 357
336 429
336 499
336 340
336 447
337 352
337 375
337 380
338 396
338 430
339 423
340 362
340 499
340 343
340 385
341 387
341 467
341 494
341 345
341 344
342 461
342 354
342 373
342 376
343 392
343 499
343 348
343 403
343 436
344 461
344 378
344 346
344 469
345 482
345 428
345 375
346 449
346 454
346 354
347 394
347 462
347 406
347 473
347 485
347 357
347 360
347 362
347 367
347 446
348 417
348 423
349 417
349 358
350 376
350 423
351 426
352 480
352 439
352 402
352 475
353 449
353 465
353 426
353 386
353 434
353 467
353 495
354 375
354 401
354 381
354 475
354 459
354 427
354 364
354 413
355 356
355 425
355 416
356 443
356 394
357 439
358 388
359 456
359 384
359 387
359 412
359 455
359 380
360 398
360 413
361 408
361 433
361 439
362 385
362 390
362 428
362 424
362 383
363 392
364 397
364 479
365 458
365 396
365 468
365 410
365 367
366 457
366 412
366 448
366 468
367 461
367 412
368 398
368 497
368 469
368 441
368 477
368 487
368 428
368 432
369 452
369 473
369 415
370 480
370 485
370 493
370 413
371 492
371 450
371 403
371 479
373 384
373 395
373 389
373 459
373 479
373 464
373 422
374 435
374 427
374 410
374 426
375 459
375 461
375 408
375 410
375 436
375 380
376 387
376 412
376 390
377 471
377 479
377 434
378 486
378 447
379 450
379 494
379 429
379 409
380 461
380 480
380 415
381 449
381 454
381 421
381 480
382 474
382 492
383 394
384 441
385 451
385 472
386 404
386 427
387 467
387 437
387 468
388 415
388 406
389 419
389 411
389 469
390 404
391 452
391 445
393 434
394 474
395 473
396 497
396 488
396 412
397 455
397 466
397 407
397 453
398 450
399 465
399 430
400 458
403 417
403 427
403 475
405 432
405 483
407 491
407 423
407 481
408 465
408 420
412 427
412 433
412 426
413 488
413 436
413 477
414 428
414 443
414 426
415 488
416 461
416 432
417 481
418 456
418 480
418 492
419 434
420 464
421 463
421 493
421 499
421 443
422 492
423 426
425 497
425 461
426 453
427 440
429 467
429 484
430 454
431 476
433 446
435 456
435 479
438 480
438 450
438 484
439 497
439 467
441 453
441 490
442 499
443 470
445 471
445 461
447 463
449 470
449 493
451 459
452 476
453 479
454 458
454 471
456 468
457 487
458 465
458 482
460 465
462 492
464 469
465 469
467 473
468 485
469 474
471 487
475 488
476 497
476 495
478 498
479 489
485 497
488 497
492 497
493 496
