0 1
0 2
0 3
0 4
0 5
0 6
0 7
0 8
0 9
0 10
0 11
0 12
0 13
0 14
0 15
0 16
0 17
0 18
0 19
0 20
0 21
0 22
0 23
0 24
0 25
0 26
0 27
0 28
0 29
0 30
0 31
0 32
0 33
0 34
0 35
0 36
0 37
0 38
0 39
0 40
0 41
0 42
0 43
0 44
0 45
0 46
0 47
0 48
0 49
0 50
0 51
0 52
0 53
0 54
0 55
0 56
0 57
0 58
0 59
0 60
0 61
0 62
0 63
0 64
0 65
0 66
0 67
0 68
0 69
0 70
0 71
0 72
0 73
0 74
0 75
0 76
0 77
0 79
0 80
0 81
0 82
0 83
0 84
0 85
0 86
0 87
0 88
0 89
0 90
0 92
0 93
0 95
0 98
0 100
0 102
0 103
0 106
0 107
0 108
0 109
0 112
0 113
0 114
0 115
0 116
0 117
0 118
0 120
0 122
0 123
0 125
0 127
0 128
0 130
0 132
0 133
0 134
0 135
0 136
0 138
0 139
0 140
0 141
0 142
0 144
0 145
0 146
0 147
0 149
0 150
0 151
0 152
0 153
0 159
0 160
0 161
0 164
0 169
0 171
0 174
0 175
0 176
0 177
0 179
0 184
0 185
0 186
0 190
0 193
0 194
0 195
0 197
0 198
0 201
0 205
0 206
0 207
0 211
0 215
0 216
0 217
0 218
0 221
0 224
0 234
0 237
0 239
0 240
0 242
0 243
0 248
0 252
0 253
0 256
0 262
0 263
0 271
0 274
0 276
0 283
0 286
0 287
0 292
0 294
0 296
0 301
0 302
0 305
0 309
0 323
0 324
0 327
0 330
0 332
0 337
0 344
0 347
0 352
0 356
0 357
0 358
0 361
0 369
0 371
0 376
0 377
0 378
0 379
0 381
0 382
0 384
0 385
0 387
0 392
0 400
0 401
0 402
0 403
0 406
0 413
0 414
0 417
0 418
0 419
0 421
0 427
0 432
0 437
0 442
0 443
0 444
0 446
0 449
0 450
0 464
0 465
0 491
0 495
0 498
0 499
1 2
1 3
1 4
1 5
1 6
1 7
1 8
1 9
1 10
1 11
1 12
1 13
1 14
1 15
1 16
1 17
1 18
1 19
1 20
1 21
1 22
1 23
1 24
1 25
1 26
1 27
1 28
1 29
1 30
1 31
1 32
1 33
1 34
1 35
1 36
1 37
1 38
1 39
1 40
1 41
1 42
1 43
1 44
1 45
1 46
1 48
1 49
1 51
1 54
1 55
1 56
1 57
1 58
1 315
1 60
1 62
1 64
1 66
1 327
1 268
1 75
1 76
1 77
1 78
1 79
1 82
1 83
1 85
1 87
1 88
1 90
1 92
1 349
1 94
1 99
1 358
1 103
1 105
1 107
1 387
1 112
1 403
1 275
1 116
1 117
1 118
1 119
1 120
1 270
1 125
1 127
1 490
1 363
1 132
1 137
1 138
1 143
1 144
1 145
1 146
1 147
1 149
1 414
1 407
1 153
1 346
1 157
1 158
1 159
1 497
1 368
1 418
1 419
1 167
1 424
1 301
1 172
1 173
1 174
1 431
1 359
1 433
1 178
1 181
1 182
1 440
1 185
1 186
1 187
1 190
1 191
1 192
1 194
1 199
1 339
1 203
1 290
1 463
1 376
1 466
1 214
1 216
1 218
1 263
1 227
1 294
1 486
1 232
1 277
1 235
1 238
1 239
1 496
1 296
1 243
1 262
1 494
1 383
1 252
2 3
2 4
2 5
2 6
2 7
2 8
2 9
2 10
2 11
2 12
2 13
2 14
2 15
2 16
2 17
2 18
2 19
2 20
2 21
2 22
2 23
2 24
2 26
2 27
2 29
2 30
2 32
2 33
2 35
2 37
2 38
2 39
2 40
2 41
2 42
2 43
2 44
2 301
2 46
2 47
2 49
2 51
2 52
2 265
2 64
2 66
2 267
2 71
2 72
2 73
2 74
2 435
2 78
2 269
2 80
2 83
2 89
2 91
2 95
2 354
2 100
2 102
2 104
2 105
2 107
2 109
2 370
2 116
2 117
2 125
2 363
2 390
2 135
2 140
2 142
2 146
2 406
2 151
2 157
2 161
2 165
2 169
2 431
2 179
2 180
2 437
2 186
2 198
2 199
2 356
2 202
2 461
2 463
2 464
2 210
2 215
2 216
2 225
2 482
2 227
2 231
2 488
2 235
2 243
2 297
2 249
2 298
3 4
3 5
3 6
3 7
3 8
3 9
3 10
3 11
3 12
3 13
3 14
3 15
3 16
3 216
3 18
3 19
3 20
3 21
3 22
3 23
3 24
3 25
3 154
3 27
3 28
3 31
3 32
3 34
3 35
3 36
3 39
3 40
3 41
3 43
3 46
3 48
3 49
3 50
3 435
3 53
3 310
3 311
3 283
3 364
3 60
3 62
3 64
3 230
3 139
3 68
3 455
3 140
3 375
3 444
3 79
3 450
3 312
3 338
3 85
3 87
3 88
3 169
3 220
3 142
3 225
3 482
3 100
3 101
3 102
3 103
3 316
3 106
3 236
3 402
3 113
3 119
3 381
3 277
4 132
4 5
4 6
4 7
4 8
4 9
4 10
4 11
4 12
4 13
4 14
4 15
4 16
4 17
4 18
4 387
4 20
4 21
4 150
4 23
4 388
4 26
4 184
4 28
4 29
4 236
4 32
4 176
4 162
4 36
4 37
4 38
4 39
4 389
4 169
4 42
4 172
4 45
4 431
4 48
4 50
4 51
4 52
4 53
4 310
4 300
4 56
4 58
4 189
4 62
4 393
4 66
4 331
4 71
4 75
4 239
4 77
4 206
4 141
4 81
4 237
4 87
4 312
4 271
4 94
4 96
4 97
4 231
4 105
4 106
4 108
4 109
4 173
4 322
4 233
4 262
4 121
4 251
4 234
4 382
5 179
5 6
5 7
5 8
5 9
5 10
5 11
5 12
5 13
5 14
5 16
5 17
5 18
5 21
5 25
5 28
5 29
5 31
5 32
5 417
5 34
5 35
5 36
5 497
5 39
5 40
5 41
5 42
5 43
5 300
5 385
5 50
5 51
5 53
5 56
5 441
5 60
5 138
5 475
5 63
5 128
5 68
5 71
5 74
5 346
5 332
5 162
5 206
5 81
5 82
5 227
5 84
5 469
5 89
5 218
5 219
5 250
5 97
5 354
5 99
5 210
5 238
5 113
5 242
5 169
5 248
5 122
5 253
6 7
6 8
6 9
6 10
6 11
6 12
6 15
6 16
6 17
6 18
6 19
6 148
6 22
6 25
6 27
6 157
6 33
6 347
6 295
6 40
6 176
6 128
6 53
6 55
6 61
6 437
6 66
6 139
6 68
6 455
6 73
6 330
6 143
6 79
6 80
6 81
6 82
6 218
6 271
6 395
6 99
6 362
6 109
7 385
7 264
7 9
7 10
7 267
7 12
7 13
7 14
7 15
7 144
7 17
7 18
7 131
7 20
7 21
7 22
7 153
7 24
7 25
7 28
7 29
7 30
7 32
7 134
7 38
7 391
7 49
7 54
7 443
7 60
7 61
7 406
7 416
7 68
7 198
7 201
7 207
7 87
7 221
7 350
7 97
7 106
7 363
7 373
7 249
7 447
7 362
7 126
7 127
8 129
8 9
8 266
8 11
8 12
8 386
8 401
8 131
8 21
8 22
8 27
8 28
8 29
8 158
8 133
8 33
8 34
8 36
8 166
8 40
8 41
8 257
8 45
8 302
8 47
8 180
8 53
8 185
8 58
8 60
8 317
8 193
8 267
8 68
8 76
8 162
8 78
8 147
8 86
8 98
8 227
8 107
8 496
8 19
8 244
8 120
8 253
9 10
9 12
9 13
9 16
9 19
9 46
9 278
9 24
9 28
9 389
9 497
9 40
9 41
9 135
9 302
9 48
9 49
9 50
9 179
9 52
9 60
9 323
9 69
9 71
9 201
9 77
9 78
9 141
9 210
9 212
9 216
9 350
9 226
9 104
9 108
9 338
9 113
9 268
9 169
10 11
10 12
10 14
10 15
10 16
10 17
10 19
10 21
10 22
10 23
10 24
10 25
10 154
10 290
10 35
10 422
10 39
10 40
10 438
10 58
10 319
10 321
10 67
10 200
10 461
10 209
10 210
10 86
10 87
10 399
10 92
10 94
10 223
10 272
10 123
10 113
10 379
10 281
11 137
11 13
11 14
11 15
11 16
11 17
11 19
11 21
11 25
11 27
11 28
11 29
11 30
11 133
11 33
11 35
11 36
11 165
11 167
11 40
11 169
11 259
11 136
11 128
11 53
11 184
11 186
11 69
11 199
11 76
11 80
11 83
11 89
11 104
11 233
11 296
11 147
11 149
12 371
12 205
12 14
12 397
12 16
12 376
12 466
12 19
12 20
12 174
12 342
12 28
12 30
12 453
12 35
12 37
12 231
12 42
12 114
12 46
12 189
12 50
12 253
12 244
12 181
12 118
12 120
12 59
12 124
12 61
12 190
12 255
13 198
13 200
13 143
13 115
13 75
13 19
13 20
13 86
13 87
13 485
13 25
13 271
13 29
13 329
13 197
13 144
13 98
13 100
13 229
13 40
13 43
13 402
13 306
13 83
13 261
13 265
13 57
13 442
14 76
14 141
14 15
14 16
14 19
14 21
14 22
14 280
14 153
14 143
14 97
14 227
14 36
14 230
14 38
14 39
14 168
14 444
14 71
14 301
14 189
14 179
14 422
14 202
14 249
14 250
14 188
14 74
14 63
15 133
15 204
15 66
15 79
15 17
15 339
15 20
15 409
15 27
15 220
15 29
15 360
15 32
15 33
15 283
15 101
15 296
15 105
15 429
15 157
15 496
15 241
15 285
15 54
15 247
15 276
15 316
16 321
16 17
16 387
16 21
16 342
16 88
16 132
16 285
16 69
16 288
16 35
16 105
16 490
16 108
16 365
16 250
16 31
17 245
17 72
17 290
17 401
17 19
17 20
17 450
17 87
17 132
17 179
17 155
17 28
17 69
17 31
17 400
17 34
17 294
17 65
17 40
17 95
17 381
17 362
17 51
17 53
17 212
17 59
17 170
17 117
18 266
18 19
18 20
18 23
18 216
18 282
18 303
18 33
18 370
18 315
18 178
18 170
18 44
18 45
18 175
18 50
18 383
18 244
18 119
18 123
18 127
19 194
19 207
19 355
19 89
19 93
19 30
19 32
19 35
19 243
19 103
19 40
19 105
19 96
19 285
19 48
19 51
19 117
19 186
20 261
20 70
20 486
20 97
20 22
20 24
20 228
20 47
21 134
21 65
21 192
21 399
21 465
21 84
21 216
21 25
21 135
21 29
21 32
21 162
21 35
21 37
21 64
21 193
21 46
21 178
21 375
22 337
22 343
22 221
22 97
22 226
22 38
22 105
22 43
22 46
22 93
22 176
22 114
22 371
22 440
22 383
22 127
23 33
23 210
23 257
23 311
23 192
23 34
23 239
23 466
23 337
23 51
23 170
23 24
23 27
23 42
24 453
24 226
24 333
24 80
24 216
24 93
24 33
24 34
24 486
24 43
24 494
24 258
24 212
24 442
25 44
25 461
25 212
25 26
25 30
25 33
25 34
25 35
25 108
25 46
25 175
25 176
25 49
25 61
26 299
26 38
26 40
26 201
26 388
26 132
26 79
26 273
26 275
26 151
26 153
26 90
26 47
26 250
27 114
27 209
27 77
27 206
27 49
27 75
27 51
27 328
27 121
27 87
27 252
27 107
28 197
28 70
28 202
28 384
28 32
28 460
28 166
28 359
28 389
28 71
28 44
28 330
28 321
28 236
28 479
28 201
28 312
28 55
28 123
28 325
28 183
28 309
29 329
29 152
29 143
29 30
29 224
29 161
29 35
29 33
29 391
29 493
29 46
29 72
29 57
30 324
30 336
30 273
30 95
30 32
30 37
30 41
30 106
30 238
30 51
30 160
30 57
30 58
31 34
31 32
31 41
31 39
31 76
31 175
31 169
31 88
31 57
31 303
31 188
32 72
32 44
32 88
32 223
32 420
32 229
32 108
32 328
32 243
32 137
33 307
33 194
33 256
33 84
33 213
33 51
33 104
33 270
33 179
33 246
33 56
34 326
34 389
34 140
34 115
34 387
34 446
34 454
34 40
34 42
34 45
34 243
34 52
34 373
34 441
34 443
34 126
35 262
35 136
35 73
35 142
35 346
35 422
35 52
35 439
35 382
35 85
36 262
36 40
36 41
36 269
36 429
36 120
36 388
36 485
36 37
37 69
37 403
37 89
37 408
37 132
37 218
37 290
37 486
37 44
37 240
37 306
37 435
37 245
37 383
38 69
38 41
38 135
38 347
38 188
38 349
38 191
39 68
39 267
39 215
39 89
39 101
40 135
40 272
40 343
40 153
40 193
40 370
40 73
40 126
41 203
41 418
41 221
41 131
41 340
41 55
41 196
41 102
42 128
42 209
42 49
43 145
43 73
43 140
43 78
43 49
43 372
43 265
44 260
44 426
44 143
44 401
44 340
44 149
44 47
44 485
45 358
45 231
45 173
45 51
45 373
45 54
45 151
45 120
46 454
46 138
46 49
46 404
46 105
46 59
46 185
47 96
47 342
47 230
47 74
47 173
48 78
48 99
48 384
48 468
48 55
48 388
49 164
49 417
49 110
49 438
50 96
50 70
50 333
50 144
50 134
50 56
50 94
50 159
51 195
51 337
51 242
51 381
52 449
52 354
52 66
52 110
52 399
52 91
53 265
53 303
53 116
53 57
53 168
53 166
53 94
53 101
54 251
54 129
54 332
54 271
54 200
54 87
54 347
54 123
55 170
55 140
55 233
55 122
55 62
55 191
56 227
56 329
56 109
56 110
56 151
56 57
57 357
57 73
57 160
57 80
57 127
57 124
57 62
58 450
58 472
58 168
59 98
59 112
59 317
60 70
60 257
60 306
60 78
60 146
60 341
60 88
60 61
61 193
61 67
61 104
61 492
61 209
61 430
61 125
61 80
61 177
61 122
61 93
62 217
62 208
63 368
63 393
63 363
63 285
63 141
64 337
64 105
64 323
64 67
64 220
64 269
65 385
65 72
65 458
65 107
66 227
66 217
66 440
66 284
67 83
67 117
67 209
67 94
67 143
68 114
68 356
69 96
69 168
69 435
69 250
69 351
70 98
70 173
71 123
72 360
72 161
72 266
72 207
72 246
72 445
73 74
73 194
73 310
73 121
73 91
73 413
73 377
74 163
74 121
74 75
74 92
74 178
75 223
76 229
76 256
76 191
77 101
77 87
77 423
78 488
78 385
78 450
78 273
78 180
79 172
80 171
80 275
81 91
82 194
82 201
82 358
83 212
83 136
83 316
84 178
84 104
84 223
84 124
85 384
85 313
85 96
85 399
86 196
86 123
86 92
87 103
87 303
87 292
87 164
87 461
88 144
88 107
88 210
88 337
88 113
88 178
88 481
88 255
89 418
89 310
89 473
89 91
89 421
90 187
90 134
91 450
91 102
91 136
91 285
91 353
92 470
92 191
93 208
95 307
95 297
95 251
95 130
95 447
96 294
96 205
96 334
96 429
96 123
96 157
97 241
97 267
97 269
97 101
98 128
98 395
98 348
99 193
99 203
99 447
100 379
100 271
100 157
101 164
101 349
101 244
101 174
102 123
102 201
103 298
104 153
105 292
105 360
106 192
106 302
106 313
107 227
107 117
107 284
107 414
108 145
108 375
110 188
110 256
111 240
111 385
111 165
111 278
111 121
111 125
112 344
112 121
113 321
114 240
114 146
114 415
115 384
115 215
115 237
116 451
116 154
116 205
116 238
116 229
117 391
117 142
117 287
118 373
118 135
119 185
119 332
119 210
120 230
120 188
120 333
121 317
122 372
122 397
122 125
123 497
123 137
124 218
124 316
126 455
126 388
127 225
127 412
127 139
127 188
129 169
131 481
132 496
134 289
135 340
135 138
135 181
136 304
136 291
136 237
137 354
137 436
137 238
137 447
138 436
138 232
140 164
141 454
141 358
141 215
141 235
142 354
143 418
143 297
143 236
144 148
146 150
148 343
150 307
150 476
150 173
151 286
152 170
152 332
153 284
153 237
154 304
154 271
156 394
157 260
159 266
160 163
164 492
169 200
169 460
170 288
170 339
171 479
173 401
173 377
173 324
174 332
175 228
175 309
175 187
176 424
177 481
177 274
178 328
178 488
178 230
179 391
180 258
183 195
185 448
185 269
186 236
187 336
187 460
189 332
189 223
190 355
191 323
191 294
191 199
192 247
192 325
193 297
195 416
197 420
198 316
199 253
200 430
201 274
201 455
201 265
202 482
203 220
203 398
203 271
204 396
205 314
209 384
209 370
209 408
213 354
213 374
217 435
218 295
221 482
222 250
224 440
224 437
228 386
230 374
234 245
239 376
239 276
239 250
244 478
248 342
249 265
250 335
253 384
254 356
255 331
257 316
259 432
261 271
264 425
267 408
268 338
270 363
272 331
273 348
274 423
275 478
283 411
283 406
287 352
288 422
289 441
289 436
290 478
300 398
304 427
304 338
305 347
306 357
310 357
312 348
312 383
319 391
327 423
329 380
330 434
335 382
342 403
346 466
347 360
351 476
353 389
362 498
362 422
365 419
366 449
370 461
371 416
377 477
381 482
383 405
384 466
384 473
397 487
412 420
432 449
438 499
