0 1
0 2
0 3
0 4
0 5
0 6
0 7
0 8
0 9
0 10
0 11
0 12
0 13
0 14
0 15
0 16
0 17
0 18
0 19
0 20
0 21
0 22
0 23
0 24
0 25
0 26
0 27
0 28
0 29
0 30
0 31
0 32
0 33
0 34
0 35
0 36
0 37
0 38
0 39
0 40
0 41
0 42
0 43
0 44
0 45
0 46
0 47
0 48
0 49
0 50
0 51
0 52
0 53
0 54
0 55
0 56
0 57
0 58
0 59
0 60
0 61
0 62
0 63
0 64
0 65
0 66
0 67
0 68
0 69
0 70
0 71
0 72
0 73
0 74
0 75
0 76
0 77
0 78
0 79
0 80
0 81
0 82
0 83
0 84
0 85
0 86
0 87
0 88
0 89
0 90
0 91
0 92
0 93
0 94
0 95
0 96
0 97
0 98
0 99
0 100
0 101
0 102
0 103
0 104
0 105
0 106
0 107
0 108
0 109
0 110
0 112
0 114
0 115
0 116
0 117
0 118
0 119
0 123
0 124
0 125
0 126
0 127
0 128
0 129
0 130
0 131
0 132
0 133
0 135
0 136
0 138
0 139
0 140
0 141
0 142
0 144
0 146
0 148
0 149
0 150
0 151
0 153
0 155
0 157
0 158
0 159
0 162
0 165
0 166
0 167
0 168
0 169
0 170
0 175
0 176
0 178
0 179
0 180
0 182
0 183
0 187
0 191
0 198
0 201
0 203
0 204
0 205
0 212
0 213
0 215
0 219
0 220
0 223
0 224
0 227
0 230
0 232
0 233
0 235
0 238
0 241
0 242
0 244
0 246
0 249
0 252
0 253
0 258
0 259
0 264
0 265
0 266
0 268
0 270
0 271
0 272
0 273
0 274
0 279
0 280
0 281
0 282
0 285
0 287
0 289
0 291
0 294
0 298
0 299
0 303
0 305
0 306
0 308
0 309
0 311
0 314
0 315
0 317
0 318
0 323
0 324
0 326
0 327
0 328
0 329
0 332
0 333
0 334
0 336
0 340
0 343
0 344
0 345
0 347
0 351
0 358
0 359
0 360
0 361
0 362
0 364
0 370
0 374
0 375
0 381
0 382
0 386
0 391
0 403
0 405
0 407
0 409
0 410
0 411
0 415
0 420
0 424
0 425
0 427
0 428
0 437
0 441
0 447
0 450
0 451
0 455
0 457
0 459
0 462
0 463
0 475
0 478
0 480
0 489
0 493
0 497
1 2
1 3
1 4
1 5
1 6
1 7
1 8
1 9
1 10
1 11
1 12
1 13
1 14
1 15
1 16
1 17
1 18
1 19
1 20
1 21
1 22
1 23
1 24
1 25
1 26
1 27
1 28
1 29
1 30
1 31
1 32
1 33
1 34
1 35
1 36
1 37
1 38
1 39
1 40
1 41
1 42
1 43
1 44
1 45
1 46
1 47
1 48
1 49
1 50
1 52
1 53
1 54
1 56
1 57
1 58
1 59
1 60
1 62
1 63
1 64
1 65
1 66
1 67
1 68
1 70
1 71
1 72
1 73
1 74
1 77
1 79
1 81
1 82
1 84
1 85
1 86
1 88
1 89
1 90
1 92
1 94
1 96
1 97
1 98
1 99
1 102
1 103
1 106
1 108
1 109
1 112
1 113
1 115
1 119
1 120
1 121
1 124
1 127
1 129
1 130
1 132
1 133
1 134
1 136
1 137
1 146
1 155
1 156
1 163
1 164
1 168
1 170
1 171
1 175
1 177
1 178
1 180
1 184
1 186
1 187
1 190
1 192
1 193
1 195
1 197
1 199
1 200
1 206
1 210
1 213
1 215
1 221
1 223
1 226
1 227
1 229
1 232
1 234
1 241
1 245
1 250
1 263
1 264
1 267
1 276
1 277
1 280
1 286
1 288
1 290
1 296
1 297
1 298
1 301
1 302
1 319
1 325
1 326
1 338
1 340
1 346
1 354
1 363
1 367
1 374
1 377
1 380
1 384
1 405
1 407
1 409
1 410
1 412
1 415
1 421
1 424
1 445
1 447
1 448
1 454
1 458
1 462
1 466
1 471
1 475
1 486
1 491
1 495
1 496
2 392
2 3
2 4
2 5
2 6
2 7
2 8
2 9
2 10
2 11
2 12
2 13
2 14
2 15
2 16
2 17
2 18
2 19
2 20
2 21
2 22
2 23
2 24
2 25
2 26
2 27
2 28
2 29
2 30
2 31
2 32
2 33
2 34
2 262
2 39
2 40
2 41
2 42
2 43
2 44
2 45
2 46
2 48
2 264
2 351
2 51
2 52
2 56
2 57
2 59
2 60
2 62
2 64
2 65
2 66
2 324
2 325
2 70
2 327
2 72
2 74
2 75
2 76
2 77
2 78
2 335
2 81
2 82
2 83
2 341
2 89
2 94
2 95
2 98
2 100
2 101
2 104
2 105
2 106
2 107
2 110
2 112
2 113
2 115
2 373
2 118
2 120
2 123
2 124
2 125
2 128
2 320
2 282
2 259
2 134
2 136
2 137
2 369
2 141
2 398
2 145
2 147
2 149
2 281
2 153
2 155
2 409
2 157
2 161
2 162
2 423
2 167
2 168
2 426
2 172
2 174
2 431
2 177
2 434
2 469
2 440
2 442
2 187
2 445
2 190
2 296
2 289
2 200
2 202
2 418
2 208
2 465
2 211
2 468
2 213
2 217
2 218
2 360
2 478
2 464
2 229
2 230
2 231
2 357
2 295
2 236
2 241
2 498
2 245
2 255
3 4
3 5
3 6
3 7
3 8
3 9
3 10
3 11
3 12
3 13
3 14
3 15
3 16
3 17
3 18
3 20
3 21
3 22
3 23
3 24
3 25
3 26
3 27
3 28
3 29
3 30
3 31
3 32
3 33
3 290
3 35
3 37
3 38
3 39
3 41
3 42
3 263
3 44
3 45
3 303
3 49
3 50
3 51
3 52
3 53
3 54
3 300
3 56
3 58
3 316
3 61
3 62
3 63
3 65
3 66
3 67
3 69
3 71
3 72
3 74
3 75
3 77
3 78
3 398
3 86
3 267
3 261
3 92
3 344
3 272
3 98
3 99
3 101
3 104
3 363
3 111
3 116
3 117
3 118
3 430
3 120
3 122
3 124
3 490
3 127
3 128
3 387
3 132
3 135
3 394
3 140
3 142
3 144
3 148
3 151
3 452
3 495
3 156
3 282
3 158
3 325
3 283
3 164
3 166
3 167
3 168
3 169
3 427
3 173
3 174
3 284
3 177
3 435
3 436
3 181
3 184
3 287
3 191
3 448
3 449
3 196
3 197
3 208
3 471
3 475
3 477
3 223
3 294
3 488
3 234
3 295
3 239
3 244
3 245
3 383
3 253
4 5
4 6
4 7
4 8
4 9
4 10
4 11
4 12
4 13
4 14
4 15
4 16
4 17
4 19
4 20
4 21
4 22
4 23
4 26
4 28
4 285
4 30
4 32
4 48
4 34
4 38
4 42
4 43
4 45
4 46
4 304
4 305
4 50
4 54
4 311
4 56
4 351
4 60
4 62
4 64
4 65
4 70
4 71
4 72
4 76
4 77
4 83
4 88
4 357
4 263
4 99
4 101
4 111
4 114
4 115
4 374
4 276
4 125
4 129
4 391
4 392
4 139
4 403
4 148
4 152
4 409
4 282
4 414
4 159
4 160
4 162
4 421
4 457
4 184
4 187
4 188
4 190
4 279
4 288
4 451
4 196
4 453
4 201
4 460
4 466
4 217
4 224
4 487
4 232
4 491
4 272
4 243
4 332
5 6
5 7
5 8
5 9
5 10
5 11
5 12
5 13
5 14
5 15
5 17
5 18
5 19
5 20
5 21
5 23
5 24
5 25
5 27
5 28
5 29
5 287
5 33
5 34
5 36
5 37
5 40
5 41
5 42
5 43
5 44
5 46
5 264
5 51
5 54
5 393
5 57
5 266
5 59
5 60
5 61
5 62
5 302
5 68
5 329
5 75
5 77
5 336
5 85
5 88
5 90
5 271
5 94
5 361
5 315
5 359
5 360
5 105
5 107
5 109
5 369
5 115
5 299
5 120
5 122
5 124
5 126
5 135
5 136
5 137
5 401
5 147
5 148
5 150
5 153
5 163
5 420
5 165
5 166
5 169
5 426
5 427
5 172
5 430
5 178
5 180
5 184
5 186
5 193
5 331
5 452
5 289
5 204
5 206
5 207
5 419
5 462
5 217
5 474
5 224
5 484
5 235
5 238
5 239
5 298
5 253
5 469
6 262
6 7
6 8
6 9
6 10
6 11
6 12
6 13
6 14
6 16
6 17
6 18
6 19
6 20
6 22
6 23
6 484
6 26
6 27
6 29
6 30
6 32
6 35
6 36
6 40
6 301
6 306
6 310
6 56
6 58
6 315
6 266
6 62
6 65
6 67
6 70
6 256
6 72
6 73
6 77
6 339
6 356
6 92
6 93
6 94
6 96
6 99
6 100
6 104
6 361
6 107
6 117
6 120
6 378
6 127
6 133
6 136
6 395
6 141
6 398
6 146
6 407
6 155
6 170
6 172
6 175
6 184
6 185
6 192
6 194
6 197
6 200
6 205
6 208
6 211
6 214
6 475
6 476
6 477
6 478
6 227
6 228
6 235
6 237
6 498
6 83
7 8
7 9
7 10
7 11
7 12
7 13
7 14
7 15
7 16
7 17
7 18
7 276
7 22
7 24
7 25
7 26
7 28
7 29
7 30
7 31
7 32
7 33
7 34
7 37
7 296
7 297
7 42
7 43
7 46
7 47
7 55
7 56
7 266
7 62
7 323
7 256
7 73
7 78
7 81
7 85
7 88
7 89
7 90
7 143
7 348
7 97
7 101
7 107
7 317
7 113
7 121
7 126
7 131
7 393
7 395
7 141
7 399
7 156
7 162
7 163
7 261
7 168
7 178
7 180
7 437
7 183
7 445
7 190
7 196
7 203
7 465
7 419
7 470
7 481
7 489
7 237
7 211
7 250
7 341
8 9
8 10
8 11
8 12
8 13
8 15
8 16
8 17
8 18
8 20
8 171
8 201
8 23
8 24
8 153
8 26
8 284
8 282
8 32
8 289
8 162
8 440
8 36
8 37
8 38
8 39
8 40
8 41
8 135
8 44
8 45
8 47
8 305
8 51
8 52
8 182
8 55
8 312
8 57
8 59
8 232
8 134
8 321
8 438
8 70
8 73
8 79
8 80
8 81
8 297
8 87
8 464
8 219
8 221
8 293
8 97
8 99
8 228
8 300
8 358
8 337
8 104
8 423
8 237
8 129
8 111
8 168
8 116
8 169
8 413
8 121
9 11
9 427
9 399
9 16
9 145
9 146
9 19
9 21
9 461
9 151
9 24
9 26
9 412
9 29
9 31
9 34
9 405
9 37
9 38
9 167
9 129
9 169
9 426
9 355
9 157
9 177
9 180
9 54
9 55
9 184
9 267
9 189
9 63
9 192
9 321
9 262
9 203
9 69
9 70
9 71
9 328
9 329
9 75
9 162
9 78
9 79
9 334
9 210
9 211
9 85
9 215
9 216
9 217
9 218
9 91
9 348
9 93
9 222
9 182
9 96
9 144
9 99
9 230
9 273
9 384
9 110
9 317
9 368
9 369
9 120
9 377
9 191
9 124
9 183
9 254
9 149
10 428
10 11
10 12
10 13
10 14
10 15
10 16
10 17
10 18
10 131
10 23
10 24
10 260
10 27
10 30
10 32
10 155
10 297
10 454
10 166
10 424
10 41
10 170
10 43
10 257
10 385
10 324
10 182
10 58
10 59
10 316
10 61
10 62
10 64
10 160
10 395
10 68
10 70
10 456
10 470
10 75
10 476
10 291
10 288
10 82
10 83
10 342
10 446
10 348
10 420
10 90
10 314
10 220
10 221
10 480
10 144
10 443
10 100
10 294
10 230
10 487
10 362
10 236
10 317
10 19
10 373
10 247
10 124
10 126
10 127
11 12
11 14
11 271
11 461
11 17
11 18
11 19
11 405
11 278
11 24
11 201
11 27
11 31
11 368
11 34
11 35
11 36
11 37
11 40
11 297
11 257
11 45
11 223
11 51
11 181
11 134
11 163
11 159
11 411
11 190
11 70
11 71
11 328
11 73
11 390
11 78
11 335
11 336
11 83
11 84
11 214
11 348
11 152
11 219
11 92
11 95
11 224
11 226
11 356
11 359
11 384
11 236
11 111
11 112
11 243
11 117
11 376
11 251
12 15
12 16
12 17
12 20
12 21
12 23
12 24
12 281
12 444
12 28
12 159
12 32
12 33
12 35
12 39
12 424
12 42
12 330
12 175
12 128
12 308
12 315
12 60
12 189
12 319
12 64
12 65
12 66
12 325
12 417
12 74
12 331
12 78
12 81
12 419
12 334
12 89
12 152
12 347
12 144
12 482
12 209
12 105
12 106
12 365
12 498
12 374
12 252
12 254
13 142
13 17
13 25
13 28
13 389
13 32
13 34
13 35
13 165
13 42
13 135
13 264
13 50
13 51
13 55
13 186
13 189
13 134
13 288
13 66
13 68
13 69
13 203
13 206
13 81
13 213
13 89
13 475
13 92
13 58
13 100
13 231
13 380
13 108
13 238
13 114
13 117
13 246
13 62
13 124
14 15
14 16
14 427
14 19
14 20
14 430
14 23
14 25
14 28
14 29
14 31
14 417
14 290
14 420
14 165
14 39
14 297
14 43
14 301
14 46
14 47
14 49
14 434
14 372
14 215
14 63
14 192
14 323
14 75
14 34
14 83
14 340
14 121
14 221
14 94
14 354
14 131
14 357
14 359
14 259
14 124
14 493
14 366
14 285
14 148
14 281
14 127
15 137
15 139
15 16
15 17
15 387
15 20
15 151
15 408
15 410
15 389
15 289
15 71
15 303
15 48
15 51
15 180
15 54
15 57
15 315
15 188
15 266
15 319
15 64
15 199
15 459
15 76
15 339
15 436
15 97
15 227
15 391
15 101
15 401
15 489
15 189
15 119
15 248
15 252
15 255
16 17
16 147
16 23
16 24
16 26
16 28
16 128
16 32
16 290
16 91
16 297
16 42
16 135
16 45
16 48
16 179
16 52
16 59
16 445
16 190
16 450
16 70
16 71
16 72
16 339
16 76
16 207
16 163
16 463
16 271
16 481
16 99
16 484
16 102
16 243
16 383
16 127
17 265
17 398
17 303
17 18
17 21
17 22
17 408
17 260
17 27
17 261
17 33
17 291
17 422
17 389
17 297
17 43
17 45
17 47
17 304
17 50
17 54
17 441
17 351
17 188
17 394
17 70
17 455
17 200
17 73
17 75
17 205
17 89
17 475
17 95
17 224
17 100
17 232
17 105
17 107
17 108
17 114
17 374
17 425
17 377
17 396
17 492
18 68
18 211
18 340
18 22
18 280
18 25
18 27
18 28
18 408
18 344
18 226
18 379
18 420
18 102
18 168
18 489
18 43
18 428
18 483
18 48
18 449
18 119
18 56
18 327
18 123
18 191
19 271
19 272
19 273
19 274
19 148
19 149
19 22
19 132
19 156
19 423
19 39
19 28
19 42
19 300
19 45
19 174
19 176
19 351
19 181
19 54
19 187
19 450
19 201
19 119
19 76
19 142
19 216
19 169
19 475
19 93
19 223
19 352
19 97
19 354
19 483
19 229
19 486
19 107
19 244
19 373
19 41
19 381
19 127
20 257
20 25
20 27
20 28
20 133
20 32
20 35
20 37
20 295
20 43
20 46
20 53
20 311
20 185
20 287
20 181
20 198
20 71
20 74
20 203
20 81
20 87
20 90
20 143
20 476
20 477
20 351
20 101
20 103
20 233
20 495
20 115
20 374
20 383
21 260
21 225
21 136
21 128
21 75
21 334
21 320
21 248
21 151
21 216
21 89
21 155
21 157
21 94
21 33
21 34
21 419
21 454
21 294
21 167
21 295
21 172
21 114
21 48
21 50
21 30
21 184
21 140
21 188
21 455
22 273
22 141
22 275
22 151
22 157
22 414
22 160
22 91
22 292
22 429
22 304
22 49
22 179
22 182
22 184
22 186
22 62
22 32
22 324
22 69
22 54
22 76
22 333
22 397
22 336
22 210
22 83
22 89
22 218
22 219
22 58
22 351
22 99
22 102
22 231
22 111
22 127
23 135
23 73
23 139
23 77
23 67
23 142
23 215
23 24
23 68
23 28
23 198
23 225
23 34
23 134
23 104
23 272
23 47
23 432
23 51
23 245
23 57
23 250
23 192
24 132
24 128
24 258
24 206
24 271
24 80
24 274
24 490
24 407
24 371
24 27
24 284
24 222
24 159
24 197
24 155
24 37
24 423
24 426
24 225
24 45
24 240
24 51
24 365
24 54
24 329
24 290
24 74
24 62
25 384
25 74
25 76
25 79
25 320
25 88
25 91
25 413
25 30
25 197
25 361
25 235
25 45
25 46
25 253
25 49
25 478
25 120
25 60
25 61
25 190
25 63
26 74
26 183
26 77
26 463
26 273
26 148
26 272
26 282
26 280
26 201
26 28
26 29
26 351
26 240
26 164
26 326
26 358
26 39
26 235
26 174
26 176
26 180
26 119
26 313
26 126
26 247
27 263
27 335
27 140
27 109
27 147
27 284
27 87
27 345
27 271
27 156
27 93
27 267
27 34
27 283
27 357
27 455
27 103
27 41
27 43
27 45
27 368
27 275
27 244
27 84
27 60
27 192
27 429
28 70
28 396
28 398
28 465
28 277
28 154
28 90
28 91
28 261
28 96
28 419
28 374
28 423
28 29
28 173
28 47
28 147
28 310
28 121
28 123
28 380
28 125
28 126
29 194
29 74
29 66
29 143
29 201
29 320
29 83
29 276
29 282
29 304
29 358
29 423
29 106
29 327
29 236
29 239
29 48
29 50
29 51
29 118
29 119
29 124
30 197
30 70
30 198
30 45
30 271
30 464
30 175
30 156
30 222
30 95
30 400
30 35
30 325
30 39
30 389
30 42
30 235
30 109
30 494
30 47
30 385
30 424
30 50
30 115
30 180
30 118
30 248
30 60
30 299
31 197
31 51
31 65
31 64
31 74
31 140
31 499
31 146
31 171
31 472
31 33
31 164
31 233
31 46
31 200
31 115
31 398
31 119
31 392
31 58
31 316
31 138
31 62
31 63
32 133
32 307
32 337
32 408
32 412
32 234
32 351
32 214
32 272
32 100
32 39
32 232
32 233
32 106
32 107
32 172
32 389
32 367
32 336
32 50
32 115
32 376
32 212
32 74
33 65
33 200
33 400
33 82
33 227
33 88
33 71
33 154
33 94
33 97
33 187
33 166
33 233
33 275
33 118
33 58
33 59
34 76
34 208
34 153
34 479
34 48
34 39
34 176
34 175
34 112
34 117
34 329
34 447
35 133
35 206
35 274
35 410
35 92
35 159
35 417
35 197
35 420
35 39
35 235
35 108
35 45
35 430
35 114
35 116
35 53
35 185
35 95
35 60
35 61
36 194
36 199
36 201
36 332
36 162
36 64
36 77
36 87
36 98
36 291
36 294
36 102
36 424
36 41
36 42
36 43
36 236
36 109
36 242
36 437
37 390
37 205
37 81
37 201
37 284
37 158
37 361
37 38
37 64
37 391
37 257
37 365
37 72
37 222
37 118
37 55
37 250
37 124
37 61
37 126
37 309
38 390
38 403
38 196
38 352
38 416
38 100
38 295
38 425
38 107
38 237
38 47
38 48
38 49
38 306
38 435
38 116
39 65
39 73
39 267
39 194
39 81
39 384
39 206
39 216
39 217
39 265
39 101
39 422
39 291
39 45
39 46
39 240
39 286
39 201
40 196
40 492
40 139
40 398
40 272
40 146
40 150
40 90
40 233
40 133
40 290
40 165
40 232
40 169
40 108
40 114
40 366
40 49
40 178
40 179
40 183
40 351
40 317
40 126
41 454
41 332
41 82
41 84
41 414
41 351
41 417
41 99
41 165
41 298
41 174
41 456
41 467
41 131
41 315
41 42
41 318
42 82
42 341
42 150
42 299
42 218
42 144
42 99
42 234
42 263
42 46
42 111
42 403
42 115
42 131
42 119
42 59
42 61
42 437
43 454
43 64
43 396
43 140
43 271
43 210
43 89
43 68
43 220
43 222
43 95
43 225
43 274
43 304
43 264
43 481
43 118
43 479
44 132
44 134
44 76
44 270
44 272
44 88
44 90
44 477
44 420
44 488
44 105
44 299
44 109
44 51
44 54
44 313
44 190
44 63
45 66
45 399
45 274
45 281
45 346
45 295
45 100
45 259
45 103
45 49
45 185
45 254
46 326
46 394
46 79
46 409
46 306
46 167
46 432
46 327
46 104
46 71
46 114
46 302
46 48
46 178
46 311
46 57
46 191
47 458
47 460
47 208
47 84
47 149
47 88
47 495
47 413
47 98
47 101
47 295
47 360
47 111
47 48
47 113
48 199
48 206
48 143
48 156
48 161
48 296
48 208
48 176
48 180
48 439
48 120
48 249
48 189
48 63
49 73
49 459
49 192
49 440
49 147
49 153
49 119
49 56
49 217
49 91
49 62
49 416
50 135
50 73
50 77
50 448
50 411
50 108
50 113
50 178
50 118
50 247
50 56
50 63
50 444
50 62
50 85
51 64
51 65
51 128
51 204
51 386
51 81
51 345
51 89
51 282
51 220
51 286
51 416
51 227
51 105
51 221
51 304
51 245
51 311
51 62
52 470
52 257
52 329
52 75
52 268
52 334
52 81
52 67
52 139
52 277
52 278
52 279
52 280
52 409
52 161
52 356
52 145
52 104
52 327
52 108
52 424
52 446
52 55
52 312
52 190
53 65
53 235
53 76
53 78
53 79
53 174
53 215
53 120
53 409
53 155
53 411
53 443
54 321
54 138
54 76
54 78
54 274
54 276
54 132
54 152
54 283
54 292
54 101
54 236
54 314
54 124
54 61
55 320
55 66
55 367
55 328
55 83
55 62
55 101
56 201
56 66
56 398
56 143
56 208
56 81
56 84
56 88
56 349
56 228
56 230
56 105
56 236
56 402
56 303
56 361
57 331
57 325
57 78
57 238
57 182
57 247
58 194
58 150
58 65
58 144
58 276
58 85
58 409
58 380
58 91
58 427
58 158
58 229
58 70
58 103
58 389
58 361
58 359
58 108
58 303
58 351
58 116
58 315
58 316
58 189
59 80
59 75
59 140
59 206
59 253
59 466
59 468
59 184
59 92
60 129
60 138
60 66
60 78
60 144
60 84
60 341
60 280
60 89
60 282
60 257
60 61
60 63
61 384
61 450
61 197
61 458
61 78
61 148
61 278
61 155
61 289
61 298
61 241
61 178
61 245
61 183
61 383
62 77
62 273
62 384
62 409
62 92
62 225
62 406
62 129
62 391
63 197
63 353
63 205
63 275
63 475
63 289
63 67
63 100
63 112
63 369
63 307
63 439
63 123
63 447
64 261
64 70
64 461
64 145
64 121
64 363
64 169
64 107
64 308
64 116
64 316
65 389
65 141
65 334
65 82
65 88
65 156
65 293
65 240
65 119
66 129
66 80
66 273
66 322
66 147
66 285
66 465
66 158
67 229
67 273
67 232
67 142
67 369
67 145
67 402
67 398
67 284
68 363
68 487
68 71
68 96
68 315
68 330
68 221
68 394
68 127
69 386
69 310
69 199
69 202
69 299
69 398
69 284
69 461
69 83
69 122
69 220
69 381
69 127
70 197
70 82
70 448
70 456
70 150
70 483
70 103
70 234
70 492
70 302
70 392
70 74
70 394
71 162
71 354
71 337
71 306
71 107
71 105
71 379
71 443
72 138
72 331
72 223
72 80
72 310
72 155
72 476
73 389
73 137
73 289
73 301
73 291
73 410
73 475
73 316
74 199
74 96
74 258
74 148
74 121
74 425
74 422
74 361
74 176
74 311
74 120
74 318
75 166
75 354
75 300
75 110
75 240
75 83
75 435
75 84
75 126
75 309
76 310
76 206
76 334
76 409
76 118
76 224
76 227
76 490
76 187
76 380
76 445
77 203
77 78
77 84
77 471
77 104
77 169
77 360
77 435
77 441
77 189
77 318
78 79
78 269
78 473
78 397
78 153
78 476
78 158
78 420
78 357
78 232
78 484
78 251
78 252
79 331
79 102
79 419
79 178
79 275
79 88
80 167
80 264
80 226
80 432
80 93
80 126
81 299
81 330
81 463
81 336
81 87
81 447
81 257
81 197
82 196
82 97
82 199
82 349
82 276
82 85
82 281
82 309
82 287
82 117
83 243
83 98
83 464
83 99
83 170
83 471
83 315
83 151
83 325
84 322
84 132
84 321
84 105
84 458
84 430
84 339
84 283
84 317
85 134
85 268
85 320
85 115
85 438
85 186
86 178
86 245
86 166
86 472
86 307
86 310
87 480
87 315
87 260
87 393
87 426
87 139
87 149
87 445
88 476
88 334
88 155
88 348
88 99
88 169
88 234
88 428
88 119
88 188
89 321
89 239
89 338
89 280
89 408
89 429
89 95
90 134
90 129
90 208
90 145
90 281
90 155
90 99
90 423
90 401
90 199
90 110
90 380
90 190
90 255
91 262
91 392
91 169
91 395
91 243
91 437
91 379
91 158
91 223
92 174
92 384
92 116
92 286
92 278
92 471
92 351
93 181
93 200
93 424
93 191
94 200
94 265
94 476
94 162
94 174
94 360
94 470
94 462
94 415
94 285
94 95
95 197
95 470
95 437
95 234
95 143
95 307
95 214
95 287
96 132
96 133
96 364
96 301
96 207
96 339
96 438
96 279
96 186
96 191
97 147
97 133
97 205
97 111
97 431
97 286
98 149
98 241
98 402
99 437
99 187
99 223
100 167
100 336
100 338
100 416
100 406
100 119
100 138
100 382
101 322
101 141
101 430
101 211
102 389
102 327
102 144
102 211
102 472
102 218
102 157
102 286
103 196
103 173
103 368
103 406
103 251
104 165
104 107
104 432
104 302
104 331
105 324
105 139
105 114
105 149
105 137
105 126
106 167
106 398
106 174
106 117
106 185
106 443
107 206
107 380
107 165
108 210
108 279
108 381
108 254
109 222
109 263
109 296
109 221
110 112
110 366
110 478
110 396
110 237
110 190
111 140
111 366
111 318
111 186
111 348
111 253
111 126
112 228
112 297
112 428
112 144
112 307
112 373
112 260
112 124
112 478
113 234
113 172
113 162
113 146
113 269
113 119
113 156
113 126
114 165
114 337
114 478
114 296
115 331
115 200
115 161
115 160
115 300
115 468
115 218
116 357
116 490
116 304
116 375
116 249
117 201
117 206
117 399
117 275
117 180
117 270
117 191
118 263
118 154
118 443
119 408
119 133
119 134
119 168
119 405
119 267
119 274
120 449
120 354
121 337
121 277
121 417
121 487
122 306
122 341
122 373
122 314
122 398
122 130
122 366
123 241
123 229
123 273
123 362
123 465
123 494
124 257
124 385
124 352
124 404
124 183
124 188
125 166
125 334
126 133
126 226
126 227
126 261
126 301
126 381
126 420
126 157
127 450
127 233
127 331
127 387
127 215
127 439
128 257
128 423
128 385
129 230
129 263
129 317
129 337
129 465
129 312
129 495
129 250
130 157
130 409
131 146
131 169
131 165
132 207
132 457
132 340
132 443
133 171
133 175
133 200
133 190
133 303
133 187
134 288
134 260
134 272
134 211
134 349
135 435
135 259
135 472
135 379
136 324
136 328
136 139
136 392
136 374
136 343
136 216
136 379
136 349
136 351
137 186
137 338
137 322
137 162
137 430
138 456
138 275
138 430
139 320
139 488
139 199
139 180
139 181
139 315
140 263
140 444
141 330
141 187
141 303
141 414
142 193
142 407
142 430
142 208
142 376
142 409
143 229
143 340
143 173
143 497
143 243
143 375
143 212
143 282
143 191
144 256
144 197
144 314
144 172
144 429
144 189
144 425
144 207
145 182
145 279
145 387
145 162
145 483
146 364
146 387
147 266
148 171
148 204
148 176
148 242
148 387
148 346
148 158
149 263
149 430
149 464
149 244
149 220
150 226
150 199
150 203
151 275
151 354
151 412
151 194
152 344
152 305
152 290
152 248
152 473
153 321
153 315
153 293
154 245
154 217
155 294
155 238
155 474
155 158
156 489
156 222
157 269
157 471
157 234
158 257
158 260
158 290
158 301
160 200
160 431
160 207
161 259
161 372
161 396
162 265
162 319
163 315
163 218
163 205
164 437
164 423
164 281
165 247
165 249
166 241
166 201
167 227
167 234
168 485
168 455
168 327
168 367
168 227
169 336
169 311
170 464
170 208
170 286
171 199
171 360
171 206
171 375
171 244
171 282
171 317
172 272
172 451
172 263
172 401
172 377
173 181
173 216
173 202
173 286
174 340
174 235
175 393
175 329
176 391
176 297
176 306
176 312
176 253
176 382
177 277
177 472
177 220
177 222
178 244
179 262
179 359
180 370
180 316
181 208
181 359
181 474
182 209
183 188
183 278
183 207
184 267
184 206
184 402
184 253
186 293
186 225
186 232
186 459
187 218
188 308
189 486
189 193
189 265
189 447
190 364
190 342
190 407
191 429
191 416
191 279
191 443
192 434
192 358
192 381
192 311
193 266
193 317
194 465
194 258
194 228
194 222
195 362
195 234
195 267
195 290
196 481
196 424
196 278
197 403
197 270
198 372
198 420
199 316
199 458
200 350
201 489
201 477
202 472
202 362
202 411
203 369
203 245
203 324
203 333
204 256
205 434
205 260
206 338
206 355
209 284
209 388
209 355
210 225
212 295
213 275
213 241
215 448
215 233
215 273
215 377
216 485
216 231
216 302
216 399
218 225
218 308
218 266
219 227
219 293
220 260
220 359
220 251
221 386
221 359
221 452
222 287
224 465
224 293
224 261
225 331
226 266
226 402
226 461
227 486
227 268
227 317
228 373
228 231
228 455
229 256
230 275
231 308
231 276
231 258
231 290
231 442
233 498
233 292
234 252
235 368
236 496
238 257
238 274
238 399
238 269
239 472
240 317
240 493
241 475
242 394
242 328
246 248
246 314
247 308
247 278
248 391
248 437
248 330
249 386
249 407
249 260
249 251
249 428
250 368
251 468
251 360
251 287
252 271
254 387
254 297
256 464
256 440
256 485
256 301
256 293
259 281
259 298
261 268
261 288
262 292
262 275
262 346
262 478
264 419
264 349
265 344
265 317
267 269
268 384
269 457
269 281
270 469
271 338
274 406
276 412
276 286
278 345
278 399
278 302
279 466
281 335
281 388
282 321
282 362
282 312
285 308
286 496
286 379
287 480
288 455
289 414
291 456
292 363
294 449
294 359
294 460
294 430
295 424
296 492
297 324
297 337
297 368
298 444
299 326
299 455
299 393
299 363
301 484
302 466
302 389
304 387
304 367
304 336
304 313
304 414
307 484
308 362
308 365
308 462
308 344
308 479
309 398
313 464
313 435
314 318
315 465
315 467
315 433
317 403
320 347
321 468
323 372
324 383
326 371
326 328
329 438
330 391
330 479
331 355
332 338
332 420
333 452
333 422
335 368
337 449
340 436
340 412
341 443
341 462
348 358
350 392
351 460
352 432
352 354
353 438
354 465
354 361
355 405
355 379
357 469
358 474
361 482
362 436
364 377
366 422
368 468
369 447
370 405
370 461
373 463
376 428
378 452
380 473
381 443
382 409
384 403
388 456
388 403
388 438
390 473
394 472
394 491
394 447
397 450
397 399
398 420
398 429
399 454
401 409
402 433
408 463
409 431
417 490
418 420
421 459
422 472
423 450
424 426
426 434
430 434
439 458
441 444
441 471
442 496
444 470
454 491
464 482
467 468
468 487
475 483
