0 1
0 2
0 3
0 4
0 5
0 6
0 7
0 8
0 9
0 10
0 11
0 12
0 13
0 14
0 15
0 16
0 17
0 18
0 19
0 20
0 21
0 22
0 23
0 24
0 25
0 26
0 27
0 28
0 29
0 30
0 31
0 32
0 33
0 34
0 35
0 36
0 37
0 38
0 39
0 40
0 41
0 42
0 43
0 44
0 45
0 46
0 47
0 48
0 49
0 50
0 51
0 52
0 53
0 54
0 55
0 56
0 57
0 58
0 59
0 60
0 61
0 62
0 63
0 64
0 65
0 66
0 67
0 68
0 69
0 70
0 71
0 72
0 73
0 74
0 75
0 76
0 77
0 78
0 79
0 82
0 83
0 84
0 87
0 88
0 90
0 92
0 93
0 94
0 96
0 97
0 98
0 101
0 102
0 103
0 104
0 105
0 106
0 109
0 113
0 114
0 115
0 116
0 117
0 118
0 119
0 123
0 125
0 126
0 127
0 128
0 129
0 130
0 131
0 132
0 133
0 134
0 135
0 136
0 138
0 140
0 142
0 143
0 144
0 145
0 146
0 147
0 148
0 149
0 150
0 151
0 152
0 153
0 156
0 161
0 166
0 168
0 171
0 174
0 176
0 177
0 178
0 179
0 180
0 181
0 183
0 184
0 185
0 190
0 193
0 194
0 195
0 196
0 197
0 199
0 201
0 202
0 204
0 205
0 207
0 208
0 209
0 210
0 212
0 213
0 216
0 221
0 222
0 223
0 224
0 228
0 231
0 235
0 236
0 239
0 240
0 241
0 243
0 244
0 246
0 248
0 250
0 252
0 253
0 254
0 265
0 266
0 270
0 272
0 277
0 280
0 281
0 283
0 286
0 290
0 291
0 292
0 298
0 299
0 300
0 307
0 309
0 321
0 323
0 326
0 329
0 335
0 345
0 346
0 349
0 354
0 355
0 357
0 360
0 361
0 363
0 368
0 370
0 372
0 375
0 376
0 381
0 388
0 396
0 402
0 405
0 406
0 407
0 409
0 410
0 411
0 423
0 424
0 430
0 432
0 436
0 437
0 442
0 447
0 450
0 451
0 452
0 453
0 456
0 464
0 469
0 470
0 475
0 476
0 481
0 482
0 483
0 484
0 486
0 490
0 491
0 494
1 2
1 3
1 4
1 5
1 6
1 7
1 8
1 9
1 10
1 11
1 12
1 13
1 14
1 15
1 16
1 17
1 18
1 19
1 20
1 21
1 22
1 23
1 24
1 25
1 26
1 27
1 28
1 29
1 30
1 31
1 32
1 33
1 34
1 35
1 36
1 37
1 38
1 39
1 40
1 41
1 43
1 44
1 45
1 46
1 47
1 48
1 305
1 50
1 51
1 55
1 56
1 57
1 58
1 59
1 266
1 318
1 63
1 64
1 302
1 66
1 70
1 327
1 72
1 268
1 74
1 343
1 76
1 334
1 80
1 352
1 83
1 86
1 87
1 89
1 90
1 91
1 348
1 314
1 94
1 485
1 96
1 97
1 100
1 103
1 361
1 284
1 365
1 389
1 111
1 370
1 115
1 118
1 345
1 123
1 125
1 126
1 277
1 129
1 282
1 133
1 134
1 321
1 137
1 138
1 397
1 142
1 143
1 280
1 146
1 148
1 149
1 150
1 153
1 410
1 367
1 157
1 159
1 161
1 278
1 326
1 423
1 168
1 169
1 175
1 328
1 185
1 347
1 187
1 188
1 475
1 191
1 441
1 450
1 195
1 452
1 390
1 455
1 201
1 203
1 467
1 291
1 469
1 217
1 218
1 219
1 476
1 477
1 293
1 229
1 235
1 493
1 243
1 249
1 251
1 253
2 3
2 4
2 5
2 6
2 7
2 8
2 9
2 10
2 11
2 12
2 13
2 14
2 15
2 16
2 17
2 18
2 19
2 20
2 21
2 22
2 23
2 25
2 26
2 27
2 28
2 29
2 30
2 31
2 32
2 34
2 35
2 37
2 38
2 39
2 41
2 44
2 45
2 46
2 47
2 48
2 50
2 52
2 265
2 57
2 58
2 61
2 62
2 321
2 68
2 69
2 73
2 74
2 77
2 79
2 80
2 83
2 270
2 87
2 88
2 89
2 92
2 93
2 97
2 354
2 100
2 102
2 108
2 109
2 371
2 122
2 379
2 124
2 125
2 127
2 128
2 130
2 132
2 405
2 137
2 138
2 140
2 143
2 146
2 402
2 152
2 414
2 162
2 164
2 421
2 425
2 181
2 185
2 191
2 262
2 196
2 199
2 484
2 308
2 473
2 221
2 225
2 228
2 230
2 231
2 236
2 237
2 381
2 246
2 247
2 249
2 252
3 259
3 4
3 5
3 6
3 7
3 8
3 9
3 10
3 11
3 12
3 13
3 14
3 15
3 16
3 17
3 18
3 19
3 20
3 21
3 23
3 24
3 25
3 26
3 27
3 28
3 30
3 31
3 33
3 34
3 35
3 292
3 37
3 38
3 39
3 41
3 42
3 263
3 44
3 47
3 48
3 306
3 53
3 56
3 57
3 316
3 267
3 75
3 77
3 80
3 81
3 395
3 400
3 102
3 359
3 106
3 107
3 373
3 119
3 379
3 382
3 129
3 130
3 279
3 140
3 144
3 146
3 404
3 154
3 155
3 164
3 424
3 173
3 174
3 434
3 181
3 182
3 440
3 188
3 190
3 456
3 457
3 92
3 466
3 467
3 225
3 123
3 496
3 241
4 5
4 6
4 7
4 8
4 9
4 10
4 11
4 12
4 13
4 14
4 15
4 16
4 17
4 18
4 19
4 21
4 22
4 23
4 24
4 284
4 285
4 30
4 31
4 34
4 38
4 39
4 41
4 42
4 43
4 44
4 45
4 46
4 49
4 311
4 56
4 313
4 61
4 63
4 70
4 74
4 77
4 80
4 82
4 83
4 84
4 86
4 347
4 93
4 97
4 356
4 102
4 366
4 384
4 132
4 278
4 145
4 405
4 412
4 157
4 158
4 415
4 164
4 165
4 174
4 432
4 182
4 185
4 159
4 444
4 445
4 190
4 451
4 456
4 212
4 469
4 215
4 217
4 222
4 226
4 294
4 498
4 245
5 6
5 7
5 8
5 9
5 10
5 11
5 12
5 13
5 14
5 15
5 17
5 18
5 19
5 20
5 21
5 22
5 23
5 24
5 25
5 26
5 28
5 325
5 32
5 289
5 164
5 40
5 156
5 42
5 171
5 44
5 45
5 430
5 304
5 49
5 50
5 393
5 394
5 446
5 63
5 64
5 416
5 66
5 69
5 481
5 199
5 72
5 329
5 74
5 78
5 450
5 81
5 83
5 468
5 270
5 214
5 87
5 216
5 90
5 93
5 280
5 351
5 456
5 97
5 106
5 240
5 243
5 117
5 119
5 120
5 122
5 341
6 134
6 7
6 8
6 9
6 11
6 13
6 142
6 15
6 16
6 20
6 277
6 22
6 23
6 152
6 29
6 160
6 34
6 36
6 293
6 38
6 305
6 40
6 42
6 263
6 44
6 46
6 157
6 136
6 54
6 56
6 60
6 318
6 258
6 302
6 195
6 196
6 199
6 329
6 74
6 331
6 143
6 78
6 184
6 83
6 212
6 341
6 278
6 89
6 90
6 91
6 395
6 96
6 104
6 105
6 109
6 111
6 496
6 113
6 211
6 116
6 248
6 250
6 426
7 263
7 8
7 9
7 10
7 11
7 12
7 386
7 14
7 15
7 16
7 17
7 19
7 20
7 21
7 22
7 24
7 28
7 29
7 30
7 33
7 36
7 40
7 297
7 171
7 300
7 306
7 174
7 431
7 178
7 436
7 438
7 183
7 312
7 317
7 65
7 68
7 161
7 202
7 76
7 354
7 142
7 471
7 344
7 89
7 218
7 219
7 350
7 353
7 226
7 99
7 472
7 229
7 358
7 273
7 242
7 244
7 117
7 379
8 264
8 9
8 10
8 11
8 12
8 141
8 337
8 15
8 320
8 152
8 18
8 19
8 148
8 21
8 406
8 24
8 282
8 303
8 28
8 483
8 30
8 133
8 33
8 36
8 38
8 39
8 296
8 43
8 172
8 47
8 48
8 436
8 53
8 55
8 188
8 181
8 64
8 194
8 459
8 275
8 140
8 183
8 79
8 81
8 82
8 83
8 84
8 207
8 94
8 351
8 96
8 227
8 356
8 358
8 103
8 105
8 106
8 108
8 368
8 370
8 147
8 120
9 11
9 12
9 14
9 15
9 71
9 18
9 19
9 164
9 26
9 75
9 28
9 346
9 133
9 224
9 97
9 162
9 477
9 36
9 485
9 102
9 424
9 234
9 43
9 195
9 47
9 498
9 51
9 52
9 247
9 58
9 60
9 61
9 299
9 191
10 12
10 13
10 142
10 16
10 17
10 18
10 20
10 150
10 23
10 24
10 25
10 27
10 28
10 418
10 165
10 39
10 44
10 47
10 432
10 51
10 52
10 350
10 313
10 60
10 449
10 487
10 201
10 203
10 471
10 90
10 93
10 94
10 352
10 145
10 490
10 107
10 115
10 246
10 119
10 121
10 125
11 140
11 14
11 16
11 18
11 131
11 21
11 22
11 23
11 24
11 410
11 156
11 157
11 32
11 35
11 39
11 296
11 291
11 48
11 50
11 435
11 53
11 60
11 67
11 147
11 326
11 467
11 463
11 80
11 81
11 163
11 85
11 217
11 474
11 91
11 222
11 479
11 100
11 102
11 237
11 238
11 19
11 117
11 121
11 123
12 471
12 279
12 13
12 142
12 80
12 82
12 19
12 20
12 438
12 86
12 215
12 216
12 27
12 29
12 246
12 283
12 293
12 38
12 295
12 124
12 71
12 174
12 264
12 499
12 54
12 73
12 148
12 60
13 135
13 111
13 143
13 16
13 338
13 67
13 85
13 344
13 25
13 27
13 68
13 95
13 100
13 39
13 232
13 41
13 238
13 47
13 177
13 115
13 53
13 121
13 319
14 77
14 20
14 21
14 22
14 495
14 86
14 29
14 30
14 415
14 33
14 355
14 139
14 156
14 492
14 237
14 47
14 304
14 49
14 94
14 349
14 329
14 56
14 445
14 122
14 316
14 61
14 126
15 331
15 162
15 335
15 80
15 82
15 83
15 86
15 280
15 463
15 94
15 34
15 251
15 37
15 423
15 105
15 492
15 146
15 434
15 319
15 50
15 308
15 181
15 119
15 59
15 255
16 136
16 78
16 79
16 450
16 81
16 19
16 87
16 25
16 92
16 31
16 97
16 227
16 36
16 37
16 455
16 193
16 363
16 365
16 131
16 54
16 153
16 249
16 58
16 343
16 437
17 396
17 66
17 79
17 18
17 195
17 151
17 472
17 91
17 285
17 30
17 480
17 162
17 41
17 106
17 455
17 381
17 51
17 185
17 202
17 382
18 192
18 211
18 85
18 24
18 26
18 27
18 349
18 69
18 31
18 32
18 162
18 99
18 351
18 43
18 300
18 114
18 50
18 123
18 52
18 377
18 59
18 63
19 74
19 184
19 468
19 26
19 159
19 353
19 164
19 38
19 321
19 426
19 238
19 113
19 178
19 307
19 56
19 249
19 250
19 123
19 61
19 126
20 145
20 35
20 212
20 21
20 24
20 153
20 26
20 458
20 90
20 341
20 99
20 36
20 168
20 455
20 110
20 111
20 381
20 56
20 276
20 202
20 190
20 255
21 450
21 142
21 67
21 92
21 352
21 480
21 34
21 355
21 294
21 39
21 106
21 368
21 49
21 117
21 59
22 456
22 226
22 493
22 144
22 339
22 196
22 87
22 25
22 98
22 36
22 39
22 41
22 44
22 109
22 304
22 113
22 51
22 57
22 217
22 62
23 65
23 192
23 66
23 77
23 80
23 378
23 149
23 471
23 26
23 27
23 28
23 29
23 133
23 243
23 294
23 156
23 369
23 115
23 446
23 169
23 122
23 74
23 62
24 70
24 65
24 73
24 140
24 333
24 92
24 147
24 86
24 152
24 28
24 477
24 69
24 133
24 33
24 262
24 298
24 41
24 42
24 109
24 284
24 403
24 317
24 245
24 233
24 276
24 31
24 125
24 63
25 321
25 137
25 256
25 141
25 145
25 323
25 212
25 341
25 91
25 94
25 31
25 429
25 495
25 48
25 497
25 50
25 436
25 30
26 65
26 142
26 398
26 203
26 151
26 88
26 409
26 346
26 93
26 158
26 325
26 36
26 40
26 108
26 457
26 122
26 62
27 228
27 465
27 324
27 45
27 49
27 371
27 342
27 57
27 154
27 249
27 284
27 298
28 151
28 130
28 206
28 173
28 387
28 271
28 157
28 101
28 40
28 169
28 135
28 300
28 50
28 104
28 114
28 54
28 248
28 121
28 58
28 200
28 63
29 439
29 73
29 394
29 87
29 209
29 218
29 30
29 31
29 352
29 145
29 426
29 109
29 114
29 116
29 55
30 197
30 390
30 75
30 258
30 79
30 142
30 94
30 31
30 33
30 290
30 38
30 40
30 43
30 236
30 176
30 49
30 436
30 120
30 189
31 260
31 417
31 64
31 76
31 397
31 80
31 158
31 293
31 38
31 167
31 108
31 48
31 115
31 55
31 62
32 35
32 44
32 175
32 176
32 131
32 180
32 214
32 499
32 133
33 196
33 202
33 359
33 76
33 336
33 49
33 195
33 310
33 311
33 257
34 65
34 340
34 140
34 270
34 323
34 148
34 46
34 348
34 420
34 37
34 40
34 110
34 115
34 180
34 467
34 54
34 313
35 81
35 141
35 177
35 54
35 218
35 221
36 323
36 164
36 37
36 71
36 45
36 397
36 81
36 82
36 297
36 191
37 39
37 194
37 161
37 144
37 203
37 108
37 78
37 77
37 320
37 362
37 431
37 183
37 61
38 329
38 128
38 47
38 85
38 443
38 284
38 157
39 301
39 109
39 79
39 48
39 211
39 151
39 202
40 194
40 458
40 160
40 45
40 272
40 365
40 80
40 94
40 214
40 59
40 218
40 65
41 72
41 268
41 144
41 195
41 149
41 91
41 418
41 101
41 103
41 296
41 43
41 59
41 190
42 192
42 278
42 438
42 44
42 429
42 78
42 114
42 341
42 54
42 134
43 198
43 65
43 72
43 459
43 396
43 77
43 429
43 275
43 151
43 345
43 100
43 360
43 109
43 238
43 50
43 183
43 123
43 255
44 297
44 268
44 157
44 285
44 85
44 87
44 62
45 356
45 234
45 303
45 112
45 296
45 244
45 245
45 217
45 89
46 267
46 97
46 71
46 240
46 113
46 341
46 87
46 122
47 267
47 192
47 131
47 97
47 229
47 296
47 259
47 239
47 51
47 438
47 123
47 191
48 229
48 82
48 213
48 203
48 120
49 449
49 74
49 108
49 174
49 53
49 151
50 68
50 333
50 66
50 302
50 211
50 118
50 345
50 344
50 175
51 68
51 392
51 203
51 96
51 52
51 407
51 215
51 121
51 378
52 353
52 72
52 139
52 112
52 345
52 478
52 54
52 311
52 88
52 343
52 250
52 475
52 445
52 126
53 261
53 241
53 174
53 307
53 89
53 479
54 76
54 189
54 81
54 342
54 119
54 93
55 483
55 228
55 463
55 397
55 315
56 67
56 73
56 363
56 140
56 206
56 145
56 178
56 78
56 59
56 61
56 158
57 103
57 365
57 240
57 82
57 211
57 84
57 375
57 60
58 115
58 118
58 64
58 134
59 230
59 135
59 73
59 289
59 302
59 408
59 462
59 255
60 137
60 75
60 269
60 74
60 95
61 64
61 166
61 143
61 280
61 164
61 133
62 115
62 444
63 216
63 109
63 177
63 147
63 436
63 438
63 93
64 135
64 106
64 332
64 77
64 116
65 160
65 411
65 266
65 204
65 347
65 126
66 100
66 134
66 144
66 118
66 218
66 95
67 393
67 453
68 480
68 135
69 225
69 198
69 167
69 392
69 329
69 404
69 88
70 466
70 145
70 428
70 78
71 227
71 236
71 185
71 494
72 130
72 169
72 203
72 238
72 186
72 124
73 164
73 263
73 143
73 245
73 217
73 282
74 167
74 252
74 87
74 499
74 335
74 241
74 100
74 159
74 101
75 336
75 482
75 248
75 237
76 146
76 361
76 234
76 302
77 263
77 96
77 495
77 243
77 116
77 282
77 346
78 368
78 380
78 235
78 81
78 152
78 293
79 217
80 321
80 496
80 82
80 476
81 327
81 109
81 277
81 408
81 156
82 138
82 484
82 111
82 328
82 83
82 253
82 350
83 243
83 304
83 114
83 147
84 495
85 416
85 115
85 278
85 142
85 495
86 245
86 265
86 137
86 202
86 139
88 198
88 411
88 170
88 181
89 358
89 104
89 204
89 436
89 90
89 283
90 251
90 175
91 320
91 92
91 446
93 305
93 212
93 492
94 130
94 133
94 474
95 97
95 115
95 472
95 274
95 371
96 199
97 387
97 146
97 313
97 218
97 413
97 127
98 216
98 420
98 470
99 229
99 101
99 202
99 123
99 207
100 168
100 184
101 172
101 263
101 257
101 176
101 106
101 433
102 169
102 124
103 201
104 161
104 196
104 319
104 224
104 287
105 152
105 311
105 171
106 386
106 373
106 275
107 199
107 184
107 489
107 142
108 239
109 352
109 238
110 383
111 246
111 174
111 141
112 352
112 404
112 169
112 426
113 238
113 498
113 490
113 447
113 143
114 428
115 247
116 146
116 418
117 434
117 212
118 378
118 207
120 390
120 297
120 236
121 226
121 213
121 215
121 124
121 255
123 392
123 204
123 343
124 136
124 212
124 455
125 274
125 342
125 300
125 138
125 288
126 318
126 145
126 244
127 203
128 334
128 471
129 167
130 342
130 194
131 259
131 347
133 161
133 174
133 182
134 155
134 481
134 362
134 349
134 151
134 347
135 443
135 295
135 183
135 360
135 441
136 334
137 488
138 235
138 324
138 493
138 489
138 160
139 169
139 197
141 331
142 158
142 273
142 147
142 351
143 454
144 377
144 307
145 459
145 244
145 426
146 271
147 224
147 157
148 322
148 255
149 162
149 419
149 154
151 432
152 466
152 479
154 400
154 340
154 246
155 326
155 422
156 187
156 251
156 265
157 377
157 285
158 187
159 181
159 312
159 251
160 419
160 276
162 471
163 184
163 490
164 348
165 425
166 384
166 235
167 437
167 410
168 262
168 219
168 269
171 297
171 446
172 185
172 247
174 496
175 497
175 226
175 190
176 302
176 219
177 466
177 398
178 280
178 277
179 236
180 212
180 224
180 445
181 339
181 220
181 322
182 407
182 442
182 235
184 257
184 249
187 456
187 282
187 205
188 412
188 446
189 308
189 495
190 284
191 245
191 497
192 291
192 213
194 278
195 436
195 263
195 218
195 206
196 473
196 377
196 408
196 304
197 410
200 289
201 445
202 242
202 376
203 399
203 478
207 288
207 397
208 226
208 334
209 232
211 262
211 253
214 267
214 348
215 337
217 271
217 253
217 238
218 236
220 369
221 238
222 498
222 237
223 296
223 426
224 232
224 229
225 337
226 229
226 359
227 246
228 296
229 403
232 461
233 335
235 448
235 404
235 353
235 391
235 396
237 497
238 405
239 324
239 347
240 483
240 280
240 475
244 404
246 348
246 250
248 439
251 482
252 305
252 458
253 325
253 358
253 499
255 442
256 329
259 395
260 494
263 430
264 416
264 410
268 341
270 328
273 457
279 348
279 358
281 338
282 365
284 285
284 431
285 321
285 361
286 322
286 474
287 361
291 298
294 460
296 301
300 356
302 354
303 309
308 331
312 324
320 411
323 377
329 399
331 488
332 474
332 491
335 402
335 474
336 404
336 447
339 429
342 423
342 460
344 458
344 437
345 487
346 482
347 372
350 418
354 470
359 419
361 371
364 465
369 432
379 409
380 418
380 460
382 458
391 425
406 426
407 455
420 467
423 497
441 442
441 452
442 458
449 468
455 469
483 492
