0 1
0 2
0 3
0 4
0 5
0 6
0 7
0 8
0 9
0 10
0 11
0 12
0 13
0 14
0 15
0 16
0 17
0 18
0 19
0 20
0 21
0 22
0 23
0 24
0 25
0 26
0 27
0 28
0 29
0 30
0 31
0 32
0 33
0 34
0 35
0 36
0 37
0 38
0 39
0 40
0 41
0 42
0 43
0 44
0 45
0 46
0 47
0 48
0 49
0 50
0 51
0 52
0 53
0 54
0 55
0 56
0 57
0 58
0 59
0 60
0 61
0 62
0 63
0 64
0 65
0 66
0 67
0 68
0 69
0 70
0 71
0 72
0 73
0 74
0 75
0 76
0 77
0 78
0 79
0 80
0 81
0 82
0 83
0 84
0 85
0 86
0 87
0 88
0 89
0 90
0 91
0 92
0 93
0 94
0 96
0 97
0 98
0 100
0 102
0 104
0 106
0 107
0 108
0 109
0 110
0 111
0 112
0 113
0 114
0 115
0 116
0 117
0 118
0 119
0 120
0 121
0 122
0 123
0 124
0 125
0 126
0 127
0 128
0 131
0 132
0 134
0 135
0 136
0 138
0 140
0 142
0 143
0 144
0 145
0 147
0 148
0 150
0 153
0 154
0 156
0 157
0 158
0 161
0 162
0 163
0 164
0 165
0 166
0 167
0 169
0 170
0 171
0 172
0 173
0 174
0 176
0 177
0 179
0 181
0 182
0 183
0 184
0 188
0 191
0 192
0 193
0 194
0 196
0 197
0 198
0 199
0 200
0 201
0 203
0 204
0 205
0 206
0 207
0 210
0 215
0 221
0 222
0 223
0 224
0 225
0 227
0 230
0 231
0 235
0 236
0 237
0 238
0 241
0 243
0 244
0 248
0 253
0 254
0 255
0 256
0 257
0 258
0 259
0 262
0 264
0 268
0 271
0 273
0 275
0 276
0 278
0 280
0 281
0 282
0 284
0 289
0 290
0 291
0 292
0 294
0 295
0 296
0 303
0 306
0 308
0 313
0 315
0 318
0 323
0 324
0 325
0 327
0 330
0 331
0 332
0 333
0 335
0 339
0 340
0 341
0 343
0 347
0 348
0 353
0 354
0 357
0 358
0 360
0 363
0 367
0 370
0 371
0 374
0 375
0 376
0 377
0 378
0 380
0 381
0 384
0 387
0 389
0 390
0 391
0 395
0 397
0 401
0 404
0 405
0 406
0 407
0 411
0 415
0 419
0 420
0 423
0 424
0 425
0 431
0 434
0 436
0 437
0 438
0 440
0 448
0 449
0 450
0 452
0 453
0 456
0 458
0 459
0 461
0 462
0 465
0 467
0 473
0 475
0 477
0 478
0 480
0 481
0 483
0 484
0 485
0 486
0 489
0 490
0 496
0 498
0 499
1 2
1 3
1 4
1 5
1 6
1 7
1 8
1 9
1 10
1 11
1 12
1 13
1 14
1 15
1 16
1 17
1 18
1 19
1 20
1 21
1 22
1 23
1 24
1 25
1 26
1 27
1 28
1 29
1 30
1 31
1 32
1 33
1 34
1 35
1 36
1 37
1 38
1 39
1 40
1 41
1 42
1 43
1 44
1 45
1 47
1 48
1 49
1 50
1 51
1 52
1 53
1 54
1 55
1 56
1 57
1 58
1 59
1 60
1 61
1 62
1 63
1 64
1 65
1 66
1 67
1 68
1 69
1 70
1 72
1 74
1 76
1 77
1 78
1 80
1 81
1 86
1 89
1 91
1 96
1 99
1 101
1 103
1 104
1 105
1 106
1 107
1 108
1 109
1 112
1 113
1 115
1 118
1 119
1 123
1 124
1 127
1 129
1 132
1 133
1 134
1 136
1 141
1 142
1 148
1 151
1 154
1 159
1 160
1 161
1 163
1 164
1 165
1 167
1 168
1 169
1 170
1 171
1 174
1 175
1 176
1 179
1 180
1 181
1 182
1 184
1 185
1 186
1 187
1 188
1 190
1 194
1 195
1 199
1 201
1 207
1 208
1 209
1 211
1 215
1 216
1 217
1 219
1 221
1 223
1 226
1 227
1 229
1 230
1 232
1 233
1 239
1 245
1 246
1 248
1 249
1 250
1 251
1 252
1 259
1 260
1 261
1 262
1 264
1 269
1 270
1 276
1 277
1 278
1 279
1 281
1 283
1 284
1 289
1 293
1 295
1 298
1 304
1 310
1 311
1 316
1 318
1 322
1 327
1 328
1 339
1 341
1 342
1 344
1 346
1 352
1 359
1 361
1 367
1 369
1 371
1 376
1 383
1 384
1 387
1 393
1 398
1 410
1 412
1 415
1 416
1 419
1 420
1 423
1 426
1 429
1 432
1 434
1 436
1 439
1 445
1 451
1 453
1 454
1 456
1 458
1 459
1 467
1 471
1 472
1 473
1 478
1 479
1 486
1 487
1 492
1 498
2 3
2 4
2 5
2 6
2 7
2 8
2 9
2 10
2 11
2 12
2 13
2 14
2 15
2 16
2 17
2 18
2 19
2 20
2 21
2 22
2 23
2 24
2 25
2 26
2 27
2 28
2 29
2 30
2 31
2 33
2 34
2 35
2 36
2 37
2 38
2 39
2 41
2 42
2 43
2 44
2 46
2 48
2 49
2 52
2 53
2 54
2 56
2 57
2 58
2 59
2 60
2 61
2 62
2 63
2 65
2 66
2 67
2 68
2 69
2 70
2 71
2 72
2 73
2 75
2 78
2 79
2 81
2 82
2 83
2 84
2 87
2 88
2 91
2 92
2 93
2 94
2 97
2 99
2 100
2 102
2 105
2 106
2 107
2 108
2 109
2 110
2 112
2 116
2 117
2 119
2 120
2 121
2 122
2 124
2 125
2 130
2 134
2 136
2 137
2 138
2 139
2 146
2 147
2 152
2 154
2 155
2 158
2 160
2 162
2 166
2 167
2 168
2 174
2 176
2 177
2 182
2 186
2 190
2 196
2 197
2 198
2 202
2 205
2 209
2 210
2 212
2 218
2 219
2 225
2 229
2 230
2 231
2 232
2 235
2 237
2 242
2 245
2 246
2 251
2 256
2 261
2 263
2 269
2 271
2 273
2 280
2 292
2 298
2 303
2 305
2 310
2 319
2 324
2 327
2 329
2 330
2 331
2 343
2 346
2 352
2 353
2 359
2 360
2 366
2 368
2 377
2 379
2 384
2 385
2 395
2 400
2 403
2 414
2 422
2 423
2 431
2 433
2 437
2 439
2 443
2 446
2 456
2 461
2 467
2 468
2 475
2 480
2 485
2 494
3 299
3 4
3 5
3 6
3 7
3 8
3 9
3 10
3 11
3 12
3 13
3 14
3 15
3 16
3 17
3 18
3 19
3 20
3 21
3 22
3 23
3 478
3 25
3 26
3 27
3 28
3 29
3 30
3 32
3 432
3 34
3 35
3 36
3 37
3 38
3 39
3 296
3 41
3 43
3 44
3 45
3 304
3 305
3 351
3 334
3 53
3 54
3 56
3 58
3 59
3 60
3 62
3 64
3 66
3 67
3 353
3 72
3 73
3 258
3 75
3 354
3 78
3 335
3 80
3 81
3 87
3 88
3 90
3 92
3 93
3 95
3 96
3 97
3 98
3 99
3 358
3 102
3 104
3 105
3 108
3 365
3 366
3 112
3 275
3 118
3 121
3 122
3 123
3 125
3 127
3 128
3 129
3 131
3 135
3 136
3 393
3 138
3 140
3 400
3 145
3 451
3 405
3 150
3 151
3 152
3 153
3 495
3 346
3 162
3 283
3 421
3 167
3 412
3 170
3 171
3 431
3 423
3 181
3 329
3 186
3 189
3 190
3 194
3 331
3 198
3 456
3 262
3 463
3 209
3 378
3 211
3 212
3 213
3 214
3 215
3 314
3 257
3 222
3 442
3 336
3 226
3 483
3 228
3 231
3 233
3 295
3 238
3 381
3 396
3 243
3 249
3 255
4 5
4 6
4 7
4 8
4 9
4 10
4 11
4 12
4 13
4 14
4 15
4 16
4 17
4 18
4 19
4 20
4 21
4 22
4 23
4 24
4 25
4 27
4 28
4 29
4 31
4 32
4 33
4 35
4 36
4 37
4 39
4 40
4 46
4 304
4 49
4 50
4 51
4 55
4 312
4 57
4 58
4 59
4 316
4 61
4 63
4 64
4 65
4 66
4 68
4 329
4 326
4 73
4 74
4 331
4 76
4 333
4 79
4 81
4 82
4 87
4 90
4 91
4 94
4 96
4 97
4 100
4 101
4 273
4 105
4 107
4 364
4 365
4 275
4 116
4 375
4 343
4 447
4 382
4 127
4 128
4 129
4 131
4 277
4 278
4 322
4 142
4 143
4 280
4 146
4 149
4 150
4 495
4 412
4 158
4 161
4 283
4 169
4 430
4 434
4 181
4 183
4 441
4 186
4 191
4 262
4 451
4 196
4 199
4 204
4 207
4 208
4 468
4 472
4 473
4 335
4 425
4 229
4 231
4 489
4 234
4 235
4 236
4 493
4 352
4 244
4 247
4 251
4 254
5 6
5 7
5 8
5 9
5 10
5 11
5 12
5 13
5 14
5 15
5 439
5 17
5 18
5 19
5 20
5 21
5 22
5 23
5 24
5 25
5 26
5 27
5 28
5 287
5 32
5 33
5 34
5 291
5 37
5 39
5 41
5 42
5 43
5 44
5 46
5 303
5 52
5 53
5 54
5 300
5 58
5 62
5 321
5 66
5 67
5 68
5 69
5 71
5 75
5 77
5 78
5 269
5 83
5 86
5 267
5 89
5 346
5 91
5 395
5 93
5 95
5 96
5 99
5 101
5 102
5 103
5 360
5 105
5 108
5 274
5 110
5 111
5 112
5 115
5 318
5 120
5 125
5 130
5 491
5 132
5 389
5 139
5 141
5 142
5 365
5 145
5 148
5 406
5 154
5 155
5 282
5 414
5 325
5 368
5 164
5 169
5 427
5 172
5 431
5 179
5 437
5 182
5 183
5 186
5 415
5 447
5 194
5 454
5 201
5 203
5 461
5 333
5 210
5 214
5 217
5 314
5 280
5 442
5 344
5 234
5 295
5 493
5 242
5 339
6 7
6 8
6 9
6 10
6 11
6 12
6 13
6 14
6 15
6 16
6 17
6 18
6 19
6 20
6 21
6 22
6 26
6 27
6 28
6 29
6 31
6 288
6 304
6 34
6 35
6 36
6 40
6 274
6 43
6 47
6 48
6 306
6 51
6 55
6 56
6 57
6 58
6 406
6 61
6 63
6 65
6 66
6 267
6 68
6 70
6 71
6 75
6 77
6 79
6 80
6 337
6 430
6 85
6 313
6 88
6 90
6 91
6 348
6 314
6 353
6 100
6 273
6 361
6 362
6 107
6 387
6 109
6 367
6 114
6 116
6 117
6 119
6 120
6 276
6 123
6 125
6 127
6 129
6 131
6 133
6 391
6 138
6 141
6 143
6 404
6 150
6 153
6 411
6 282
6 158
6 159
6 261
6 166
6 423
6 372
6 429
6 174
6 175
6 266
6 437
6 185
6 448
6 198
6 203
6 212
6 218
6 220
6 336
6 483
6 231
6 385
6 425
6 253
6 341
7 263
7 8
7 9
7 10
7 11
7 268
7 13
7 271
7 16
7 17
7 275
7 20
7 277
7 22
7 23
7 24
7 25
7 26
7 29
7 30
7 31
7 33
7 290
7 292
7 40
7 42
7 43
7 45
7 308
7 309
7 310
7 265
7 58
7 59
7 317
7 320
7 68
7 69
7 72
7 330
7 354
7 79
7 337
7 483
7 84
7 86
7 343
7 89
7 90
7 349
7 350
7 95
7 98
7 357
7 273
7 108
7 110
7 370
7 19
7 116
7 373
7 345
7 120
7 123
7 126
7 385
7 473
7 388
7 400
7 146
7 281
7 415
7 420
7 171
7 285
7 433
7 115
7 180
7 181
7 182
7 186
7 193
7 289
7 205
7 461
7 211
7 213
7 472
7 217
7 218
7 221
7 223
7 225
7 379
7 484
7 233
7 241
7 498
7 250
7 253
8 9
8 10
8 11
8 12
8 14
8 16
8 19
8 20
8 21
8 24
8 26
8 30
8 261
8 32
8 292
8 38
8 41
8 299
8 257
8 301
8 46
8 47
8 304
8 53
8 54
8 55
8 57
8 59
8 60
8 266
8 62
8 319
8 66
8 67
8 68
8 72
8 73
8 76
8 77
8 78
8 335
8 270
8 86
8 88
8 345
8 347
8 349
8 315
8 102
8 259
8 363
8 108
8 110
8 112
8 370
8 302
8 117
8 377
8 126
8 277
8 129
8 387
8 389
8 140
8 141
8 145
8 149
8 152
8 154
8 157
8 418
8 420
8 166
8 168
8 170
8 171
8 428
8 173
8 177
8 371
8 182
8 439
8 184
8 441
8 446
8 453
8 332
8 205
8 212
8 474
8 476
8 479
8 224
8 408
8 487
8 489
8 236
8 424
8 468
8 127
8 253
8 85
9 10
9 12
9 13
9 14
9 16
9 17
9 274
9 19
9 20
9 23
9 24
9 25
9 28
9 30
9 33
9 363
9 305
9 40
9 41
9 42
9 44
9 45
9 302
9 48
9 49
9 50
9 51
9 52
9 53
9 54
9 317
9 63
9 321
9 66
9 67
9 72
9 73
9 258
9 75
9 77
9 79
9 80
9 83
9 270
9 86
9 347
9 348
9 95
9 354
9 99
9 100
9 362
9 107
9 365
9 111
9 369
9 119
9 121
9 378
9 380
9 125
9 131
9 390
9 137
9 398
9 143
9 144
9 269
9 149
9 154
9 155
9 156
9 159
9 162
9 163
9 164
9 165
9 168
9 430
9 433
9 178
9 180
9 74
9 190
9 450
9 197
9 198
9 289
9 375
9 206
9 209
9 210
9 419
9 420
9 474
9 219
9 478
9 233
9 493
9 241
9 243
9 247
10 12
10 13
10 14
10 15
10 16
10 17
10 384
10 19
10 20
10 23
10 26
10 27
10 28
10 32
10 33
10 34
10 37
10 38
10 177
10 42
10 263
10 50
10 46
10 264
10 306
10 56
10 57
10 314
10 315
10 60
10 67
10 69
10 71
10 76
10 78
10 141
10 345
10 93
10 100
10 101
10 104
10 387
10 111
10 368
10 113
10 89
10 148
10 379
10 128
10 282
10 397
10 398
10 143
10 269
10 411
10 157
10 496
10 169
10 433
10 179
10 181
10 438
10 187
10 188
10 190
10 288
10 450
10 457
10 463
10 211
10 293
10 123
10 229
10 490
10 239
10 240
10 241
10 247
10 250
10 253
10 255
11 267
11 12
11 14
11 45
11 16
11 20
11 22
11 24
11 25
11 27
11 28
11 31
11 34
11 38
11 39
11 41
11 42
11 44
11 301
11 47
11 48
11 49
11 51
11 52
11 309
11 54
11 290
11 59
11 62
11 63
11 67
11 71
11 81
11 83
11 84
11 341
11 90
11 93
11 95
11 352
11 101
11 359
11 112
11 372
11 117
11 319
11 380
11 127
11 384
11 129
11 133
11 390
11 401
11 402
11 147
11 406
11 154
11 156
11 497
11 424
11 169
11 171
11 178
11 443
11 450
11 451
11 200
11 202
11 305
11 206
11 464
11 211
11 474
11 478
11 231
11 490
11 168
11 85
12 13
12 17
12 18
12 19
12 21
12 279
12 29
12 30
12 32
12 33
12 34
12 36
12 40
12 302
12 304
12 305
12 52
12 55
12 312
12 60
12 62
12 319
12 322
12 267
12 48
12 70
12 331
12 76
12 98
12 82
12 85
12 345
12 90
12 348
12 96
12 354
12 99
12 100
12 358
12 259
12 105
12 366
12 367
12 114
12 115
12 125
12 127
12 133
12 135
12 393
12 138
12 139
12 399
12 144
12 149
12 409
12 155
12 413
12 167
12 169
12 173
12 432
12 434
12 436
12 182
12 183
12 441
12 198
12 200
12 203
12 478
12 228
12 110
12 497
12 243
12 245
13 14
13 45
13 16
13 17
13 18
13 277
13 23
13 28
13 51
13 32
13 34
13 41
13 43
13 301
13 304
13 172
13 53
13 54
13 265
13 60
13 61
13 65
13 68
13 71
13 73
13 439
13 76
13 78
13 82
13 340
13 85
13 86
13 87
13 89
13 100
13 94
13 256
13 273
13 103
13 114
13 371
13 117
13 118
13 119
13 127
13 129
13 131
13 388
13 133
13 193
13 137
13 395
13 148
13 405
13 150
13 153
13 158
13 159
13 165
13 170
13 428
13 431
13 180
13 414
13 329
13 188
13 189
13 288
13 452
13 198
13 455
13 456
13 465
13 212
13 215
13 223
13 486
13 233
13 238
13 241
14 263
14 140
14 142
14 15
14 16
14 273
14 18
14 19
14 148
14 150
14 23
14 25
14 179
14 175
14 387
14 31
14 160
14 33
14 35
14 386
14 134
14 38
14 40
14 444
14 159
14 47
14 48
14 136
14 51
14 52
14 53
14 54
14 55
14 308
14 59
14 60
14 138
14 63
14 192
14 322
14 69
14 70
14 225
14 328
14 74
14 75
14 78
14 141
14 464
14 209
14 341
14 441
14 309
14 347
14 220
14 477
14 95
14 96
14 97
14 99
14 229
14 359
14 488
14 421
14 364
14 109
14 310
14 115
14 281
14 125
14 254
14 469
15 263
15 136
15 140
15 258
15 465
15 19
15 448
15 149
15 150
15 24
15 25
15 27
15 388
15 286
15 133
15 34
15 36
15 262
15 38
15 39
15 389
15 42
15 43
15 44
15 392
15 178
15 51
15 53
15 58
15 59
15 61
15 64
15 321
15 67
15 70
15 456
15 396
15 205
15 79
15 80
15 81
15 466
15 84
15 86
15 216
15 92
15 222
15 100
15 101
15 102
15 103
15 488
15 105
15 106
15 363
15 237
15 114
15 121
15 378
15 251
15 124
16 365
16 17
16 18
16 259
16 20
16 25
16 153
16 282
16 28
16 29
16 325
16 419
16 36
16 166
16 41
16 42
16 44
16 93
16 48
16 305
16 50
16 435
16 56
16 313
16 59
16 475
16 324
16 69
16 70
16 78
16 335
16 440
16 473
16 470
16 292
16 465
16 221
16 224
16 356
16 103
16 231
16 146
16 239
16 114
16 285
16 373
16 297
16 248
16 253
16 132
17 392
17 145
17 146
17 19
17 148
17 21
17 25
17 24
17 153
17 154
17 155
17 412
17 26
17 30
17 162
17 36
17 37
17 295
17 129
17 170
17 44
17 45
17 176
17 305
17 273
17 51
17 53
17 56
17 186
17 60
17 138
17 191
17 320
17 69
17 130
17 73
17 205
17 222
17 343
17 93
17 94
17 421
17 352
17 227
17 102
17 103
17 232
17 316
17 236
17 402
17 434
17 241
17 250
17 447
17 149
18 137
18 143
18 412
18 405
18 151
18 132
18 26
18 27
18 28
18 29
18 30
18 31
18 133
18 164
18 295
18 297
18 42
18 455
18 44
18 45
18 46
18 177
18 52
18 158
18 55
18 440
18 185
18 58
18 62
18 53
18 195
18 353
18 201
18 75
18 461
18 78
18 207
18 80
18 82
18 301
18 142
18 292
18 90
18 475
18 350
18 97
18 102
18 360
18 108
18 237
18 494
18 400
18 339
18 318
18 319
18 170
18 85
19 258
19 274
19 394
19 495
19 24
19 26
19 303
19 30
19 51
19 160
19 33
19 266
19 420
19 168
19 297
19 426
19 327
19 353
19 45
19 47
19 264
19 128
19 138
19 137
19 440
19 57
19 58
19 189
19 318
19 64
19 32
19 322
19 67
19 481
19 71
19 457
19 55
19 77
19 291
19 341
19 88
19 219
19 97
19 61
19 99
19 234
19 109
19 238
19 111
19 368
19 114
19 243
19 244
20 268
20 145
20 147
20 148
20 21
20 22
20 24
20 26
20 27
20 29
20 286
20 161
20 162
20 35
20 164
20 38
20 39
20 424
20 41
20 42
20 263
20 257
20 45
20 46
20 128
20 180
20 437
20 300
20 57
20 58
20 428
20 60
20 202
20 319
20 448
20 193
20 195
20 71
20 201
20 74
20 331
20 76
20 207
20 80
20 209
20 86
20 313
20 344
20 218
20 220
20 349
20 222
20 100
20 487
20 232
20 106
20 237
20 367
20 113
20 114
20 403
20 204
20 119
20 378
20 381
20 382
20 127
21 385
21 137
21 395
21 141
21 399
21 22
21 152
21 25
21 284
21 261
21 161
21 35
21 296
21 44
21 431
21 48
21 54
21 393
21 184
21 58
21 287
21 481
21 65
21 325
21 289
21 72
21 336
21 419
21 340
21 470
21 216
21 92
21 97
21 228
21 145
21 105
21 231
21 108
21 109
21 369
21 115
21 247
21 120
22 300
22 469
22 415
22 145
22 147
22 409
22 26
22 284
22 285
22 159
22 35
22 37
22 294
22 39
22 40
22 41
22 43
22 44
22 47
22 49
22 50
22 180
22 54
22 55
22 440
22 31
22 316
22 446
22 323
22 325
22 71
22 456
22 470
22 74
22 460
22 78
22 79
22 80
22 81
22 82
22 339
22 462
22 334
22 463
22 218
22 219
22 479
22 352
22 225
22 187
22 100
22 273
22 489
22 106
22 364
22 109
22 336
22 119
22 122
22 254
22 149
23 271
23 272
23 274
23 269
23 132
23 47
23 284
23 29
23 31
23 34
23 36
23 37
23 38
23 168
23 41
23 257
23 302
23 175
23 287
23 178
23 179
23 180
23 350
23 137
23 56
23 186
23 187
23 444
23 312
23 196
23 69
23 73
23 203
23 76
23 162
23 334
23 141
23 81
23 88
23 412
23 93
23 222
23 354
23 315
23 101
23 102
23 361
23 363
23 402
23 110
23 245
23 247
23 121
23 250
23 253
24 299
24 260
24 138
24 269
24 384
24 73
24 345
24 280
24 25
24 27
24 32
24 33
24 34
24 411
24 164
24 198
24 38
24 424
24 135
24 44
24 302
24 48
24 51
24 436
24 438
24 137
24 56
24 58
24 61
24 406
24 160
24 195
24 69
24 70
24 199
24 454
24 201
24 458
24 75
24 78
24 209
24 338
24 211
24 84
24 457
24 36
24 271
24 223
24 97
24 482
24 356
24 230
24 321
24 361
24 234
24 363
24 440
24 115
24 391
24 375
25 128
25 345
25 26
25 27
25 282
25 287
25 164
25 37
25 168
25 263
25 172
25 47
25 50
25 58
25 266
25 192
25 193
25 66
25 331
25 69
25 470
25 203
25 461
25 81
25 339
25 84
25 142
25 214
25 459
25 89
25 94
25 224
25 359
25 360
25 234
25 110
25 495
25 241
25 114
25 285
25 374
25 120
25 270
25 124
25 125
26 273
26 152
26 103
26 412
26 29
26 30
26 491
26 166
26 425
26 171
26 44
26 157
26 55
26 312
26 185
26 187
26 62
26 64
26 70
26 71
26 439
26 77
26 207
26 210
26 468
26 85
26 349
26 225
26 483
26 486
26 276
26 145
26 231
26 366
26 373
26 247
26 121
26 251
26 455
26 127
27 264
27 143
27 451
27 149
27 154
27 155
27 412
27 29
27 415
27 32
27 418
27 164
27 39
27 300
27 157
27 434
27 132
27 58
27 59
27 60
27 449
27 67
27 452
27 69
27 200
27 459
27 460
27 334
27 79
27 210
27 378
27 353
27 247
27 376
27 377
27 122
27 383
28 257
28 403
28 149
28 279
28 132
28 285
28 35
28 386
28 454
28 169
28 173
28 46
28 47
28 304
28 128
28 54
28 58
28 190
28 198
28 71
28 76
28 205
28 78
28 207
28 211
28 342
28 144
28 98
28 355
28 146
28 366
28 114
28 467
28 246
29 139
29 174
29 324
29 412
29 31
29 160
29 33
29 290
29 35
29 294
29 129
29 41
29 274
29 44
29 45
29 46
29 483
29 334
29 56
29 57
29 296
29 395
29 68
29 75
29 418
29 291
29 336
29 312
29 211
29 85
29 214
29 221
29 96
29 353
29 355
29 358
29 364
29 237
29 40
29 115
29 244
29 170
29 377
29 123
29 252
29 42
30 470
30 413
30 197
30 160
30 162
30 36
30 37
30 39
30 425
30 42
30 299
30 69
30 72
30 73
30 76
30 205
30 207
30 336
30 341
30 43
30 384
30 348
30 224
30 131
30 102
30 362
30 496
30 372
30 118
30 121
30 127
30 253
30 85
31 266
31 472
31 147
31 260
31 158
31 35
31 165
31 40
31 42
31 50
31 181
31 312
31 57
31 318
31 63
31 320
31 65
31 407
31 70
31 339
31 142
31 216
31 37
31 352
31 98
31 228
31 485
31 489
31 490
31 274
31 495
31 371
31 244
31 120
31 123
31 126
32 129
32 140
32 152
32 150
32 132
32 410
32 160
32 40
32 135
32 44
32 431
32 305
32 52
32 53
32 329
32 56
32 57
32 186
32 443
32 190
32 64
32 67
32 72
32 78
32 397
32 464
32 81
32 83
32 469
32 43
32 478
32 223
32 97
32 356
32 485
32 231
32 360
32 491
32 241
32 253
33 131
33 136
33 144
33 280
33 132
33 155
33 133
33 160
33 422
33 295
33 40
33 135
33 428
33 174
33 176
33 50
33 51
33 308
33 181
33 265
33 184
33 244
33 186
33 187
33 71
33 129
33 74
33 76
33 77
33 209
33 338
33 58
33 86
33 93
33 98
33 59
33 391
33 491
33 493
33 366
33 115
33 204
33 120
33 127
34 132
34 391
34 73
34 78
34 208
34 120
34 146
34 131
34 448
34 85
34 86
34 90
34 130
34 274
34 489
34 262
34 233
34 234
34 45
34 430
34 288
34 425
34 56
34 316
34 61
34 126
35 470
35 193
35 136
35 74
35 476
35 271
35 320
35 146
35 188
35 408
35 100
35 155
35 95
35 326
35 227
35 36
35 134
35 230
35 113
35 124
35 196
35 200
35 432
35 49
35 211
35 55
35 57
35 60
35 125
35 85
36 139
36 398
36 147
36 491
36 159
36 417
36 39
36 41
36 299
36 44
36 430
36 55
36 56
36 57
36 287
36 330
36 62
36 67
36 197
36 198
36 74
36 183
36 81
36 341
36 470
36 88
36 218
36 271
36 93
36 228
36 489
36 106
36 295
36 372
36 118
36 120
36 122
36 123
36 253
37 390
37 392
37 45
37 141
37 237
37 275
37 276
37 405
37 363
37 157
37 160
37 164
37 40
37 42
37 427
37 301
37 178
37 307
37 52
37 53
37 183
37 440
37 287
37 60
37 458
37 319
37 198
37 258
37 76
37 77
37 470
37 219
37 223
37 97
37 483
37 233
37 107
37 109
37 110
37 368
37 369
37 372
37 120
38 260
38 340
38 76
38 339
38 142
38 346
38 79
38 283
38 421
38 39
38 104
38 444
38 44
38 200
38 475
38 184
38 84
38 316
38 61
38 62
38 149
39 65
39 335
39 207
39 271
39 146
39 163
39 281
39 68
39 94
39 159
39 272
39 354
39 99
39 193
39 43
39 336
39 241
39 50
39 459
39 184
39 316
39 234
39 126
39 195
40 471
40 271
40 405
40 292
40 497
40 297
40 428
40 285
40 50
40 308
40 310
40 184
40 185
40 187
40 319
40 66
40 68
40 54
40 70
40 327
40 77
40 338
40 215
40 216
40 218
40 399
40 92
40 95
40 485
40 235
40 365
40 113
40 123
40 380
41 390
41 128
41 402
41 405
41 153
41 164
41 167
41 168
41 170
41 43
41 44
41 45
41 46
41 176
41 49
41 179
41 52
41 137
41 58
41 445
41 323
41 71
41 73
41 462
41 81
41 89
41 474
41 93
41 223
41 355
41 103
41 107
41 367
41 426
42 260
42 136
42 270
42 273
42 151
42 153
42 154
42 164
42 113
42 169
42 274
42 327
42 340
42 48
42 53
42 55
42 57
42 188
42 197
42 199
42 81
42 84
42 398
42 87
42 384
42 92
42 337
42 104
42 233
42 106
42 107
42 109
42 496
42 241
42 105
42 121
42 383
43 270
43 88
43 259
43 367
43 295
43 327
43 302
43 48
43 54
43 185
43 61
43 318
43 197
43 130
43 199
43 457
43 75
43 482
43 79
43 80
43 470
43 344
43 90
43 347
43 223
43 97
43 98
43 105
43 106
43 387
43 493
43 111
43 496
43 123
44 193
44 138
44 268
44 278
44 45
44 48
44 50
44 52
44 55
44 314
44 59
44 189
44 318
44 63
44 65
44 194
44 199
44 204
44 207
44 80
44 214
44 94
44 99
44 100
44 357
44 434
44 112
44 385
44 374
44 122
45 132
45 73
45 152
45 410
45 155
45 159
45 417
45 419
45 146
45 49
45 51
45 137
45 56
45 185
45 60
45 65
45 455
45 201
45 74
45 75
45 162
45 338
45 220
45 482
45 259
45 105
45 234
45 109
45 496
45 369
45 250
46 128
46 171
46 71
46 343
46 460
46 476
46 80
46 82
46 404
46 85
46 235
46 69
46 456
46 97
46 226
46 99
46 100
46 362
46 135
46 300
46 272
46 49
46 242
46 51
46 119
46 57
46 479
46 124
46 149
47 131
47 262
47 272
47 146
47 150
47 161
47 294
47 167
47 326
47 264
47 270
47 52
47 308
47 192
47 68
47 70
47 457
47 75
47 205
47 207
47 338
47 84
47 85
47 471
47 91
47 93
47 222
47 96
47 229
47 230
47 235
47 333
47 403
47 374
47 340
47 380
48 75
48 261
48 257
48 130
48 205
48 453
48 269
48 86
48 87
48 410
48 311
48 326
48 276
48 445
48 49
48 309
48 73
48 137
48 58
48 426
48 405
49 67
49 406
49 456
49 394
49 77
49 206
49 141
49 209
49 147
49 57
49 355
49 490
49 235
49 367
49 59
49 436
49 187
49 121
49 123
50 245
50 198
50 205
50 91
50 388
50 350
50 288
50 483
50 230
50 144
50 359
50 174
50 111
50 304
50 108
50 114
50 243
50 53
50 183
50 120
50 59
50 380
50 317
50 63
51 131
51 133
51 135
51 320
51 148
51 430
51 160
51 262
51 424
51 306
51 60
51 192
51 416
51 66
51 195
51 246
51 200
51 201
51 208
51 348
51 105
51 235
51 365
51 110
51 367
51 242
51 244
51 118
51 376
51 125
52 267
52 388
52 326
52 64
52 386
52 288
52 147
52 340
52 157
52 158
52 420
52 102
52 360
52 491
52 493
52 307
52 111
52 328
52 115
52 244
52 308
52 316
52 189
53 267
53 130
53 144
53 259
53 149
53 415
53 393
53 290
53 165
53 294
53 405
53 172
53 174
53 435
53 55
53 312
53 351
53 61
53 446
53 64
53 194
53 395
53 197
53 201
53 81
53 338
53 83
53 430
53 474
53 348
53 94
53 97
53 465
53 235
53 82
53 494
53 115
53 119
53 277
54 68
54 70
54 113
54 458
54 273
54 81
54 427
54 211
54 89
54 233
54 86
54 387
54 94
54 96
54 145
54 294
54 103
54 108
54 239
54 432
54 104
54 452
54 469
54 119
54 57
54 378
54 189
54 383
55 482
55 284
55 286
55 287
55 176
55 136
55 57
55 188
55 65
55 323
55 74
55 77
55 212
55 89
55 222
55 223
55 226
55 357
55 232
55 105
55 370
55 371
55 119
55 120
55 377
55 379
55 126
55 255
56 69
56 71
56 73
56 469
56 78
56 210
56 84
56 85
56 214
56 164
56 218
56 92
56 222
56 95
56 272
56 355
56 101
56 156
56 106
56 197
56 353
56 175
56 128
56 122
56 170
56 62
56 63
57 133
57 139
57 366
57 298
57 299
57 415
57 287
57 61
57 62
57 191
57 320
57 416
57 68
57 71
57 72
57 73
57 75
57 464
57 338
57 467
57 85
57 474
57 219
57 92
57 97
57 59
57 100
57 491
57 238
57 120
57 250
58 130
58 142
58 151
58 152
58 156
58 414
58 159
58 475
58 262
58 181
58 192
58 70
58 201
58 375
58 210
58 483
58 216
58 90
58 384
58 408
58 99
58 243
58 244
58 251
59 271
59 82
59 403
59 121
59 88
59 89
59 91
59 395
59 357
59 177
59 296
59 170
59 225
59 306
59 372
59 438
59 442
59 124
59 446
60 135
60 128
60 399
60 147
60 149
60 162
60 294
60 302
60 266
60 178
60 182
60 314
60 190
60 196
60 325
60 73
60 141
60 419
60 212
60 100
60 359
60 109
60 238
60 240
60 140
60 115
60 276
60 127
61 261
61 449
61 395
61 87
61 68
61 377
61 351
61 237
61 161
61 230
61 233
61 109
61 243
61 188
61 63
62 451
62 262
62 199
62 204
62 450
62 144
62 273
62 146
62 67
62 340
62 203
62 215
62 155
62 478
62 133
62 359
62 323
62 402
62 176
62 136
62 131
62 183
62 378
62 187
62 380
62 254
63 135
63 456
63 394
63 77
63 141
63 401
63 471
63 345
63 413
63 288
63 231
63 360
63 234
63 238
63 287
63 179
63 311
63 187
64 324
64 128
64 420
64 334
64 88
64 132
64 91
64 387
64 95
64 164
64 171
64 108
64 477
64 433
64 383
64 479
64 123
64 126
64 319
65 67
65 455
65 264
65 128
65 203
65 320
65 81
65 148
65 410
65 154
65 348
65 282
65 286
65 160
65 336
65 226
65 448
65 292
65 357
65 487
65 174
65 112
65 394
65 253
65 126
66 71
66 262
66 205
66 83
66 85
66 406
66 92
66 197
66 261
66 198
66 325
66 103
66 275
66 236
66 470
66 116
66 137
66 377
67 70
67 192
67 256
67 144
67 87
67 157
67 222
67 357
67 177
67 454
67 108
67 110
67 136
67 380
67 383
68 470
68 483
68 141
68 81
68 463
68 147
68 84
68 213
68 150
68 377
68 283
68 92
68 197
68 347
68 420
68 390
68 102
68 220
68 108
68 419
68 240
68 242
68 244
68 406
69 70
69 267
69 499
69 367
69 448
69 85
69 86
69 421
69 482
69 99
69 422
69 326
69 358
69 425
69 427
69 174
69 113
69 467
69 334
69 117
69 311
69 372
69 217
69 373
70 139
70 152
70 384
70 387
70 405
70 86
70 343
70 484
70 283
70 218
70 280
70 99
70 472
70 485
70 358
70 167
70 117
70 119
70 185
71 339
71 327
71 200
71 386
71 120
71 277
71 280
71 290
71 347
71 90
71 197
71 98
71 355
71 109
71 83
71 436
71 181
71 233
71 123
71 188
71 317
72 198
72 74
72 203
72 77
72 209
72 497
72 139
72 473
72 283
72 92
72 328
72 448
72 337
72 136
72 414
72 182
72 393
72 122
73 128
73 453
73 449
73 143
73 275
73 413
73 165
73 401
73 182
73 265
73 250
73 317
73 383
74 258
74 204
74 207
74 89
74 265
74 158
74 288
74 393
74 298
74 174
74 305
74 435
74 185
74 190
75 194
75 460
75 175
75 400
75 441
75 356
75 91
75 220
75 93
75 478
75 133
75 96
75 353
75 100
75 232
75 316
75 362
75 115
75 244
75 124
76 451
76 262
76 137
76 205
76 83
76 456
76 196
76 154
76 207
76 92
76 101
76 105
76 235
76 173
76 431
76 113
76 242
76 123
77 341
77 248
77 83
77 85
77 150
77 153
77 91
77 156
77 442
77 211
77 96
77 187
77 113
77 231
77 364
77 445
77 136
77 123
77 125
77 382
78 260
78 481
78 80
78 90
78 475
78 476
78 236
78 122
79 115
79 394
79 333
79 146
79 407
79 218
79 155
79 158
79 393
79 100
79 172
79 307
79 245
79 119
80 324
80 389
80 129
80 264
80 279
80 81
80 227
80 87
80 452
80 143
80 161
80 99
80 485
80 487
80 233
80 106
80 113
80 117
80 189
80 127
81 200
81 143
81 130
81 252
81 404
81 196
81 91
81 227
81 180
81 151
81 215
82 115
82 198
82 199
82 328
82 138
82 461
82 273
82 150
82 154
82 410
82 357
82 225
82 226
82 227
82 292
82 134
82 168
82 327
82 109
82 110
82 179
82 479
83 321
83 386
83 145
83 84
83 474
83 463
83 351
83 165
83 166
83 103
83 167
83 305
83 140
83 372
83 245
83 117
84 480
84 387
84 325
84 204
84 205
84 206
84 450
84 88
84 406
84 215
84 89
84 349
84 224
84 168
84 233
84 455
84 365
84 175
84 296
84 251
84 255
85 257
85 137
85 208
85 99
85 213
85 354
85 239
85 130
85 225
85 198
85 422
85 305
85 421
85 238
85 434
86 323
86 398
86 400
86 211
86 282
86 227
86 103
86 232
86 106
86 491
86 289
86 111
86 456
86 351
86 443
87 454
87 340
87 151
87 92
87 222
87 352
87 100
87 104
87 425
87 240
87 360
87 242
87 445
87 276
87 125
87 126
88 407
88 197
88 193
88 329
88 395
88 269
88 143
88 463
88 152
88 356
88 219
88 93
88 293
88 230
88 242
88 179
88 243
88 340
88 189
89 454
89 256
89 143
89 144
89 384
89 150
89 473
89 163
89 263
89 492
89 404
89 266
90 128
90 438
90 457
90 141
90 205
90 400
90 107
90 334
90 491
90 413
90 223
90 288
90 225
90 100
90 103
90 253
90 176
90 246
90 125
90 127
91 459
91 199
91 140
91 404
91 325
91 354
91 355
91 293
91 423
91 104
91 234
91 492
91 136
91 121
91 250
91 490
92 256
92 194
92 450
92 282
92 476
92 95
92 354
92 363
92 304
92 372
92 121
93 279
93 457
93 208
93 203
93 281
93 167
93 231
93 236
93 437
93 138
93 345
94 193
94 321
94 201
94 202
94 139
94 333
94 148
94 366
94 482
94 484
94 238
94 118
94 119
94 184
94 185
94 187
94 247
95 204
95 476
95 148
95 279
95 473
95 220
95 158
95 325
95 438
95 493
95 367
95 296
95 118
95 311
95 122
95 383
96 193
96 404
96 206
96 215
96 284
96 224
96 100
96 357
96 167
96 297
96 231
96 374
96 382
97 320
97 179
97 199
97 204
97 140
97 208
97 147
97 150
97 225
97 287
97 161
97 342
97 168
97 169
97 360
97 297
98 385
98 462
98 337
98 211
98 343
98 154
98 287
98 163
98 356
98 167
98 380
98 109
98 235
98 316
98 383
99 264
99 395
99 206
99 401
99 342
99 153
99 475
99 292
99 373
100 259
100 391
100 270
100 274
100 153
100 291
100 134
100 299
100 301
100 174
100 179
100 192
100 454
100 476
100 221
100 352
100 225
100 356
100 241
100 244
100 122
100 126
100 277
101 331
101 455
101 392
101 148
101 279
101 196
101 346
101 414
101 481
101 170
101 236
101 109
101 112
101 114
101 243
101 254
101 120
101 185
102 457
102 138
102 274
102 339
102 279
102 261
102 161
102 440
102 104
102 297
102 364
102 373
102 248
102 185
102 123
103 137
103 138
103 399
103 397
103 143
103 289
103 230
103 427
103 300
103 435
103 245
103 184
104 465
104 200
104 175
104 111
104 112
104 352
104 261
105 193
105 333
105 273
105 402
105 278
105 344
105 154
105 486
105 455
105 308
105 201
105 435
105 396
105 119
105 255
106 195
106 260
106 326
106 128
106 459
106 402
106 153
106 228
106 218
106 219
106 159
106 365
106 177
106 179
106 281
107 451
107 257
107 471
107 176
107 146
107 356
107 284
107 234
107 229
108 146
108 485
108 276
108 137
108 246
109 200
109 138
109 203
109 130
109 340
109 216
109 112
109 437
109 119
109 376
109 293
109 379
110 209
110 259
110 279
110 410
110 158
110 419
110 380
110 364
110 466
110 113
110 136
110 123
110 316
110 264
110 447
111 360
111 195
111 481
111 142
111 209
111 183
111 180
111 235
111 395
111 254
111 191
112 113
112 166
112 143
112 306
112 307
112 292
113 198
113 328
113 206
113 333
113 320
113 429
113 282
113 228
113 486
113 173
113 498
113 114
113 179
113 426
114 195
114 179
114 332
114 147
114 470
114 348
114 413
114 289
114 422
114 233
114 176
114 123
114 126
115 260
115 141
115 320
115 461
115 399
115 232
115 298
115 199
115 172
115 495
115 270
115 181
115 182
115 183
115 186
116 416
116 426
116 172
116 206
116 365
116 144
116 338
116 243
116 415
116 469
116 152
116 185
116 347
116 285
116 383
117 288
117 374
117 398
117 497
117 182
117 395
117 282
117 475
117 126
117 351
118 134
118 199
118 206
118 131
118 152
118 345
118 353
118 162
118 486
118 263
118 241
118 372
118 158
118 479
118 351
118 253
118 254
119 324
119 262
119 398
119 210
119 287
119 160
119 355
119 171
119 376
119 212
119 314
120 320
120 142
120 212
120 407
120 155
120 135
120 383
120 334
120 254
120 127
121 139
121 145
121 277
121 345
121 348
121 480
121 366
121 265
121 234
122 448
122 455
122 201
122 202
122 203
122 140
122 322
122 400
122 339
122 281
122 291
122 167
122 170
122 427
122 175
122 328
122 371
122 415
122 253
122 484
123 194
123 132
123 332
123 144
123 451
123 213
123 336
123 187
123 454
123 370
123 447
123 436
123 245
123 393
123 159
123 296
123 277
124 327
124 392
124 137
124 128
124 239
124 210
124 300
124 151
124 186
124 234
124 215
125 263
125 202
125 271
125 216
125 217
125 282
125 415
125 353
125 294
125 300
125 494
125 349
125 240
125 417
125 185
125 444
125 317
125 382
126 458
126 141
126 320
126 149
126 278
126 219
126 232
126 176
126 184
126 446
127 386
127 161
127 141
127 215
127 472
127 409
127 335
127 448
127 252
127 455
127 136
127 246
127 319
128 261
128 491
128 398
128 278
128 444
128 351
128 354
128 299
128 367
129 226
129 201
129 170
129 268
129 150
129 284
129 223
130 324
130 390
130 233
130 357
130 300
130 337
130 355
130 404
130 184
130 477
131 182
131 161
131 141
131 147
131 356
131 217
131 201
131 284
131 164
131 165
131 295
131 491
131 174
131 178
131 414
131 137
132 455
132 138
132 167
132 397
132 305
132 245
132 461
133 134
133 321
133 266
133 268
133 148
133 333
133 207
133 364
133 338
133 494
133 180
133 317
134 198
134 465
134 459
134 320
134 145
134 244
134 342
134 312
134 494
134 286
134 421
135 416
135 322
135 326
135 353
135 206
135 155
135 478
135 420
135 301
135 437
135 246
135 191
136 341
136 321
136 440
136 274
136 195
136 283
136 164
136 454
136 297
136 238
136 184
136 313
136 444
137 209
137 270
137 145
137 229
137 166
137 178
137 377
138 207
138 158
138 274
138 491
138 172
138 177
138 180
138 245
138 268
138 376
138 255
139 321
139 359
139 267
139 484
139 430
139 417
139 371
139 196
140 321
140 297
140 199
140 476
140 144
140 412
141 364
141 278
141 196
141 351
141 160
141 483
141 486
141 389
141 234
141 236
141 494
141 415
141 187
142 194
142 482
142 145
142 214
142 250
142 224
142 161
142 354
142 356
142 230
142 365
142 180
142 439
142 166
143 198
143 206
143 151
143 158
143 289
143 354
143 236
143 338
143 245
143 316
143 255
144 194
144 402
144 219
144 415
144 175
144 287
144 268
144 251
144 445
145 326
145 332
145 343
145 219
145 156
145 229
145 236
145 243
145 189
146 320
146 389
146 460
146 339
146 213
146 348
146 156
146 157
146 350
146 295
146 170
146 310
146 378
146 188
146 317
146 447
147 266
147 300
147 434
147 479
147 186
148 228
148 353
148 158
148 260
148 154
148 315
149 193
149 280
149 284
149 221
149 167
149 297
149 362
149 242
149 307
150 224
150 199
150 394
150 160
150 268
150 209
150 259
150 340
150 409
150 154
150 155
150 395
150 475
150 412
150 170
150 494
150 499
151 160
151 422
151 166
151 444
151 173
151 461
151 365
151 213
151 248
151 205
151 234
152 256
152 324
152 197
152 258
152 208
152 275
152 471
152 282
152 286
152 236
152 499
153 456
153 203
153 272
153 291
153 278
153 356
153 442
153 223
153 224
153 355
153 431
153 180
153 169
153 248
153 378
153 159
154 344
154 220
154 389
154 475
154 165
154 422
154 273
154 171
154 300
154 238
154 361
154 415
154 188
154 426
154 191
155 454
155 202
155 336
155 404
155 415
155 261
155 160
155 244
155 374
155 187
156 199
156 170
156 210
156 243
156 341
156 233
156 445
156 330
157 384
157 201
157 269
157 240
157 169
157 408
157 394
157 485
158 409
158 197
158 464
158 403
158 343
158 388
158 162
159 427
159 176
159 306
159 169
159 330
160 200
160 457
160 272
160 297
160 175
160 178
160 495
160 414
161 269
161 210
161 195
161 448
161 369
161 400
161 435
161 245
161 183
162 358
162 194
162 215
162 365
162 380
162 437
163 488
163 194
163 303
163 209
163 371
163 212
163 431
164 206
164 376
164 195
164 410
164 484
164 232
164 242
164 179
164 250
165 419
165 455
165 447
165 279
165 340
165 185
165 443
165 316
165 221
166 167
166 171
166 417
166 270
166 250
167 409
167 196
167 474
167 175
167 222
167 442
167 359
167 182
167 233
167 376
168 393
168 458
168 499
168 464
168 342
168 220
168 325
169 290
169 201
169 272
169 257
169 372
169 252
169 446
170 203
170 405
170 278
170 215
170 420
170 358
170 488
170 455
171 498
171 175
171 304
171 189
171 178
171 371
171 219
172 340
172 489
172 212
172 415
173 385
173 268
173 426
173 285
173 319
174 327
174 270
174 338
174 277
174 214
174 287
174 480
174 486
174 233
174 370
174 312
175 422
175 198
175 484
175 239
175 248
175 180
175 231
175 229
176 423
176 456
176 482
176 353
176 403
176 457
176 231
177 193
177 295
177 268
177 463
177 345
177 410
177 475
178 464
178 457
178 452
178 360
178 201
178 266
178 460
178 462
178 259
178 379
178 394
179 193
179 459
179 220
179 370
179 301
179 180
179 311
179 313
180 284
180 422
180 293
180 294
180 232
180 361
180 364
180 429
180 307
180 368
180 243
181 269
181 467
181 468
181 245
181 287
181 414
182 291
182 487
182 237
182 259
182 245
183 296
183 424
183 286
183 214
183 384
183 445
184 282
184 375
184 216
184 221
184 255
185 290
185 282
185 421
185 381
186 266
186 343
186 194
186 403
186 342
186 291
186 252
186 215
186 405
187 451
187 392
187 321
187 207
187 367
187 251
188 482
188 412
188 460
188 256
188 335
188 348
188 190
188 426
189 460
189 196
189 487
189 201
189 493
189 469
189 332
189 216
190 452
190 453
190 291
190 235
190 195
190 316
190 426
191 474
191 369
191 429
192 434
192 309
192 345
192 447
193 406
193 279
193 248
194 233
194 290
194 212
194 235
194 364
194 377
195 347
195 262
195 400
195 301
195 393
195 397
195 315
195 252
196 265
196 476
196 351
196 286
196 261
197 207
197 273
197 269
197 271
197 282
197 344
197 438
197 404
197 318
198 235
198 376
199 444
200 323
201 452
201 394
201 459
201 216
202 225
202 325
202 424
202 322
202 479
203 418
203 266
203 378
203 419
203 293
204 450
204 268
204 306
204 403
204 213
204 300
204 255
205 304
205 459
205 234
205 267
206 484
206 365
206 436
206 346
207 385
207 236
207 219
207 232
207 265
207 248
207 330
208 480
208 440
208 225
208 321
208 368
208 376
208 309
209 396
209 226
209 493
210 355
210 474
210 242
210 465
210 498
210 222
211 323
211 261
211 393
211 465
211 345
211 459
211 352
211 481
211 486
211 491
211 300
211 414
212 312
212 428
213 257
213 258
213 291
213 445
213 245
214 326
214 233
214 471
214 237
214 285
214 350
214 421
215 260
215 457
215 330
216 315
216 230
216 234
216 494
216 250
216 283
217 258
217 228
217 291
217 490
217 219
218 263
218 428
218 430
218 296
218 466
218 442
218 252
218 485
219 359
219 494
219 221
220 322
220 423
220 231
220 492
220 239
220 328
220 354
220 444
221 226
221 347
221 486
221 297
221 330
221 320
221 306
221 310
221 479
222 364
222 303
222 285
223 323
223 325
223 393
223 292
223 283
223 228
223 487
223 445
223 383
224 486
224 299
224 305
224 318
225 230
225 270
225 435
225 311
225 383
226 357
226 362
226 246
227 267
227 429
227 307
227 281
227 286
228 360
228 372
228 307
228 442
228 254
229 389
229 353
229 447
230 233
230 330
230 492
230 494
231 321
231 469
231 352
231 468
231 479
231 245
231 443
231 446
232 300
232 240
232 468
233 325
233 294
233 467
233 476
233 393
234 492
234 272
235 372
236 473
236 316
236 287
238 385
238 420
238 265
238 367
238 361
239 427
239 292
239 389
239 299
239 301
239 275
239 308
239 312
239 313
239 463
240 301
240 299
240 269
240 271
241 307
242 353
242 385
242 334
242 453
243 320
243 358
243 300
243 297
244 257
244 490
244 295
244 272
244 292
245 454
245 270
245 260
245 416
245 357
245 487
245 315
246 419
246 328
246 257
246 495
246 496
246 417
246 344
246 251
247 328
247 395
247 428
247 272
247 250
247 309
248 367
249 408
249 495
249 251
250 299
250 485
250 365
250 280
250 471
251 329
251 461
251 434
252 269
252 355
252 399
252 367
252 316
253 295
253 495
253 344
253 484
254 385
254 424
254 332
255 482
255 278
255 266
255 485
255 304
255 479
256 304
256 291
256 404
256 478
257 428
257 284
257 379
258 439
258 414
259 482
259 425
259 431
259 420
259 324
259 314
260 265
260 414
260 382
261 449
261 338
261 312
261 286
261 416
262 312
262 324
262 409
263 292
263 264
263 425
264 494
265 423
265 398
265 314
266 347
266 399
266 479
266 414
267 290
267 360
267 302
267 397
267 473
268 322
268 292
268 424
268 487
268 456
268 474
269 398
269 399
269 403
269 349
269 302
269 498
269 467
269 375
270 489
270 453
270 348
271 455
271 342
271 356
272 322
272 395
272 485
272 437
272 327
273 492
273 341
273 283
274 416
274 485
274 298
275 302
275 497
275 402
275 452
275 475
275 349
275 351
276 290
276 355
276 295
276 329
276 367
276 468
276 280
277 423
277 371
278 496
278 377
278 492
279 283
279 456
279 471
279 375
279 286
280 322
280 335
280 400
280 380
281 450
281 457
281 480
281 315
282 391
282 454
282 465
282 414
283 454
283 411
285 321
285 411
286 332
286 433
286 345
286 444
287 329
287 368
287 470
287 346
288 359
288 301
289 318
290 418
290 476
291 482
291 294
291 334
291 304
292 433
292 306
292 335
293 440
294 331
294 396
294 369
294 419
294 459
295 449
295 395
296 384
296 443
296 330
296 378
296 435
296 468
297 355
297 434
297 494
297 401
297 415
298 484
298 358
298 386
298 462
298 405
298 347
299 483
299 345
299 479
300 493
300 312
301 327
301 455
301 333
301 354
302 330
303 466
304 312
304 381
305 485
305 339
305 455
305 436
306 448
306 367
306 337
306 381
307 387
307 333
308 480
308 406
308 471
308 441
309 335
309 423
309 311
309 449
310 357
310 479
310 429
310 392
312 495
313 338
313 395
314 456
314 431
314 338
314 319
315 448
315 356
315 355
315 476
316 334
316 440
316 475
317 459
317 388
317 364
317 444
317 361
318 494
318 352
318 349
319 354
319 479
320 392
320 429
320 334
320 381
321 453
321 398
321 373
321 425
321 413
322 354
322 357
322 336
322 462
322 350
322 453
323 358
323 492
324 431
324 465
324 435
324 406
324 348
325 356
325 402
327 419
327 339
327 329
327 438
327 416
328 444
328 342
328 350
329 469
330 438
330 475
331 347
331 414
331 421
332 435
332 385
332 389
333 492
333 434
333 461
334 455
334 427
335 400
335 418
335 416
335 429
335 355
335 447
336 480
336 363
336 353
336 440
336 346
336 380
337 457
338 359
338 351
339 486
339 416
339 407
340 475
340 432
341 345
342 468
343 453
344 419
344 454
344 347
345 374
345 499
345 464
346 385
347 416
347 493
347 368
347 433
347 404
348 448
349 383
350 352
350 419
350 361
350 446
351 407
351 378
351 379
352 440
354 438
355 426
355 499
355 470
355 413
356 376
356 465
357 389
359 405
360 361
360 399
362 385
362 419
362 446
362 440
363 422
363 448
364 396
367 498
367 377
368 400
368 497
368 406
368 376
369 449
369 382
371 494
371 431
371 392
371 478
373 499
373 479
374 483
374 377
375 400
375 432
375 398
376 379
376 432
377 393
377 411
377 465
378 457
379 396
379 418
379 426
380 476
380 381
381 472
381 394
383 415
384 397
385 486
387 433
387 439
388 450
389 394
390 488
390 457
390 496
391 412
391 398
392 452
392 405
392 442
393 456
393 453
393 493
394 398
394 439
395 400
395 480
395 482
395 423
395 435
396 488
398 497
399 429
399 457
400 477
402 465
402 492
402 479
403 479
404 423
404 434
404 415
406 415
408 468
409 462
411 423
413 415
415 421
416 460
417 442
418 487
418 443
418 419
419 437
421 424
421 499
423 454
423 472
424 466
424 474
426 498
427 477
428 499
429 463
429 440
431 440
435 470
435 479
436 437
436 438
437 484
437 455
437 461
438 493
439 477
439 479
442 459
444 468
446 451
448 458
449 496
450 472
451 489
453 498
453 480
454 479
455 494
456 463
457 470
458 482
459 473
459 474
467 491
479 485
480 492
487 494
491 499
