0 1
0 2
0 3
0 4
0 5
0 6
0 7
0 8
0 9
0 10
0 11
0 12
0 13
0 14
0 15
0 16
0 17
0 18
0 19
0 20
0 21
0 22
0 23
0 24
0 25
0 26
0 27
0 28
0 29
0 30
0 31
0 32
0 33
0 34
0 35
0 36
0 37
0 38
0 39
0 40
0 41
0 42
0 43
0 44
0 45
0 46
0 47
0 48
0 49
0 50
0 51
0 52
0 53
0 54
0 55
0 56
0 57
0 58
0 59
0 60
0 61
0 62
0 63
0 64
0 65
0 66
0 67
0 68
0 69
0 70
0 71
0 72
0 73
0 74
0 75
0 76
0 77
0 78
0 81
0 82
0 83
0 84
0 85
0 86
0 87
0 88
0 90
0 91
0 92
0 93
0 95
0 98
0 99
0 100
0 101
0 103
0 105
0 106
0 111
0 112
0 113
0 115
0 116
0 117
0 118
0 121
0 122
0 125
0 128
0 130
0 131
0 134
0 139
0 140
0 141
0 145
0 147
0 149
0 153
0 154
0 155
0 157
0 158
0 159
0 163
0 164
0 166
0 169
0 172
0 173
0 174
0 175
0 181
0 185
0 186
0 187
0 189
0 191
0 192
0 196
0 198
0 199
0 200
0 203
0 204
0 205
0 207
0 208
0 210
0 211
0 212
0 213
0 216
0 217
0 218
0 219
0 220
0 221
0 223
0 224
0 226
0 227
0 228
0 230
0 232
0 236
0 238
0 239
0 241
0 242
0 244
0 251
0 253
0 254
0 255
0 256
0 257
0 258
0 259
0 261
0 263
0 264
0 268
0 270
0 275
0 281
0 282
0 283
0 286
0 287
0 289
0 294
0 300
0 302
0 304
0 311
0 323
0 324
0 328
0 329
0 332
0 341
0 344
0 345
0 360
0 371
0 373
0 374
0 376
0 377
0 384
0 386
0 388
0 390
0 403
0 408
0 410
0 412
0 417
0 428
0 430
0 439
0 443
0 451
0 454
0 458
0 461
0 469
0 470
0 476
0 478
0 479
0 489
0 493
0 499
1 256
1 2
1 3
1 4
1 5
1 6
1 7
1 8
1 9
1 10
1 11
1 12
1 13
1 14
1 15
1 16
1 17
1 18
1 19
1 20
1 21
1 22
1 23
1 24
1 25
1 26
1 27
1 28
1 29
1 30
1 31
1 32
1 33
1 34
1 35
1 36
1 37
1 38
1 39
1 40
1 42
1 43
1 44
1 45
1 46
1 303
1 48
1 49
1 51
1 52
1 479
1 55
1 56
1 59
1 60
1 61
1 62
1 68
1 69
1 77
1 78
1 337
1 84
1 87
1 89
1 91
1 350
1 97
1 98
1 394
1 102
1 316
1 108
1 110
1 318
1 118
1 120
1 123
1 381
1 392
1 387
1 132
1 133
1 390
1 136
1 364
1 138
1 397
1 142
1 461
1 401
1 147
1 148
1 366
1 150
1 151
1 156
1 282
1 414
1 325
1 416
1 162
1 164
1 423
1 167
1 412
1 430
1 431
1 178
1 388
1 181
1 447
1 195
1 197
1 202
1 205
1 206
1 207
1 210
1 214
1 471
1 472
1 476
1 221
1 223
1 228
1 294
1 486
1 235
1 241
1 499
1 246
1 251
2 3
2 4
2 5
2 6
2 7
2 8
2 9
2 10
2 11
2 12
2 13
2 14
2 15
2 16
2 17
2 18
2 19
2 20
2 21
2 22
2 24
2 25
2 27
2 28
2 29
2 30
2 31
2 33
2 34
2 35
2 36
2 37
2 40
2 41
2 43
2 48
2 307
2 52
2 53
2 55
2 56
2 61
2 309
2 64
2 321
2 66
2 326
2 73
2 76
2 83
2 100
2 102
2 103
2 105
2 107
2 109
2 111
2 113
2 372
2 374
2 375
2 120
2 122
2 125
2 128
2 320
2 131
2 260
2 135
2 136
2 137
2 139
2 141
2 143
2 146
2 403
2 404
2 161
2 419
2 165
2 168
2 427
2 172
2 431
2 177
2 436
2 186
2 187
2 449
2 194
2 452
2 198
2 332
2 217
2 489
2 490
2 238
2 240
2 243
2 297
3 131
3 4
3 5
3 6
3 7
3 8
3 9
3 10
3 11
3 12
3 13
3 14
3 15
3 16
3 17
3 18
3 19
3 20
3 21
3 22
3 23
3 24
3 25
3 26
3 29
3 30
3 31
3 32
3 33
3 34
3 35
3 36
3 262
3 43
3 45
3 328
3 181
3 219
3 66
3 130
3 71
3 194
3 140
3 258
3 205
3 173
3 339
3 270
3 87
3 88
3 429
3 152
3 91
3 349
3 280
3 95
3 144
3 408
3 100
3 357
3 102
3 209
3 259
3 361
3 492
3 237
3 403
3 150
3 427
3 377
3 251
3 125
3 254
4 5
4 6
4 7
4 8
4 9
4 10
4 11
4 12
4 13
4 14
4 16
4 17
4 18
4 148
4 21
4 320
4 23
4 478
4 25
4 27
4 28
4 29
4 416
4 36
4 166
4 40
4 42
4 299
4 176
4 51
4 52
4 53
4 184
4 313
4 442
4 192
4 62
4 63
4 64
4 449
4 66
4 67
4 256
4 75
4 334
4 207
4 81
4 338
4 139
4 472
4 435
4 218
4 91
4 92
4 350
4 351
4 144
4 489
4 106
4 238
4 498
4 115
4 118
4 120
4 121
4 378
4 319
4 254
5 261
5 6
5 7
5 8
5 9
5 10
5 11
5 12
5 13
5 14
5 16
5 17
5 18
5 19
5 20
5 24
5 25
5 26
5 27
5 29
5 32
5 40
5 43
5 296
5 307
5 177
5 179
5 52
5 54
5 55
5 314
5 60
5 191
5 64
5 65
5 71
5 72
5 73
5 311
5 403
5 268
5 335
5 211
5 91
5 476
5 199
5 480
5 97
5 355
5 100
5 365
5 111
5 368
5 241
5 115
5 373
5 118
5 248
5 379
5 264
6 7
6 8
6 9
6 10
6 11
6 12
6 13
6 142
6 15
6 19
6 20
6 21
6 23
6 25
6 282
6 27
6 26
6 491
6 36
6 37
6 168
6 57
6 186
6 187
6 60
6 64
6 70
6 334
6 269
6 80
6 81
6 342
6 94
6 102
6 489
6 107
6 114
6 115
6 122
6 379
6 281
7 257
7 9
7 10
7 11
7 14
7 15
7 16
7 18
7 20
7 21
7 345
7 27
7 346
7 29
7 30
7 159
7 32
7 418
7 35
7 36
7 39
7 47
7 48
7 49
7 50
7 51
7 155
7 438
7 312
7 59
7 160
7 70
7 79
7 80
7 81
7 466
7 211
7 89
7 218
7 480
7 229
7 230
7 337
7 363
7 110
7 112
7 113
7 118
7 276
7 382
7 127
8 9
8 10
8 11
8 12
8 14
8 45
8 144
8 387
8 21
8 23
8 24
8 388
8 26
8 27
8 156
8 30
8 31
8 34
8 35
8 261
8 421
8 40
8 41
8 43
8 173
8 177
8 128
8 155
8 53
8 58
8 63
8 73
8 334
8 79
8 80
8 210
8 341
8 350
8 223
8 225
8 100
8 230
8 103
8 361
8 108
8 319
8 121
8 378
8 251
9 273
9 397
9 14
9 15
9 16
9 17
9 19
9 20
9 21
9 24
9 29
9 160
9 36
9 172
9 176
9 49
9 51
9 53
9 442
9 315
9 192
9 66
9 68
9 70
9 200
9 403
9 464
9 89
9 91
9 224
9 229
9 103
9 497
9 147
9 246
9 120
10 128
10 11
10 13
10 205
10 208
10 88
10 19
10 196
10 470
10 24
10 25
10 26
10 91
10 413
10 30
10 453
10 33
10 67
10 347
10 131
10 37
10 38
10 97
10 40
10 41
10 436
10 430
10 72
10 403
10 52
10 183
10 57
10 70
11 76
11 12
11 142
11 15
11 280
11 18
11 19
11 20
11 21
11 24
11 153
11 271
11 221
11 30
11 34
11 379
11 228
11 422
11 276
11 39
11 455
11 257
11 466
11 111
11 112
11 50
11 52
11 53
11 457
11 185
11 123
11 117
12 73
12 128
12 66
12 333
12 400
12 17
12 18
12 67
12 21
12 446
12 196
12 154
12 155
12 29
12 158
12 96
12 227
12 420
12 487
12 233
12 480
12 109
12 157
12 49
12 51
12 382
12 85
12 121
12 58
12 62
12 63
13 264
13 15
13 19
13 84
13 185
13 344
13 412
13 91
13 28
13 349
13 30
13 458
13 188
13 97
13 148
13 241
13 105
13 106
13 359
13 45
13 46
13 48
13 49
13 116
13 53
13 170
13 57
13 124
13 138
13 62
13 191
14 145
14 19
14 20
14 153
14 26
14 28
14 29
14 95
14 32
14 289
14 327
14 35
14 90
14 39
14 361
14 235
14 387
14 110
14 48
14 49
14 372
14 385
14 315
14 61
14 299
14 63
15 70
15 143
15 336
15 18
15 35
15 148
15 22
15 375
15 281
15 282
15 61
15 287
16 19
16 192
16 17
16 147
16 174
16 23
16 216
16 324
16 27
16 32
16 164
16 337
16 40
16 71
16 46
16 112
16 238
16 51
16 494
16 186
17 78
17 18
17 214
17 235
17 153
17 314
17 159
17 43
17 108
17 174
17 368
17 54
17 120
17 58
18 137
18 322
18 20
18 22
18 216
18 260
18 143
18 285
18 97
18 37
18 391
18 236
18 45
18 176
18 49
18 372
18 310
18 119
18 212
18 58
18 60
19 225
19 145
19 67
19 214
19 88
19 144
19 419
19 70
19 422
19 103
19 109
19 116
19 73
19 122
19 254
20 132
20 192
20 78
20 131
20 86
20 215
20 149
20 69
20 277
20 161
20 230
20 49
20 42
20 455
20 45
20 113
20 50
20 53
20 247
20 312
20 313
20 31
20 487
20 254
20 127
21 133
21 269
21 84
21 26
21 219
21 418
21 99
21 109
21 305
21 114
21 438
21 125
21 319
22 327
22 488
22 41
22 87
22 114
22 359
22 368
22 214
22 25
22 57
22 201
22 93
22 446
23 34
23 38
23 289
23 372
23 274
23 272
23 61
23 82
23 147
23 212
23 55
23 324
23 444
23 29
24 333
24 86
24 27
24 156
24 29
24 31
24 393
24 457
24 310
24 177
24 111
24 113
24 114
24 52
24 189
24 183
24 72
24 58
24 60
24 125
25 43
25 142
25 144
25 83
25 308
25 171
25 151
25 280
25 372
25 94
26 36
26 263
26 425
26 496
26 210
26 35
26 216
26 441
27 138
27 174
27 90
27 266
28 69
28 81
28 33
28 136
28 42
28 39
28 49
28 86
28 56
28 164
28 71
28 156
28 218
28 289
29 202
29 130
29 144
29 82
29 469
29 88
29 152
29 104
29 55
29 125
30 101
30 492
30 44
30 79
30 104
30 120
30 186
30 91
30 143
30 31
31 199
31 307
31 333
31 99
31 67
31 341
31 148
31 58
32 243
32 75
32 51
32 148
32 87
32 57
32 183
33 51
33 360
33 316
33 267
34 294
34 105
34 114
34 160
35 42
35 268
35 449
35 83
35 110
35 379
36 165
36 491
36 140
36 147
36 309
36 393
36 120
36 230
36 403
36 65
37 99
37 168
37 224
37 46
37 112
37 441
37 444
38 75
38 124
38 142
39 482
39 420
39 135
39 52
39 88
39 122
40 112
40 44
40 53
40 260
41 56
41 84
41 260
41 482
42 53
42 70
42 65
42 97
42 265
43 321
43 79
43 176
43 59
44 81
44 56
44 439
45 137
45 146
45 466
45 337
45 374
45 248
45 250
45 126
46 300
46 220
46 70
46 429
46 159
47 432
47 199
47 109
47 366
47 431
47 400
47 52
47 442
47 91
47 478
48 294
48 206
48 273
48 85
48 61
48 63
49 128
49 179
49 91
49 63
50 273
50 162
50 202
51 130
51 459
51 102
51 80
51 71
52 136
52 268
52 302
52 147
52 148
52 68
52 167
52 420
53 490
53 131
53 70
53 241
53 331
53 86
53 314
53 138
54 232
54 198
54 72
54 91
54 173
54 414
55 152
55 298
55 119
56 325
56 268
56 60
56 400
56 371
56 276
56 86
56 58
56 475
56 158
57 128
57 180
57 256
58 133
58 82
58 148
58 63
59 98
59 182
59 71
59 370
60 321
60 143
60 308
60 86
60 406
61 363
61 324
61 193
61 103
61 108
61 217
61 475
61 414
62 235
62 432
62 280
62 187
62 312
63 366
63 158
63 129
64 304
64 211
64 92
65 144
65 164
65 91
65 380
65 277
66 99
66 282
67 417
68 379
68 129
68 72
68 138
68 107
68 476
69 94
69 263
69 457
69 171
69 484
69 78
70 300
70 215
70 255
71 240
71 195
71 232
71 434
71 151
71 313
71 163
72 184
72 452
72 282
72 335
73 326
73 157
74 81
74 452
74 282
74 331
74 142
74 399
75 275
75 134
75 90
76 200
76 325
77 278
77 121
77 329
77 446
77 415
78 371
78 473
78 107
79 99
79 121
80 87
80 314
80 284
80 253
80 191
81 132
81 83
81 327
82 155
83 99
84 166
84 101
85 275
85 101
85 394
85 350
85 117
86 408
86 97
86 395
86 149
87 160
87 128
87 107
88 264
88 123
88 92
89 166
90 97
90 116
90 174
90 201
90 204
91 130
91 179
91 286
91 313
91 266
92 197
92 152
92 298
92 252
92 333
93 291
93 133
93 231
93 447
94 272
94 278
95 265
95 291
96 161
96 122
96 157
96 302
97 219
97 133
98 132
98 372
98 202
98 218
99 215
99 126
100 145
100 323
100 411
101 144
101 297
101 201
101 375
102 278
102 266
102 494
103 111
104 246
104 311
104 173
105 433
105 301
105 471
105 162
105 137
105 354
106 160
106 369
107 162
108 170
109 297
109 319
110 160
110 155
110 303
112 315
112 496
113 133
113 325
115 180
115 148
115 298
115 315
115 444
117 129
117 498
117 353
117 171
118 468
118 410
118 124
118 125
119 385
120 182
120 436
120 290
121 227
122 156
122 146
122 173
123 412
123 206
124 372
124 398
125 244
125 283
126 215
127 335
128 295
129 288
129 439
129 267
129 333
129 239
131 377
133 242
133 266
133 159
134 257
134 162
134 291
135 380
136 278
139 454
139 424
139 409
140 168
140 196
141 184
142 339
142 308
143 149
144 242
144 446
144 483
145 368
147 277
147 283
148 211
149 364
151 312
153 294
153 222
153 174
154 193
157 212
158 344
159 392
159 427
160 212
160 312
162 208
162 266
164 410
166 191
172 225
172 291
172 260
172 404
173 480
174 315
174 175
177 213
178 369
180 354
181 347
182 376
184 384
184 416
187 360
187 477
189 458
189 422
190 414
192 247
193 484
197 363
198 425
200 426
201 424
201 233
202 405
202 342
202 312
203 265
203 205
205 480
205 246
205 377
206 448
207 402
208 218
209 272
218 379
218 397
218 302
221 326
221 319
224 330
224 457
225 339
227 246
229 406
229 390
230 327
234 355
238 418
241 292
247 267
255 371
257 489
257 286
258 469
260 296
263 283
268 372
268 366
268 373
274 345
274 386
274 278
279 330
279 341
279 319
281 435
290 303
291 326
307 361
307 367
315 366
320 456
327 379
329 455
332 489
336 361
341 405
341 446
344 478
350 393
351 373
359 463
361 403
383 409
409 479
429 473
431 441
463 495
