0 1
0 2
0 3
0 4
0 5
0 6
0 7
0 8
0 9
0 10
0 11
0 12
0 13
0 14
0 15
0 16
0 17
0 18
0 19
0 20
0 21
0 22
0 23
0 24
0 25
0 26
0 27
0 28
0 29
0 30
0 31
0 32
0 33
0 34
0 35
0 36
0 37
0 38
0 39
0 40
0 41
0 42
0 43
0 44
0 45
0 46
0 47
0 48
0 49
0 50
0 51
0 52
0 53
0 54
0 55
0 56
0 57
0 58
0 59
0 60
0 61
0 62
0 63
0 64
0 65
0 66
0 67
0 68
0 69
0 70
0 71
0 72
0 73
0 74
0 75
0 76
0 77
0 78
0 79
0 80
0 81
0 82
0 83
0 84
0 85
0 86
0 87
0 88
0 89
0 90
0 91
0 92
0 93
0 94
0 95
0 96
0 97
0 98
0 100
0 102
0 103
0 104
0 105
0 106
0 107
0 108
0 109
0 110
0 111
0 113
0 114
0 115
0 116
0 117
0 118
0 119
0 121
0 122
0 123
0 124
0 127
0 128
0 129
0 130
0 131
0 132
0 135
0 136
0 138
0 139
0 140
0 141
0 142
0 143
0 144
0 146
0 147
0 149
0 150
0 151
0 152
0 153
0 154
0 155
0 156
0 157
0 159
0 161
0 164
0 166
0 167
0 168
0 169
0 170
0 171
0 176
0 179
0 180
0 182
0 184
0 185
0 188
0 190
0 191
0 192
0 193
0 194
0 195
0 198
0 199
0 201
0 202
0 203
0 204
0 205
0 206
0 208
0 209
0 210
0 213
0 214
0 215
0 216
0 218
0 219
0 220
0 222
0 224
0 226
0 227
0 228
0 230
0 231
0 237
0 238
0 239
0 240
0 245
0 246
0 248
0 251
0 253
0 255
0 256
0 257
0 258
0 260
0 262
0 263
0 265
0 266
0 271
0 274
0 275
0 276
0 277
0 282
0 283
0 285
0 286
0 289
0 292
0 293
0 294
0 295
0 297
0 299
0 301
0 302
0 305
0 309
0 310
0 313
0 314
0 315
0 317
0 318
0 319
0 322
0 323
0 324
0 327
0 330
0 331
0 334
0 335
0 336
0 337
0 338
0 339
0 340
0 341
0 342
0 344
0 345
0 346
0 347
0 348
0 349
0 352
0 356
0 357
0 360
0 363
0 364
0 365
0 366
0 367
0 368
0 372
0 373
0 376
0 377
0 380
0 382
0 385
0 389
0 394
0 395
0 399
0 400
0 406
0 410
0 413
0 414
0 416
0 418
0 419
0 423
0 428
0 429
0 433
0 435
0 441
0 446
0 447
0 450
0 452
0 455
0 462
0 468
0 471
0 473
0 475
0 476
0 479
0 481
0 486
0 488
0 490
0 493
0 494
0 497
1 2
1 3
1 4
1 5
1 6
1 7
1 8
1 9
1 10
1 11
1 12
1 13
1 14
1 15
1 16
1 17
1 18
1 19
1 20
1 21
1 22
1 23
1 24
1 25
1 26
1 27
1 28
1 29
1 30
1 31
1 32
1 33
1 34
1 35
1 36
1 37
1 38
1 39
1 40
1 41
1 42
1 43
1 44
1 45
1 46
1 47
1 48
1 49
1 50
1 51
1 52
1 53
1 54
1 55
1 56
1 58
1 59
1 60
1 61
1 62
1 63
1 65
1 66
1 67
1 69
1 72
1 73
1 75
1 76
1 77
1 79
1 80
1 82
1 83
1 84
1 85
1 88
1 89
1 91
1 92
1 93
1 94
1 96
1 97
1 99
1 101
1 103
1 105
1 109
1 110
1 116
1 118
1 120
1 121
1 122
1 124
1 125
1 126
1 127
1 129
1 130
1 134
1 135
1 137
1 138
1 140
1 141
1 143
1 144
1 145
1 146
1 147
1 148
1 149
1 151
1 153
1 160
1 166
1 167
1 171
1 173
1 178
1 180
1 183
1 184
1 186
1 187
1 194
1 195
1 196
1 197
1 199
1 201
1 203
1 207
1 209
1 212
1 214
1 216
1 221
1 223
1 226
1 227
1 228
1 239
1 240
1 244
1 245
1 246
1 247
1 250
1 251
1 253
1 255
1 258
1 262
1 264
1 270
1 273
1 277
1 278
1 279
1 280
1 281
1 282
1 283
1 285
1 287
1 289
1 292
1 293
1 294
1 297
1 301
1 305
1 311
1 312
1 313
1 314
1 318
1 321
1 323
1 327
1 328
1 329
1 336
1 337
1 345
1 347
1 349
1 354
1 355
1 356
1 357
1 363
1 366
1 370
1 377
1 378
1 379
1 380
1 381
1 382
1 383
1 386
1 391
1 393
1 397
1 399
1 404
1 407
1 408
1 410
1 415
1 416
1 417
1 419
1 420
1 421
1 422
1 426
1 430
1 431
1 433
1 435
1 437
1 444
1 446
1 447
1 456
1 457
1 462
1 468
1 469
1 471
1 474
1 477
1 485
1 491
1 497
2 3
2 4
2 5
2 6
2 7
2 8
2 9
2 10
2 11
2 12
2 13
2 14
2 15
2 16
2 17
2 18
2 19
2 20
2 21
2 22
2 23
2 24
2 25
2 26
2 27
2 28
2 29
2 30
2 31
2 33
2 34
2 35
2 37
2 38
2 40
2 41
2 43
2 44
2 45
2 47
2 48
2 49
2 50
2 51
2 53
2 55
2 56
2 57
2 58
2 59
2 60
2 61
2 63
2 66
2 67
2 68
2 70
2 71
2 72
2 73
2 75
2 76
2 77
2 79
2 80
2 81
2 83
2 84
2 85
2 86
2 88
2 89
2 90
2 92
2 93
2 95
2 96
2 98
2 100
2 103
2 104
2 105
2 107
2 108
2 110
2 111
2 112
2 114
2 117
2 118
2 120
2 121
2 123
2 125
2 128
2 130
2 131
2 134
2 142
2 145
2 146
2 147
2 149
2 152
2 153
2 154
2 155
2 157
2 161
2 162
2 165
2 166
2 168
2 169
2 172
2 175
2 177
2 178
2 179
2 181
2 188
2 189
2 191
2 193
2 196
2 197
2 203
2 208
2 210
2 212
2 216
2 217
2 218
2 232
2 233
2 239
2 242
2 243
2 247
2 248
2 250
2 254
2 263
2 266
2 272
2 274
2 278
2 280
2 288
2 289
2 291
2 292
2 298
2 299
2 302
2 311
2 316
2 318
2 323
2 327
2 328
2 329
2 332
2 337
2 338
2 339
2 340
2 346
2 348
2 349
2 353
2 355
2 358
2 366
2 370
2 371
2 373
2 383
2 384
2 386
2 387
2 395
2 398
2 399
2 401
2 404
2 405
2 417
2 419
2 421
2 424
2 456
2 461
2 462
2 476
2 479
2 481
2 482
2 484
2 491
2 499
3 4
3 5
3 6
3 7
3 8
3 9
3 10
3 11
3 12
3 13
3 14
3 15
3 16
3 17
3 18
3 19
3 20
3 21
3 22
3 23
3 24
3 25
3 26
3 27
3 28
3 29
3 30
3 32
3 33
3 36
3 37
3 42
3 43
3 44
3 45
3 46
3 47
3 50
3 52
3 53
3 54
3 56
3 57
3 59
3 61
3 63
3 64
3 65
3 68
3 69
3 70
3 71
3 73
3 79
3 80
3 81
3 83
3 84
3 92
3 93
3 94
3 100
3 101
3 105
3 106
3 108
3 110
3 112
3 114
3 118
3 119
3 121
3 124
3 127
3 130
3 131
3 132
3 138
3 141
3 142
3 144
3 155
3 156
3 157
3 159
3 160
3 162
3 165
3 169
3 171
3 172
3 173
3 175
3 177
3 180
3 181
3 184
3 185
3 186
3 190
3 191
3 192
3 200
3 201
3 209
3 214
3 219
3 220
3 225
3 227
3 231
3 235
3 236
3 237
3 245
3 256
3 259
3 262
3 264
3 265
3 272
3 281
3 282
3 286
3 288
3 291
3 306
3 312
3 314
3 316
3 317
3 319
3 324
3 325
3 327
3 341
3 344
3 364
3 365
3 369
3 370
3 373
3 376
3 379
3 391
3 395
3 397
3 398
3 410
3 418
3 425
3 429
3 434
3 436
3 437
3 440
3 449
3 458
3 464
3 465
3 466
3 467
3 471
3 472
3 474
3 478
3 483
3 485
3 487
3 489
3 497
4 5
4 6
4 7
4 8
4 9
4 10
4 11
4 12
4 13
4 14
4 15
4 16
4 17
4 19
4 20
4 21
4 22
4 24
4 25
4 431
4 29
4 286
4 31
4 33
4 34
4 35
4 37
4 38
4 39
4 291
4 42
4 43
4 45
4 46
4 304
4 392
4 50
4 308
4 54
4 55
4 57
4 315
4 60
4 63
4 64
4 67
4 68
4 69
4 327
4 72
4 258
4 75
4 77
4 334
4 79
4 81
4 82
4 339
4 340
4 85
4 87
4 97
4 99
4 102
4 359
4 104
4 361
4 108
4 109
4 115
4 117
4 119
4 120
4 121
4 122
4 379
4 380
4 125
4 127
4 384
4 320
4 277
4 278
4 390
4 136
4 393
4 139
4 396
4 450
4 144
4 145
4 402
4 149
4 324
4 411
4 159
4 162
4 420
4 423
4 389
4 427
4 429
4 430
4 175
4 176
4 178
4 183
4 190
4 448
4 193
4 194
4 459
4 197
4 456
4 375
4 333
4 209
4 466
4 211
4 469
4 219
4 224
4 225
4 294
4 231
4 234
4 493
4 272
4 245
4 297
4 276
5 6
5 7
5 8
5 9
5 10
5 11
5 12
5 13
5 14
5 15
5 16
5 17
5 274
5 19
5 21
5 22
5 23
5 24
5 25
5 26
5 27
5 28
5 29
5 30
5 31
5 32
5 33
5 290
5 35
5 37
5 40
5 41
5 298
5 43
5 45
5 46
5 264
5 50
5 55
5 58
5 315
5 317
5 319
5 64
5 322
5 67
5 69
5 71
5 72
5 73
5 74
5 76
5 78
5 79
5 80
5 81
5 83
5 85
5 343
5 88
5 345
5 90
5 348
5 93
5 95
5 97
5 100
5 358
5 401
5 361
5 109
5 113
5 114
5 371
5 116
5 121
5 270
5 386
5 132
5 133
5 391
5 444
5 139
5 142
5 143
5 144
5 280
5 146
5 149
5 410
5 155
5 417
5 418
5 283
5 166
5 424
5 284
5 426
5 175
5 433
5 178
5 182
5 188
5 192
5 193
5 194
5 459
5 289
5 203
5 461
5 207
5 210
5 469
5 218
5 222
5 263
5 232
5 431
5 235
5 493
5 245
5 248
5 249
5 351
5 253
6 262
6 7
6 8
6 9
6 10
6 11
6 12
6 14
6 15
6 16
6 17
6 18
6 19
6 21
6 22
6 23
6 24
6 25
6 282
6 28
6 29
6 31
6 33
6 34
6 35
6 37
6 433
6 40
6 42
6 278
6 44
6 45
6 46
6 48
6 52
6 317
6 57
6 58
6 59
6 60
6 266
6 62
6 64
6 65
6 67
6 69
6 70
6 331
6 76
6 78
6 80
6 257
6 384
6 98
6 315
6 102
6 359
6 104
6 109
6 366
6 111
6 114
6 372
6 118
6 377
6 380
6 125
6 299
6 405
6 128
6 490
6 130
6 131
6 132
6 133
6 135
6 138
6 143
6 148
6 149
6 412
6 159
6 162
6 163
6 420
6 166
6 370
6 321
6 177
6 388
6 437
6 183
6 184
6 186
6 444
6 448
6 449
6 194
6 195
6 199
6 464
6 466
6 211
6 472
6 221
6 293
6 482
6 227
6 484
6 487
6 232
6 234
6 239
6 496
6 246
6 247
6 249
6 250
6 252
7 8
7 9
7 10
7 11
7 12
7 13
7 14
7 15
7 18
7 20
7 21
7 333
7 24
7 281
7 26
7 27
7 28
7 30
7 32
7 33
7 34
7 35
7 36
7 293
7 39
7 40
7 353
7 47
7 50
7 51
7 54
7 55
7 56
7 57
7 315
7 61
7 62
7 319
7 64
7 67
7 438
7 326
7 71
7 268
7 74
7 75
7 77
7 79
7 336
7 312
7 338
7 88
7 90
7 271
7 92
7 349
7 94
7 97
7 354
7 355
7 486
7 358
7 360
7 105
7 106
7 363
7 108
7 402
7 111
7 112
7 116
7 117
7 119
7 377
7 123
7 384
7 129
7 386
7 131
7 133
7 135
7 137
7 140
7 144
7 286
7 323
7 148
7 149
7 151
7 157
7 162
7 163
7 169
7 428
7 413
7 178
7 181
7 182
7 329
7 186
7 192
7 194
7 454
7 200
7 206
7 207
7 467
7 214
7 217
7 218
7 483
7 269
7 230
7 231
7 493
7 238
7 240
7 246
7 247
7 251
7 255
8 9
8 10
8 11
8 12
8 13
8 15
8 16
8 18
8 276
8 22
8 23
8 26
8 27
8 29
8 30
8 287
8 33
8 41
8 42
8 45
8 303
8 48
8 305
8 51
8 54
8 57
8 314
8 317
8 62
8 65
8 66
8 267
8 324
8 69
8 70
8 73
8 75
8 76
8 77
8 336
8 337
8 82
8 83
8 301
8 90
8 347
8 95
8 96
8 353
8 98
8 104
8 365
8 366
8 367
8 369
8 372
8 119
8 376
8 124
8 381
8 126
8 387
8 134
8 47
8 139
8 450
8 398
8 143
8 401
8 406
8 151
8 410
8 156
8 282
8 415
8 171
8 172
8 429
8 431
8 286
8 184
8 188
8 449
8 194
8 453
8 201
8 109
8 478
8 481
8 227
8 243
8 245
8 247
8 251
9 10
9 11
9 256
9 15
9 17
9 18
9 19
9 20
9 21
9 22
9 217
9 280
9 25
9 26
9 28
9 29
9 32
9 289
9 36
9 262
9 42
9 43
9 44
9 45
9 48
9 50
9 51
9 52
9 53
9 54
9 60
9 319
9 321
9 67
9 325
9 71
9 72
9 333
9 80
9 340
9 301
9 356
9 349
9 94
9 95
9 352
9 100
9 101
9 105
9 362
9 363
9 111
9 275
9 372
9 375
9 123
9 124
9 299
9 128
9 135
9 65
9 392
9 140
9 142
9 400
9 147
9 152
9 452
9 495
9 158
9 417
9 165
9 422
9 171
9 430
9 414
9 189
9 196
9 453
9 210
9 215
9 292
9 219
9 220
9 483
9 229
9 380
9 493
9 239
9 241
9 243
9 126
9 298
9 85
10 266
10 11
10 12
10 14
10 15
10 16
10 17
10 18
10 19
10 22
10 260
10 26
10 27
10 284
10 90
10 286
10 31
10 35
10 36
10 293
10 294
10 42
10 263
10 44
10 47
10 49
10 309
10 265
10 58
10 62
10 68
10 70
10 330
10 76
10 78
10 81
10 84
10 85
10 86
10 344
10 345
10 346
10 99
10 360
10 110
10 372
10 120
10 121
10 378
10 125
10 278
10 135
10 136
10 407
10 400
10 303
10 151
10 408
10 409
10 156
10 160
10 326
10 166
10 167
10 174
10 177
10 434
10 439
10 188
10 451
10 454
10 201
10 203
10 462
10 208
10 464
10 483
10 232
10 492
10 496
10 264
11 12
11 13
11 14
11 15
11 16
11 274
11 19
11 276
11 21
11 279
11 280
11 25
11 283
11 28
11 30
11 31
11 33
11 34
11 430
11 342
11 293
11 38
11 41
11 299
11 44
11 48
11 49
11 50
11 51
11 52
11 53
11 55
11 314
11 60
11 360
11 68
11 71
11 78
11 84
11 284
11 89
11 91
11 404
11 97
11 101
11 103
11 259
11 105
11 362
11 108
11 109
11 111
11 112
11 113
11 374
11 119
11 121
11 123
11 124
11 382
11 383
11 130
11 387
11 388
11 392
11 137
11 394
11 398
11 143
11 24
11 147
11 148
11 151
11 409
11 154
11 155
11 159
11 161
11 163
11 165
11 169
11 171
11 174
11 180
11 286
11 287
11 195
11 461
11 466
11 419
11 212
11 473
11 219
11 220
11 221
11 421
11 379
11 486
11 488
11 234
11 237
11 243
11 247
12 258
12 14
12 138
12 16
12 17
12 19
12 20
12 22
12 25
12 26
12 288
12 34
12 36
12 37
12 295
12 41
12 43
12 44
12 46
12 307
12 54
12 58
12 59
12 266
12 62
12 69
12 72
12 73
12 331
12 76
12 83
12 88
12 345
12 91
12 92
12 352
12 100
12 110
12 445
12 112
12 113
12 115
12 117
12 378
12 386
12 389
12 135
12 394
12 143
12 400
12 404
12 149
12 151
12 153
12 282
12 453
12 163
12 420
12 166
12 174
12 431
12 435
12 181
12 441
12 443
12 444
12 189
12 75
12 197
12 198
12 456
12 458
12 460
12 205
12 221
12 293
12 228
12 229
12 486
12 232
12 252
13 138
13 398
13 271
13 273
13 18
13 19
13 394
13 23
13 24
13 25
13 26
13 378
13 156
13 31
13 33
13 420
13 37
13 38
13 39
13 296
13 425
13 193
13 43
13 428
13 429
13 402
13 49
13 307
13 52
13 55
13 445
13 151
13 61
13 62
13 65
13 267
13 452
13 246
13 70
13 465
13 328
13 201
13 77
13 206
13 207
13 81
13 338
13 85
13 87
13 347
13 349
13 94
13 95
13 226
13 99
13 228
13 102
13 401
13 259
13 105
13 107
13 109
13 189
13 497
13 242
13 499
13 116
13 118
13 375
13 120
13 250
13 123
13 125
14 130
14 15
14 16
14 145
14 19
14 171
14 22
14 23
14 24
14 155
14 30
14 159
14 161
14 35
14 292
14 293
14 38
14 39
14 129
14 169
14 301
14 43
14 44
14 173
14 174
14 477
14 176
14 449
14 51
14 54
14 55
14 57
14 59
14 151
14 458
14 319
14 65
14 322
14 395
14 69
14 289
14 202
14 203
14 460
14 334
14 336
14 81
14 210
14 83
14 85
14 424
14 343
14 88
14 89
14 218
14 271
14 348
14 221
14 280
14 95
14 344
14 227
14 356
14 273
14 360
14 489
14 106
14 113
14 371
14 373
14 247
14 121
14 234
14 213
15 268
15 17
15 19
15 20
15 21
15 23
15 24
15 29
15 286
15 31
15 32
15 290
15 266
15 36
15 38
15 39
15 40
15 41
15 298
15 43
15 46
15 48
15 49
15 50
15 51
15 52
15 311
15 312
15 57
15 58
15 59
15 60
15 61
15 67
15 71
15 72
15 73
15 74
15 75
15 77
15 334
15 335
15 337
15 83
15 84
15 87
15 88
15 99
15 359
15 105
15 365
15 366
15 115
15 116
15 374
15 124
15 127
15 128
15 130
15 456
15 134
15 141
15 148
15 159
15 420
15 165
15 169
15 170
15 327
15 172
15 429
15 431
15 177
15 434
15 435
15 439
15 193
15 194
15 198
15 200
15 205
15 206
15 462
15 474
15 478
15 425
15 484
15 295
15 240
15 242
15 244
15 247
15 264
16 258
16 17
16 19
16 277
16 22
16 26
16 27
16 28
16 29
16 31
16 289
16 35
16 36
16 38
16 41
16 42
16 44
16 50
16 46
16 306
16 307
16 57
16 59
16 61
16 63
16 435
16 68
16 70
16 72
16 74
16 331
16 76
16 335
16 82
16 84
16 86
16 89
16 96
16 97
16 99
16 273
16 104
16 105
16 275
16 372
16 123
16 124
16 127
16 389
16 136
16 139
16 397
16 400
16 451
16 151
16 261
16 165
16 167
16 284
16 171
16 172
16 285
16 115
16 180
16 184
16 187
16 188
16 447
16 449
16 195
16 457
16 471
16 226
16 229
16 230
16 232
16 235
16 236
16 243
16 246
16 249
16 443
16 254
17 371
17 145
17 18
17 20
17 21
17 22
17 25
17 284
17 29
17 261
17 33
17 34
17 262
17 294
17 39
17 40
17 43
17 172
17 45
17 177
17 51
17 308
17 53
17 54
17 329
17 441
17 58
17 59
17 377
17 192
17 65
17 198
17 73
17 162
17 205
17 464
17 337
17 338
17 83
17 84
17 86
17 215
17 89
17 348
17 333
17 94
17 479
17 98
17 99
17 276
17 487
17 109
17 239
17 242
17 339
17 268
17 119
17 148
17 250
17 447
17 382
18 132
18 470
18 267
18 427
18 274
18 19
18 21
18 151
18 218
18 388
18 154
18 155
18 26
18 159
18 160
18 198
18 38
18 423
18 42
18 299
18 301
18 175
18 49
18 179
18 180
18 437
18 56
18 57
18 61
18 64
18 66
18 197
18 130
18 199
18 194
18 457
18 330
18 204
18 78
18 208
18 81
18 82
18 303
18 344
18 90
18 347
18 92
18 246
18 100
18 101
18 105
18 237
18 189
18 114
18 371
18 118
18 120
18 380
18 126
18 166
19 20
19 23
19 28
19 29
19 31
19 34
19 42
19 43
19 45
19 47
19 305
19 308
19 53
19 58
19 61
19 63
19 64
19 322
19 68
19 309
19 75
19 76
19 78
19 81
19 338
19 85
19 342
19 88
19 346
19 92
19 95
19 272
19 98
19 357
19 362
19 365
19 110
19 114
19 116
19 119
19 127
19 130
19 389
19 492
19 398
19 402
19 149
19 152
19 157
19 417
19 424
19 425
19 172
19 456
19 434
19 179
19 189
19 446
19 192
19 194
19 195
19 200
19 457
19 460
19 205
19 467
19 214
19 215
19 218
19 230
19 233
19 236
19 240
19 242
19 250
20 23
20 141
20 142
20 405
20 151
20 260
20 26
20 411
20 28
20 295
20 418
20 35
20 164
20 39
20 41
20 298
20 43
20 429
20 302
20 49
20 51
20 365
20 182
20 184
20 57
20 202
20 62
20 373
20 352
20 194
20 453
20 71
20 74
20 331
20 79
20 80
20 56
20 335
20 163
20 430
20 215
20 88
20 36
20 218
20 91
20 224
20 208
20 229
20 103
20 259
20 225
20 338
20 115
20 235
20 245
20 374
20 119
20 343
20 252
20 127
21 138
21 141
21 259
21 404
21 149
21 152
21 25
21 411
21 265
21 29
21 414
21 176
21 36
21 165
21 38
21 305
21 40
21 349
21 48
21 177
21 178
21 435
21 134
21 185
21 351
21 188
21 317
21 190
21 64
21 195
21 71
21 384
21 258
21 460
21 208
21 83
21 212
21 341
21 24
21 267
21 90
21 143
21 221
21 95
21 102
21 424
21 248
21 218
21 122
21 255
22 385
22 392
22 386
22 143
22 146
22 148
22 23
22 25
22 282
22 27
22 288
22 165
22 424
22 425
22 42
22 45
22 46
22 177
22 128
22 52
22 479
22 265
22 440
22 187
22 188
22 266
22 62
22 447
22 352
22 67
22 68
22 329
22 397
22 209
22 95
22 212
22 382
22 88
22 89
22 90
22 122
22 37
22 224
22 396
22 230
22 337
22 104
22 316
22 107
22 108
22 317
22 370
22 373
22 468
22 136
22 251
22 170
22 264
22 255
23 135
23 137
23 138
23 145
23 431
23 281
23 25
23 27
23 444
23 304
23 30
23 261
23 288
23 176
23 34
23 283
23 292
23 37
23 422
23 433
23 40
23 41
23 170
23 44
23 45
23 303
23 48
23 392
23 178
23 363
23 436
23 286
23 385
23 55
23 56
23 314
23 411
23 394
23 416
23 262
23 68
23 69
23 199
23 460
23 439
23 440
23 78
23 336
23 312
23 342
23 87
23 399
23 94
23 223
23 96
23 97
23 425
23 361
23 225
23 108
23 470
23 495
23 168
23 147
23 116
23 254
23 247
23 123
23 499
23 126
24 136
24 388
24 144
24 273
24 131
24 280
24 25
24 26
24 156
24 410
24 30
24 31
24 34
24 291
24 293
24 166
24 167
24 405
24 43
24 45
24 303
24 435
24 414
24 439
24 372
24 479
24 316
24 64
24 197
24 198
24 199
24 328
24 329
24 375
24 77
24 462
24 209
24 213
24 95
24 96
24 231
24 295
24 499
24 244
24 117
24 246
24 119
24 376
24 380
24 85
24 255
25 128
25 259
25 26
25 363
25 491
25 32
25 35
25 166
25 39
25 40
25 176
25 51
25 180
25 53
25 55
25 351
25 151
25 191
25 192
25 70
25 373
25 437
25 202
25 205
25 269
25 337
25 291
25 84
25 346
25 475
25 280
25 95
25 353
25 482
25 273
25 488
25 60
25 490
25 235
25 239
25 245
25 63
25 124
25 382
25 277
26 132
26 213
26 150
26 411
26 29
26 286
26 33
26 290
26 163
26 38
26 167
26 40
26 42
26 391
26 432
26 200
26 50
26 179
26 265
26 59
26 191
26 192
26 449
26 72
26 73
26 202
26 75
26 78
26 79
26 208
26 337
26 338
26 83
26 84
26 85
26 344
26 90
26 476
26 351
26 96
26 482
26 101
26 102
26 103
26 340
26 361
26 295
26 109
26 245
26 375
26 120
26 148
26 447
26 254
26 127
27 260
27 407
27 404
27 277
27 282
27 431
27 28
27 157
27 286
27 133
27 474
27 33
27 34
27 475
27 405
27 421
27 406
27 41
27 171
27 320
27 301
27 46
27 349
27 308
27 53
27 319
27 55
27 56
27 191
27 192
27 412
27 68
27 326
27 73
27 204
27 206
27 335
27 81
27 84
27 334
27 463
27 88
27 89
27 218
27 91
27 93
27 94
27 227
27 102
27 437
27 111
27 112
27 241
27 114
27 302
27 495
27 374
27 332
27 123
27 124
27 127
28 132
28 269
28 143
28 30
28 491
28 32
28 38
28 40
28 171
28 45
28 46
28 48
28 49
28 178
28 52
28 309
28 445
28 65
28 192
28 160
28 66
28 68
28 454
28 71
28 205
28 334
28 81
28 82
28 84
28 469
28 484
28 399
28 96
28 226
28 373
28 358
28 230
28 259
28 363
28 338
28 115
28 245
28 374
29 140
29 279
29 154
29 287
29 36
29 37
29 39
29 426
29 43
29 300
29 173
29 46
29 157
29 50
29 172
29 438
29 55
29 186
29 60
29 189
29 62
29 65
29 328
29 73
29 332
29 336
29 86
29 219
29 350
29 355
29 357
29 115
29 116
29 247
29 121
30 388
30 269
30 148
30 278
30 410
30 160
30 33
30 293
30 39
30 41
30 135
30 257
30 302
30 47
30 305
30 51
30 183
30 95
30 446
30 193
30 66
30 267
30 69
30 32
30 74
30 368
30 211
30 142
30 412
30 222
30 101
30 96
30 355
30 229
30 231
30 233
30 106
30 363
30 112
30 246
30 120
30 374
30 379
30 124
30 125
30 126
30 255
31 129
31 149
31 150
31 407
31 260
31 154
31 159
31 161
31 164
31 37
31 166
31 400
31 193
31 427
31 302
31 303
31 48
31 128
31 180
31 53
31 310
31 311
31 185
31 59
31 62
31 65
31 67
31 324
31 197
31 71
31 73
31 78
31 211
31 420
31 91
31 95
31 438
31 165
31 226
31 489
31 100
31 294
31 231
31 421
31 321
31 385
31 114
31 147
31 373
31 375
31 249
31 254
32 456
32 268
32 144
32 145
32 131
32 404
32 279
32 154
32 410
32 304
32 34
32 35
32 36
32 454
32 294
32 129
32 41
32 44
32 48
32 49
32 50
32 53
32 57
32 60
32 189
32 319
32 321
32 66
32 197
32 198
32 71
32 200
32 204
32 335
32 336
32 83
32 84
32 87
32 348
32 352
32 98
32 230
32 107
32 367
32 113
32 445
32 117
32 246
32 254
33 266
33 268
33 271
33 401
33 145
33 387
33 285
33 133
33 36
33 166
33 423
33 40
33 41
33 171
33 44
33 173
33 174
33 431
33 49
33 178
33 286
33 55
33 57
33 330
33 319
33 195
33 202
33 311
33 204
33 81
33 478
33 223
33 360
33 234
33 370
33 497
33 114
33 371
33 116
33 425
33 120
33 383
34 491
34 140
34 493
34 156
34 155
34 293
34 294
34 39
34 426
34 301
34 46
34 175
34 50
34 52
34 310
34 55
34 318
34 191
34 64
34 54
34 74
34 81
34 341
34 475
34 94
34 351
34 485
34 230
34 209
34 490
34 487
34 109
34 494
34 241
34 249
34 378
34 254
35 265
35 407
35 158
35 288
35 164
35 39
35 297
35 42
35 43
35 257
35 434
35 46
35 328
35 50
35 329
35 184
35 69
35 256
35 72
35 201
35 211
35 86
35 90
35 347
35 221
35 351
35 353
35 99
35 232
35 361
35 363
35 494
35 367
35 488
35 114
35 372
35 41
35 249
36 397
36 273
36 297
36 290
36 163
36 294
36 40
36 41
36 43
36 46
36 47
36 432
36 53
36 202
36 320
36 459
36 324
36 70
36 71
36 74
36 75
36 461
36 464
36 82
36 90
36 221
36 94
36 272
36 100
36 101
36 401
36 106
36 491
36 109
36 61
36 417
36 117
36 119
36 252
36 125
37 392
37 270
37 143
37 47
37 422
37 171
37 45
37 303
37 176
37 177
37 51
37 52
37 56
37 308
37 316
37 68
37 72
37 76
37 206
37 335
37 339
37 85
37 91
37 93
37 222
37 351
37 482
37 355
37 103
37 106
37 107
37 126
37 120
37 254
38 197
38 321
38 74
38 75
38 204
38 66
38 78
38 80
38 465
38 276
38 86
38 151
38 153
38 159
38 227
38 360
38 106
38 300
38 47
38 48
38 113
38 385
38 258
38 116
38 53
38 138
38 184
38 347
38 187
38 125
39 259
39 132
39 214
39 272
39 387
39 160
39 418
39 294
39 470
39 183
39 312
39 187
39 117
39 194
39 256
39 74
39 56
39 338
39 83
39 342
39 92
39 481
39 226
39 102
39 231
39 63
39 359
39 110
39 496
39 245
39 379
40 131
40 138
40 256
40 158
40 160
40 369
40 156
40 43
40 499
40 116
40 316
40 320
40 74
40 459
40 208
40 211
40 86
40 57
40 219
40 349
40 96
40 225
40 358
40 188
40 109
40 113
40 242
40 339
40 244
40 245
40 375
40 121
41 266
41 397
41 150
41 154
41 325
41 165
41 166
41 295
41 169
41 46
41 483
41 304
41 136
41 51
41 53
41 183
41 283
41 151
41 369
41 309
41 197
41 198
41 161
41 72
41 205
41 79
41 355
41 84
41 221
41 478
41 97
41 227
41 422
41 103
41 60
41 234
41 109
41 368
41 113
41 361
41 447
41 383
42 343
42 142
42 271
42 273
42 404
42 150
42 152
42 284
42 154
42 51
42 112
42 163
42 497
42 168
42 170
42 419
42 368
42 179
42 182
42 57
42 58
42 394
42 191
42 72
42 75
42 78
42 80
42 81
42 82
42 83
42 313
42 484
42 421
42 99
42 228
42 107
42 240
42 113
42 244
42 131
42 63
42 254
43 321
43 154
43 167
43 425
43 302
43 303
43 48
43 49
43 52
43 185
43 189
43 191
43 65
43 195
43 70
43 327
43 458
43 78
43 141
43 271
43 82
43 212
43 382
43 79
43 477
43 237
43 240
43 385
43 245
43 250
43 123
43 124
43 381
43 126
44 260
44 264
44 130
44 415
44 390
44 166
44 167
44 297
44 175
44 48
44 392
44 53
44 182
44 137
44 266
44 181
44 65
44 66
44 67
44 70
44 289
44 73
44 258
44 78
44 398
44 86
44 344
44 220
44 422
44 236
44 495
44 112
44 241
44 376
44 249
44 253
45 143
45 260
45 363
45 346
45 150
45 290
45 166
45 298
45 299
45 307
45 158
45 183
45 88
45 320
45 65
45 322
45 68
45 70
45 205
45 207
45 208
45 441
45 344
45 152
45 480
45 354
45 422
45 102
45 401
45 107
45 493
45 153
45 253
45 126
45 255
46 322
46 460
46 394
46 98
46 482
46 86
46 441
46 152
46 92
46 390
46 96
46 97
46 70
46 171
46 236
46 111
46 176
46 118
46 397
46 380
46 239
46 255
47 388
47 407
47 384
47 148
47 277
47 151
47 159
47 416
47 289
47 391
47 428
47 304
47 49
47 178
47 307
47 181
47 55
47 186
47 266
47 67
47 69
47 247
47 77
47 80
47 468
47 471
47 345
47 222
47 228
47 104
47 490
47 113
47 116
47 245
47 119
47 376
47 250
47 379
48 132
48 394
48 148
48 278
48 283
48 288
48 433
48 156
48 136
48 306
48 185
48 186
48 287
48 151
48 279
48 65
48 66
48 395
48 329
48 77
48 210
48 86
48 478
48 224
48 99
48 363
48 496
48 59
48 244
48 297
48 250
49 129
49 139
49 130
49 147
49 282
49 415
49 475
49 296
49 300
49 50
49 178
49 128
49 52
49 181
49 56
49 314
49 316
49 416
49 194
49 79
49 440
49 267
49 90
49 271
49 93
49 96
49 97
49 269
49 114
49 372
49 148
49 126
49 255
50 134
50 128
50 258
50 145
50 146
50 147
50 137
50 388
50 161
50 263
50 431
50 53
50 265
50 58
50 64
50 65
50 68
50 203
50 354
50 334
50 227
50 87
50 89
50 348
50 144
50 98
50 99
50 487
50 488
50 365
50 112
50 403
50 120
51 262
51 396
51 130
51 146
51 405
51 414
51 410
51 413
51 287
51 160
51 162
51 292
51 165
51 53
51 187
51 60
51 445
51 373
51 198
51 109
51 209
51 83
51 468
51 86
51 216
51 91
51 354
51 356
51 358
51 81
51 106
51 487
51 364
51 274
51 497
51 211
51 117
51 169
51 376
51 124
51 490
52 321
52 392
52 266
52 76
52 245
52 254
52 274
52 83
52 404
52 495
52 152
52 79
52 222
52 432
52 400
52 273
52 156
52 106
52 172
52 110
52 320
52 176
52 140
52 147
52 204
52 181
52 443
52 62
52 63
53 129
53 136
53 394
53 270
53 405
53 150
53 151
53 288
53 289
53 411
53 433
53 92
53 298
53 434
53 264
53 159
53 189
53 62
53 63
53 459
53 247
53 416
53 342
53 219
53 220
53 223
53 443
53 486
53 490
53 110
53 112
53 115
53 281
53 383
54 386
54 133
54 134
54 269
54 144
54 147
54 410
54 285
54 421
54 413
54 304
54 306
54 73
54 312
54 187
54 63
54 322
54 324
54 329
54 440
54 469
54 91
54 93
54 59
54 101
54 102
54 103
54 232
54 361
54 234
54 359
54 493
54 140
54 115
54 250
54 447
54 490
54 255
55 134
55 136
55 138
55 140
55 401
55 276
55 156
55 291
55 165
55 376
55 303
55 181
55 444
55 61
55 153
55 193
55 196
55 329
55 76
55 207
55 80
55 337
55 84
55 470
55 215
55 217
55 91
55 350
55 356
55 358
55 106
55 113
55 244
55 120
55 490
56 177
56 74
56 206
56 399
56 85
56 342
56 154
56 158
56 229
56 226
56 475
56 228
56 104
56 106
56 487
56 428
56 210
56 178
56 478
56 398
56 183
56 185
56 58
56 123
56 316
56 125
57 256
57 138
57 130
57 131
57 132
57 285
57 292
57 390
57 169
57 430
57 200
57 436
57 440
57 187
57 330
57 394
57 72
57 258
57 464
57 184
57 212
57 90
57 95
57 230
57 238
57 296
57 114
57 123
58 259
58 260
58 135
58 272
58 388
58 285
58 159
58 453
58 161
58 91
58 292
58 134
58 424
58 391
58 347
58 266
58 68
58 69
58 73
58 74
58 143
58 98
58 207
58 80
58 83
58 469
58 87
58 271
58 93
58 353
58 226
58 106
58 400
58 116
58 377
59 179
59 199
59 328
59 265
59 203
59 146
59 131
59 78
59 406
59 377
59 152
59 462
59 284
59 93
59 464
59 164
59 294
59 230
59 412
59 108
59 305
59 370
59 115
59 375
59 184
59 218
59 123
59 277
60 375
60 464
60 70
60 321
60 275
60 194
60 207
60 450
60 188
60 87
60 152
60 155
60 417
60 418
60 283
60 373
60 231
60 426
60 171
60 492
60 306
60 179
60 244
60 245
60 183
60 376
60 185
60 124
60 445
60 63
61 66
61 194
61 339
61 140
61 386
61 147
61 84
61 149
61 345
61 143
61 352
61 161
61 162
61 483
61 422
61 362
61 363
61 303
61 114
61 119
61 340
61 381
61 62
61 447
62 150
62 395
62 140
62 272
62 390
62 224
62 240
62 98
62 101
62 325
62 308
62 360
62 306
62 437
62 112
62 336
62 242
62 371
62 249
62 449
62 181
63 69
63 71
63 307
63 205
63 270
63 207
63 404
63 278
63 218
63 91
63 282
63 94
63 416
63 131
63 104
63 199
63 237
63 470
63 317
63 296
63 370
63 83
63 169
63 185
63 124
63 298
63 309
64 454
64 73
64 330
64 148
64 132
64 90
64 389
64 483
64 292
64 134
64 242
64 116
64 201
64 383
64 458
64 126
64 213
65 470
65 135
65 140
65 144
65 410
65 158
65 288
65 129
65 176
65 351
65 436
65 443
65 317
65 80
65 337
65 85
65 342
65 215
65 219
65 95
65 100
65 231
65 103
65 493
65 366
65 499
65 122
65 379
65 255
66 364
66 198
66 73
66 213
66 322
66 98
66 78
66 418
66 465
66 211
66 206
66 215
66 93
66 162
66 294
66 232
66 454
66 366
66 392
66 242
66 180
66 222
66 119
66 313
66 444
66 382
66 127
67 299
67 328
67 205
67 83
67 301
67 446
67 472
67 409
67 130
67 228
67 293
67 113
67 235
67 109
67 108
67 391
67 485
67 318
68 320
68 481
68 332
68 206
68 109
68 312
68 210
68 88
68 229
68 416
68 272
68 98
68 483
68 296
68 105
68 274
68 235
68 239
68 497
68 275
68 181
68 169
68 184
68 185
68 252
68 74
69 194
69 135
69 265
69 447
69 75
69 79
69 459
69 303
69 82
69 340
69 154
69 143
69 412
69 442
69 95
69 100
69 229
69 230
69 296
69 107
69 429
69 371
69 372
69 222
69 439
69 251
70 325
70 420
70 109
70 149
70 228
70 493
70 349
70 130
70 160
70 289
70 233
70 304
70 310
70 249
70 443
70 125
70 341
71 96
71 198
71 456
71 74
71 383
71 78
71 350
71 290
71 355
71 357
71 105
71 255
71 253
71 115
71 183
71 160
71 187
71 125
72 321
72 194
72 75
72 130
72 334
72 80
72 81
72 83
72 212
72 214
72 88
72 281
72 219
72 93
72 414
72 101
72 404
72 197
72 420
72 485
72 271
72 111
72 305
72 105
72 314
72 125
73 134
73 137
73 397
73 146
73 275
73 408
73 284
73 293
73 296
73 302
73 264
73 197
73 457
73 203
73 80
73 337
73 468
73 213
73 94
73 224
73 97
73 103
73 106
73 241
73 498
73 490
73 121
73 125
74 192
74 194
74 395
74 132
74 138
74 267
74 144
74 248
74 149
74 199
74 408
74 218
74 474
74 161
74 230
74 169
74 404
74 400
74 435
74 276
74 188
74 189
75 329
75 139
75 226
75 271
75 343
75 100
75 79
75 474
75 480
75 98
75 229
75 129
75 301
75 371
75 116
75 373
75 354
75 104
75 322
75 190
76 388
76 247
76 397
76 142
76 81
76 338
76 85
76 278
76 217
76 474
76 157
76 286
76 223
76 163
76 294
76 114
76 315
76 188
76 443
77 427
77 78
77 144
77 84
77 409
77 357
77 263
77 419
77 101
77 169
77 234
77 235
77 492
77 301
77 112
77 113
77 244
77 310
77 119
77 436
77 136
77 189
78 198
78 107
78 136
78 334
78 461
78 400
78 90
78 257
78 491
78 459
78 96
78 97
78 359
78 134
78 295
78 297
78 238
78 112
78 241
78 438
78 125
78 447
79 262
79 194
79 141
79 402
79 83
79 278
79 151
79 152
79 158
79 160
79 227
79 326
79 166
79 487
79 298
79 237
79 174
79 350
79 169
79 123
79 406
80 394
80 397
80 462
80 320
80 337
80 431
80 238
80 375
80 215
80 175
80 286
80 418
80 163
80 262
80 135
80 109
80 93
80 240
80 264
80 449
80 246
80 122
80 124
80 125
81 467
81 290
81 404
81 334
81 214
81 279
81 356
81 95
81 229
81 100
81 101
81 296
81 220
81 428
81 237
81 302
81 304
81 308
81 261
81 484
81 436
81 322
81 469
82 194
82 427
82 129
82 204
82 278
82 215
82 155
82 477
82 158
82 95
82 290
82 99
82 110
82 303
82 113
82 495
82 342
83 449
83 138
83 115
83 86
83 151
83 156
83 336
83 98
83 136
83 294
83 380
83 107
83 110
83 175
83 347
83 187
83 367
83 143
84 130
84 328
84 138
84 372
84 212
84 398
84 185
84 349
84 471
84 228
84 448
84 166
84 111
84 115
84 116
84 317
84 118
84 121
84 123
84 124
85 282
85 207
85 376
85 384
85 142
85 347
85 90
85 414
85 310
85 164
85 165
85 325
85 424
85 169
85 490
85 365
85 275
85 246
85 121
85 458
86 257
86 131
86 227
86 325
86 456
86 137
86 452
86 397
86 145
86 215
86 153
86 239
86 93
86 464
86 106
86 365
86 369
86 221
86 181
86 247
86 251
87 193
87 385
87 200
87 142
87 337
87 398
87 143
87 92
87 250
87 95
87 97
87 165
87 494
87 175
87 374
87 187
88 338
88 163
88 216
88 281
88 97
88 99
88 275
88 360
88 105
88 193
88 363
88 321
88 304
88 306
88 181
88 440
88 313
88 122
88 252
88 490
89 387
89 261
89 493
89 402
89 467
89 468
89 150
89 427
89 222
89 229
89 294
89 360
89 234
89 171
89 172
89 242
89 307
89 437
89 122
89 298
90 198
90 201
90 332
90 269
90 248
90 91
90 261
90 423
90 241
90 170
90 299
90 434
90 110
90 242
90 342
90 120
90 138
91 130
91 203
91 439
91 385
91 200
91 201
91 202
91 142
91 384
91 277
91 470
91 345
91 92
91 159
91 96
91 411
91 484
91 361
91 234
91 428
91 176
91 448
91 187
91 426
92 261
92 444
92 471
92 141
92 397
92 209
92 448
92 463
92 96
92 379
92 166
92 169
92 146
92 240
92 241
92 115
92 312
92 468
92 122
92 123
92 252
92 255
93 132
93 161
93 204
93 461
93 209
93 465
93 196
93 164
93 97
93 98
93 136
93 100
93 295
93 234
93 225
93 289
93 114
93 382
93 299
93 191
94 258
94 134
94 141
94 272
94 259
94 424
94 409
94 163
94 104
94 169
94 135
94 387
94 232
94 116
94 382
94 248
94 318
95 132
95 139
95 479
95 141
95 334
95 219
95 410
95 214
95 164
95 229
95 166
95 360
95 356
95 463
95 115
95 280
95 245
95 118
95 119
95 314
96 131
96 132
96 140
96 398
96 400
96 148
96 150
96 408
96 410
96 418
96 169
96 433
96 178
96 436
96 158
96 187
96 223
96 443
96 485
96 358
96 233
96 225
96 368
96 114
96 119
96 378
96 380
96 126
97 343
97 451
97 279
97 142
97 275
97 196
97 256
97 229
97 166
97 167
97 362
97 263
97 191
97 217
97 122
97 187
97 149
98 160
98 395
98 288
98 142
98 269
98 340
98 149
98 344
98 217
98 260
98 353
98 99
98 275
98 106
98 237
98 124
99 256
99 136
99 420
99 302
99 482
99 217
99 413
99 225
99 164
99 358
99 296
99 233
99 110
99 431
99 127
99 189
99 191
100 269
100 208
100 211
100 407
100 111
100 412
100 107
100 239
100 178
100 253
100 190
101 258
101 260
101 146
101 323
101 348
101 223
101 160
101 240
101 104
101 105
101 174
101 111
101 112
101 178
101 253
101 436
101 496
101 188
101 189
102 224
102 322
102 453
102 449
102 471
102 192
102 144
102 404
102 343
102 346
102 160
102 208
102 283
102 489
102 423
102 242
102 123
102 309
102 187
103 132
103 261
103 263
103 141
103 399
103 275
103 342
103 118
103 197
103 417
103 487
103 232
103 298
103 173
103 371
103 249
103 317
104 199
104 140
104 215
104 217
104 260
104 167
104 304
104 114
104 308
104 446
104 372
104 293
104 254
105 337
105 146
105 237
105 151
105 409
105 346
105 143
105 157
105 160
105 376
105 227
105 234
105 236
105 349
105 304
105 440
105 365
105 137
105 343
105 428
105 411
105 253
106 194
106 119
106 335
106 248
106 323
106 150
106 279
106 343
106 135
106 231
106 167
106 107
106 387
106 175
106 497
106 118
106 319
106 455
106 166
107 132
107 264
107 339
107 204
107 141
107 216
107 356
107 282
107 411
107 156
107 223
107 325
107 361
107 333
107 369
107 115
107 244
107 245
107 120
108 256
108 499
108 336
108 401
108 340
108 213
108 203
108 132
108 427
108 414
108 159
108 443
108 421
108 361
108 327
108 173
108 366
108 239
108 176
108 113
108 115
108 459
108 309
108 425
109 271
109 267
109 283
109 133
109 224
109 411
109 298
109 491
109 392
109 415
109 245
109 120
109 185
109 251
110 133
110 199
110 268
110 142
110 429
110 131
110 470
110 279
110 153
110 179
110 414
110 293
110 229
110 294
110 233
110 173
110 349
110 305
110 242
110 413
110 313
110 254
111 140
111 226
111 272
111 338
111 405
111 390
111 357
111 162
111 496
111 114
111 373
111 253
111 382
112 182
112 207
112 366
112 461
112 162
112 291
112 231
112 488
112 242
112 174
112 118
112 119
112 187
113 328
113 457
113 418
113 215
113 280
113 218
113 476
113 133
113 354
113 165
113 299
113 238
113 240
113 424
113 293
114 230
114 161
114 259
114 138
114 294
114 341
114 218
114 164
114 165
114 195
114 421
114 449
114 243
114 244
114 375
114 125
114 394
114 319
115 389
115 340
115 203
115 135
115 462
115 273
115 274
115 342
115 280
115 260
115 352
115 161
115 163
115 232
115 433
115 481
115 375
115 245
116 451
116 360
116 128
116 336
116 401
116 286
116 405
116 350
116 172
116 264
116 181
116 184
116 315
116 124
116 191
117 387
117 150
117 217
117 260
117 155
117 220
117 289
117 164
117 165
117 348
117 241
117 244
117 122
118 325
118 385
118 201
118 202
118 139
118 204
118 205
118 272
118 366
118 216
118 222
118 240
118 168
118 489
118 400
118 457
118 314
118 415
119 128
119 460
119 466
119 203
119 324
119 411
119 158
119 486
119 359
119 232
119 364
119 301
119 306
119 243
119 373
119 224
120 363
120 200
120 204
120 145
120 468
120 155
120 156
120 223
120 243
120 414
120 445
121 391
121 130
121 336
121 274
121 211
121 132
121 218
121 459
121 161
121 294
121 295
121 179
121 309
121 127
121 318
121 191
122 198
122 292
122 439
122 204
122 493
122 151
122 196
122 474
122 220
122 157
122 161
122 228
122 326
122 168
122 281
122 353
122 432
122 296
122 169
122 252
122 309
123 395
123 456
123 322
123 194
123 283
123 289
123 228
123 468
123 366
123 177
123 178
123 391
124 130
124 257
124 128
124 396
124 269
124 398
124 221
124 224
124 293
124 170
124 477
124 181
124 312
124 418
124 254
124 127
125 323
125 261
125 305
125 398
125 280
125 412
125 285
125 130
125 208
125 177
125 233
125 298
125 225
125 429
125 136
125 222
125 247
125 138
126 392
126 133
126 134
126 128
126 173
126 275
126 150
126 154
126 483
126 164
126 146
126 210
126 184
127 389
127 231
127 128
127 371
127 397
127 270
127 399
128 342
128 140
128 409
128 137
128 223
128 457
128 228
128 262
128 489
128 426
128 235
128 302
128 185
128 490
129 133
129 137
129 337
129 214
129 281
129 263
129 230
129 145
129 366
129 160
129 249
130 407
130 197
130 384
130 177
130 138
130 463
130 348
130 415
130 353
130 266
130 454
130 167
130 188
130 146
130 451
130 300
130 236
130 183
130 186
131 389
131 397
131 270
131 143
131 402
131 154
131 413
131 166
131 477
131 305
131 374
132 279
132 409
132 208
132 404
132 430
132 278
132 299
132 231
132 289
132 366
132 458
132 319
133 266
133 141
133 274
133 366
133 222
133 455
133 305
133 168
133 170
133 363
133 176
133 178
133 184
133 249
133 190
134 322
134 407
134 297
134 418
134 294
134 233
134 306
134 431
134 432
134 178
134 191
134 255
135 392
135 282
135 325
135 224
135 457
135 198
135 489
135 199
135 172
135 301
135 369
135 137
135 249
135 252
136 256
136 375
136 207
136 282
136 297
136 415
136 336
136 487
136 233
136 302
136 377
137 470
137 499
137 337
137 366
137 346
137 156
137 174
137 303
137 296
137 243
137 169
138 422
138 268
138 435
138 143
138 294
138 224
138 291
138 293
138 178
138 211
138 440
138 442
138 403
139 197
139 299
139 198
139 201
139 354
139 363
139 466
139 277
139 196
139 155
139 253
140 258
140 454
140 322
140 482
140 338
140 150
140 391
140 293
140 425
140 257
140 173
140 176
140 255
141 395
141 339
141 356
141 347
141 359
141 164
141 165
141 168
141 363
141 276
141 254
142 193
142 279
142 337
142 160
142 230
142 340
142 177
142 180
142 373
142 276
142 252
143 353
143 444
143 148
143 484
143 347
143 222
143 224
143 161
143 422
143 195
143 433
143 243
143 245
143 187
143 252
143 373
144 290
144 344
144 148
144 213
144 215
144 222
144 226
144 166
145 195
145 399
145 402
145 213
145 219
145 476
145 167
145 161
145 303
145 304
145 297
145 314
146 266
146 439
146 335
146 211
146 365
146 477
146 160
146 165
146 175
146 178
146 361
146 377
147 259
147 279
147 321
147 200
147 458
147 208
147 273
147 451
147 305
147 234
147 245
147 183
147 244
147 181
148 394
148 204
148 384
148 404
148 230
148 167
148 362
148 492
148 174
148 242
148 307
148 350
148 385
148 316
149 258
149 334
149 207
149 465
149 282
149 199
149 239
149 371
149 187
149 254
150 454
150 204
150 202
150 213
150 215
150 158
150 379
150 485
150 239
150 177
150 251
151 396
151 320
151 280
151 282
151 367
151 256
151 428
151 243
151 251
151 183
151 319
152 448
152 331
152 464
152 340
152 416
152 240
152 228
152 423
152 495
152 368
152 248
152 442
153 316
153 458
153 476
153 432
153 401
153 308
153 377
153 188
153 380
154 352
154 261
154 326
154 391
154 211
154 213
154 342
154 343
154 368
154 244
154 170
155 385
155 452
155 184
155 211
155 158
155 159
155 228
155 298
155 179
156 205
156 401
156 282
156 411
156 157
156 225
156 227
156 357
156 234
156 181
156 436
157 458
157 338
157 403
157 215
157 479
157 356
157 427
157 237
157 494
157 439
157 253
157 382
158 422
158 367
158 400
158 304
158 227
158 495
158 345
158 416
159 197
159 336
159 274
159 481
159 294
159 174
159 305
159 370
159 376
159 318
160 256
160 197
160 210
160 334
160 470
160 221
160 321
160 495
160 423
160 447
161 395
161 173
161 400
161 495
161 217
161 286
161 240
161 360
161 171
161 428
161 430
161 176
162 459
162 164
162 473
162 175
162 286
162 420
162 233
162 497
162 370
162 317
162 318
163 456
163 204
163 461
163 335
163 475
163 286
163 416
163 390
163 361
163 300
163 241
163 438
163 276
163 378
163 428
163 318
164 385
164 325
164 204
164 274
164 347
164 167
164 172
164 365
164 303
164 252
164 318
165 193
165 392
165 499
165 222
165 464
165 290
165 421
165 306
165 210
165 312
166 454
166 201
166 331
166 290
166 229
166 198
166 199
166 303
166 287
166 449
166 179
166 436
166 425
166 184
166 394
167 453
167 203
167 402
167 275
167 277
167 346
167 415
167 235
167 172
167 437
167 183
167 441
167 442
167 170
168 224
168 196
168 359
168 264
168 470
168 344
168 468
168 437
168 216
168 249
168 286
168 469
169 209
169 399
169 407
169 473
169 219
169 292
169 337
169 236
169 206
169 497
169 478
169 394
169 317
169 318
170 297
170 172
170 434
170 270
170 349
170 239
171 454
171 460
171 473
171 280
171 412
171 220
171 285
171 420
171 225
171 433
171 181
171 251
171 255
172 279
172 408
172 417
172 226
172 424
172 295
172 238
172 369
172 179
172 247
172 252
173 320
173 341
173 222
173 177
173 339
173 363
173 497
173 223
174 197
174 262
174 456
174 465
174 344
174 221
174 351
174 490
174 175
174 244
174 183
174 187
174 458
175 390
175 199
175 265
175 354
175 376
175 212
175 238
175 196
175 338
175 285
175 261
175 357
175 294
175 295
175 241
175 302
175 312
176 331
176 211
176 406
176 413
176 423
176 247
176 184
177 320
177 458
177 471
177 202
177 310
177 439
178 420
178 398
178 356
178 414
178 310
178 295
178 488
178 348
178 246
178 377
178 443
178 277
179 324
179 265
179 334
179 238
179 473
179 221
179 229
179 370
179 243
179 375
179 185
179 490
180 194
180 407
180 425
180 200
180 275
180 298
180 336
180 227
180 448
180 203
180 297
181 400
181 274
181 195
181 219
181 497
181 296
181 368
182 257
182 360
182 336
182 274
182 453
182 468
182 346
182 330
182 287
183 195
183 259
183 409
183 227
183 455
183 240
183 339
183 375
184 323
184 218
184 350
184 234
184 491
184 283
184 189
185 424
185 316
185 272
185 329
185 427
186 324
186 467
186 478
186 278
186 248
186 249
186 474
186 283
186 220
186 445
187 387
187 352
187 408
187 419
187 299
187 263
188 288
188 229
188 328
188 220
188 212
189 385
189 455
189 334
189 355
189 409
189 282
189 231
189 297
189 370
189 349
189 306
189 372
189 332
189 249
190 449
190 232
190 484
190 400
190 371
190 247
190 376
190 218
190 249
190 221
191 197
191 399
191 275
191 406
191 345
191 352
191 428
191 302
191 243
191 312
191 383
192 392
192 235
192 293
193 486
193 400
193 213
193 278
193 409
193 475
193 417
193 226
193 358
193 252
193 313
193 316
194 280
194 316
194 299
194 377
195 451
195 257
195 405
195 457
195 277
195 472
195 463
195 222
195 484
195 229
195 294
195 239
195 336
196 420
196 268
196 354
196 281
197 461
197 389
197 405
197 207
197 401
197 404
197 366
197 260
197 218
197 350
197 357
197 316
198 449
198 388
198 457
198 211
198 222
198 417
198 227
198 315
198 403
199 258
199 387
199 331
199 471
199 225
199 440
199 254
200 416
200 294
200 456
200 263
200 400
200 315
201 289
201 271
201 432
201 449
201 308
202 226
202 352
202 334
203 388
203 457
203 461
203 239
203 241
203 494
204 265
204 217
204 362
204 300
204 431
204 381
204 250
205 257
205 258
205 456
205 398
205 279
205 472
205 387
205 237
205 233
206 251
206 295
206 270
206 466
206 211
206 375
206 355
206 347
206 285
207 294
207 330
207 385
208 384
208 449
208 450
208 286
208 289
208 229
208 295
208 423
208 240
208 244
208 375
208 446
208 277
209 316
209 390
209 460
209 372
209 384
209 220
209 405
209 297
209 345
210 326
210 272
210 277
210 442
211 219
211 427
211 302
211 296
211 266
212 292
212 229
212 262
212 333
212 259
213 440
213 272
213 337
213 241
213 463
213 400
213 270
213 316
214 364
214 369
214 432
214 242
214 284
214 286
215 491
215 261
215 395
215 450
215 334
215 223
215 416
215 379
215 235
215 315
215 447
216 373
216 235
216 397
216 465
216 341
216 267
216 378
216 251
216 315
216 287
217 234
217 423
217 239
217 338
217 248
217 252
217 492
217 318
218 267
218 230
218 266
219 389
219 356
219 273
219 423
219 456
219 425
219 447
220 333
220 401
220 299
220 410
220 479
220 224
220 228
220 423
220 495
220 370
220 329
220 428
220 254
221 262
221 321
221 484
221 348
221 285
221 427
221 311
221 313
221 253
222 333
222 338
222 405
222 475
222 483
222 252
223 260
223 462
223 402
223 225
223 289
223 230
223 303
223 432
223 445
223 382
224 288
224 368
224 313
224 390
225 495
225 291
225 234
225 461
225 307
225 341
225 250
225 351
226 426
226 316
226 368
226 371
227 263
227 340
227 341
227 408
227 477
227 300
227 241
227 254
228 460
228 313
228 254
229 257
229 417
229 270
229 335
229 294
229 272
229 368
229 400
229 252
230 320
230 274
230 339
230 423
230 476
230 437
230 489
231 397
231 337
231 402
231 481
231 405
232 321
232 452
232 326
232 275
232 470
232 472
232 357
232 241
233 417
233 266
233 254
233 470
233 319
234 311
234 419
234 391
234 497
234 380
235 484
235 294
235 407
235 247
235 277
235 249
235 295
236 407
236 293
236 471
236 359
236 392
236 247
236 301
236 245
236 363
237 289
237 258
237 372
237 306
237 283
237 491
237 254
238 464
238 262
238 342
238 401
239 332
239 344
239 349
239 299
240 387
240 338
240 347
240 357
240 288
240 291
240 455
240 412
240 381
241 290
241 337
241 329
241 367
241 360
241 476
241 304
241 371
241 364
242 385
242 400
242 477
242 298
242 300
242 433
242 442
243 456
243 366
243 344
243 405
244 267
244 248
244 309
245 461
245 374
245 325
245 369
245 246
245 314
245 443
246 260
246 465
246 402
246 339
246 357
246 321
246 436
246 469
247 320
247 269
247 350
247 482
247 295
247 369
247 251
248 320
248 486
248 366
248 494
248 496
248 406
248 279
248 383
249 389
249 440
249 355
249 471
249 359
249 312
249 254
250 448
250 323
250 296
250 399
250 444
251 310
251 407
251 480
251 272
251 468
251 437
251 346
252 261
252 262
252 392
252 393
252 337
252 462
252 351
252 488
252 453
252 431
252 444
253 370
253 266
253 305
253 357
253 329
253 380
254 412
254 260
254 325
254 301
254 482
254 333
254 369
254 415
254 446
255 259
255 324
255 460
255 282
255 419
255 292
255 434
255 378
256 457
256 305
256 459
256 475
256 414
257 322
257 360
258 328
258 330
258 397
258 440
258 406
258 284
258 376
259 329
259 462
259 344
259 415
259 282
260 324
260 364
260 496
260 474
261 425
261 294
261 330
261 460
261 434
262 399
262 270
262 494
262 347
262 315
263 429
263 352
263 282
263 411
263 378
263 350
264 288
264 366
264 296
264 430
264 335
264 293
265 388
265 456
265 337
265 468
265 345
265 359
265 301
265 316
265 394
266 430
266 422
266 366
266 370
267 448
267 417
267 309
268 291
268 469
268 288
269 448
269 302
269 283
270 482
270 304
271 386
271 483
271 341
271 409
272 466
272 377
273 352
273 435
273 284
273 490
273 494
274 392
274 310
274 358
275 345
275 495
275 340
275 346
276 449
276 290
276 293
276 463
276 499
276 378
276 380
276 286
277 300
277 468
277 344
277 403
278 479
278 386
278 406
278 279
278 347
278 445
279 451
279 329
279 349
280 325
280 368
280 302
280 447
281 347
282 330
282 288
282 384
282 285
282 429
282 370
283 435
283 378
284 349
284 405
284 495
284 287
285 470
285 326
285 476
286 469
286 409
286 311
287 438
287 385
287 412
287 343
287 345
287 411
288 404
288 494
288 374
288 377
288 443
288 309
289 460
289 322
289 297
289 437
289 382
290 395
290 394
290 436
290 372
290 379
290 477
290 485
291 361
291 447
292 450
292 303
292 406
293 411
293 350
294 402
294 326
294 314
295 316
296 448
296 370
297 434
297 350
298 336
298 463
298 344
299 385
299 341
299 448
299 486
299 364
299 438
300 426
300 363
300 322
300 438
300 383
301 420
301 470
301 491
302 452
302 332
302 336
302 404
302 345
302 482
302 448
303 480
303 433
304 352
304 480
304 367
304 360
305 470
305 384
305 399
305 374
305 440
306 459
306 369
306 350
306 314
307 357
307 417
307 426
307 368
307 383
307 461
307 490
308 459
309 374
309 361
310 450
310 403
310 349
312 392
312 490
312 353
312 336
312 414
313 480
313 439
314 393
314 333
314 336
314 372
314 411
315 331
315 438
316 421
317 326
317 394
317 423
317 334
317 352
317 442
317 455
318 390
318 471
318 464
318 476
319 441
320 354
320 332
321 385
321 402
321 344
321 411
321 425
321 367
321 377
322 323
322 398
322 393
322 442
323 456
323 497
324 425
324 357
324 393
325 330
325 431
326 389
326 392
326 470
327 424
327 394
327 450
327 488
327 378
328 383
329 429
329 366
329 370
329 373
330 355
330 340
330 473
330 475
331 352
332 456
332 436
333 454
333 488
333 397
333 372
333 441
333 345
334 457
334 336
334 411
334 413
334 478
335 338
335 404
336 485
336 435
336 444
337 396
338 459
338 350
339 373
339 405
340 460
340 479
341 358
341 353
341 418
341 466
342 349
342 431
342 394
342 491
343 458
343 455
343 397
343 368
343 462
344 433
345 493
345 360
345 485
345 415
346 398
346 493
347 409
348 487
348 393
348 447
348 476
349 374
349 436
350 352
350 363
350 458
350 375
350 383
351 448
351 380
351 485
351 451
352 453
352 417
352 457
353 390
353 460
353 373
354 370
354 426
354 470
354 355
354 465
355 364
356 487
356 478
357 423
358 458
359 388
359 405
359 474
359 444
360 440
360 452
360 403
361 375
361 408
362 466
362 395
362 465
362 461
363 460
363 389
365 405
366 369
366 425
367 499
368 463
370 490
370 488
370 434
371 466
372 478
373 483
374 375
375 454
375 420
378 453
378 464
378 416
378 411
378 382
379 418
380 474
381 467
382 403
382 405
383 385
383 497
383 412
385 467
386 452
386 469
386 440
386 441
387 403
389 418
389 487
389 410
389 412
390 476
391 424
391 453
392 470
392 450
392 495
392 435
394 427
394 435
395 416
395 464
395 468
395 474
396 429
396 430
396 463
398 433
399 435
400 478
401 487
401 469
401 432
401 437
401 462
401 411
402 434
402 437
402 412
402 413
404 479
406 423
407 425
410 485
410 425
411 458
411 439
411 470
411 428
412 423
413 482
414 477
415 494
416 454
417 425
417 450
417 462
418 459
419 455
420 433
421 495
421 469
421 471
421 472
425 436
428 457
428 494
431 498
432 471
433 481
434 475
436 475
437 491
437 438
437 472
439 458
439 469
440 493
440 466
440 442
441 497
441 470
444 477
453 479
455 487
455 491
456 490
460 462
461 468
462 486
462 467
462 475
464 472
471 486
474 494
475 499
477 486
480 486
480 487
482 499
488 494
