0 1
0 2
0 3
0 4
0 5
0 6
0 7
0 8
0 9
0 10
0 11
0 12
0 13
0 14
0 15
0 16
0 17
0 18
0 19
0 20
0 21
0 22
0 23
0 24
0 25
0 26
0 27
0 28
0 29
0 30
0 31
0 32
0 33
0 34
0 35
0 36
0 37
0 38
0 39
0 40
0 41
0 42
0 43
0 44
0 45
0 46
0 47
0 48
0 49
0 50
0 51
0 52
0 53
0 54
0 55
0 56
0 57
0 58
0 59
0 60
0 61
0 62
0 63
0 64
0 65
0 66
0 67
0 68
0 69
0 70
0 71
0 72
0 73
0 74
0 75
0 76
0 77
0 78
0 79
0 80
0 81
0 82
0 83
0 84
0 85
0 86
0 87
0 88
0 89
0 90
0 91
0 92
0 93
0 94
0 95
0 96
0 97
0 98
0 99
0 100
0 101
0 102
0 103
0 104
0 105
0 106
0 107
0 108
0 109
0 110
0 111
0 113
0 114
0 116
0 117
0 118
0 119
0 121
0 122
0 123
0 124
0 125
0 126
0 127
0 128
0 130
0 132
0 133
0 134
0 135
0 136
0 138
0 139
0 140
0 141
0 142
0 143
0 144
0 145
0 146
0 147
0 148
0 149
0 150
0 151
0 152
0 153
0 154
0 155
0 158
0 160
0 161
0 166
0 168
0 169
0 171
0 172
0 173
0 175
0 176
0 178
0 180
0 182
0 184
0 190
0 191
0 192
0 193
0 195
0 196
0 197
0 199
0 200
0 201
0 202
0 204
0 207
0 208
0 210
0 212
0 213
0 214
0 220
0 222
0 223
0 227
0 229
0 230
0 231
0 232
0 233
0 235
0 237
0 239
0 240
0 241
0 243
0 244
0 245
0 246
0 249
0 250
0 251
0 252
0 253
0 255
0 256
0 257
0 258
0 264
0 265
0 266
0 267
0 268
0 269
0 270
0 271
0 277
0 280
0 281
0 282
0 284
0 289
0 290
0 291
0 293
0 294
0 305
0 308
0 309
0 310
0 312
0 314
0 316
0 317
0 318
0 319
0 321
0 322
0 323
0 324
0 328
0 332
0 337
0 338
0 339
0 342
0 344
0 346
0 348
0 350
0 354
0 355
0 356
0 358
0 360
0 361
0 367
0 370
0 373
0 374
0 376
0 377
0 381
0 383
0 384
0 385
0 386
0 387
0 388
0 389
0 391
0 393
0 394
0 397
0 400
0 401
0 404
0 407
0 414
0 415
0 417
0 418
0 419
0 421
0 426
0 427
0 429
0 430
0 431
0 433
0 434
0 436
0 437
0 438
0 439
0 441
0 442
0 444
0 447
0 451
0 453
0 454
0 457
0 458
0 459
0 463
0 465
0 466
0 468
0 469
0 472
0 476
0 481
0 482
0 488
0 493
0 494
0 495
0 498
1 2
1 3
1 4
1 5
1 6
1 7
1 8
1 9
1 10
1 11
1 12
1 13
1 14
1 15
1 16
1 17
1 18
1 19
1 20
1 21
1 22
1 23
1 24
1 25
1 26
1 27
1 28
1 29
1 30
1 31
1 32
1 33
1 34
1 35
1 36
1 37
1 38
1 39
1 40
1 41
1 42
1 43
1 44
1 45
1 46
1 47
1 49
1 50
1 51
1 52
1 53
1 54
1 55
1 56
1 57
1 58
1 59
1 60
1 61
1 62
1 63
1 66
1 67
1 68
1 69
1 70
1 71
1 72
1 73
1 74
1 75
1 76
1 77
1 78
1 79
1 80
1 82
1 83
1 84
1 86
1 87
1 88
1 90
1 91
1 92
1 93
1 95
1 97
1 98
1 99
1 101
1 102
1 103
1 104
1 107
1 110
1 112
1 113
1 114
1 115
1 116
1 119
1 120
1 121
1 125
1 130
1 131
1 132
1 135
1 137
1 138
1 140
1 145
1 149
1 151
1 156
1 157
1 158
1 161
1 162
1 163
1 164
1 166
1 167
1 169
1 172
1 173
1 174
1 179
1 180
1 181
1 184
1 193
1 199
1 200
1 203
1 205
1 209
1 218
1 219
1 221
1 223
1 227
1 231
1 235
1 236
1 237
1 238
1 240
1 241
1 246
1 247
1 250
1 252
1 260
1 264
1 273
1 276
1 278
1 280
1 286
1 288
1 289
1 291
1 294
1 298
1 305
1 309
1 311
1 312
1 315
1 316
1 324
1 328
1 333
1 334
1 335
1 337
1 340
1 346
1 347
1 348
1 350
1 351
1 354
1 362
1 365
1 378
1 379
1 382
1 383
1 387
1 389
1 392
1 395
1 398
1 403
1 408
1 413
1 417
1 418
1 421
1 426
1 427
1 428
1 435
1 439
1 447
1 451
1 454
1 457
1 458
1 459
1 460
1 461
1 463
1 472
1 476
1 477
1 483
1 484
1 489
1 490
1 493
1 499
2 3
2 4
2 5
2 6
2 7
2 8
2 9
2 10
2 11
2 12
2 13
2 14
2 15
2 16
2 17
2 18
2 19
2 20
2 21
2 22
2 23
2 24
2 25
2 26
2 27
2 28
2 29
2 30
2 31
2 32
2 33
2 34
2 35
2 36
2 37
2 39
2 40
2 41
2 42
2 43
2 44
2 47
2 48
2 50
2 51
2 54
2 55
2 56
2 58
2 60
2 61
2 64
2 66
2 67
2 69
2 70
2 71
2 72
2 75
2 76
2 79
2 81
2 82
2 83
2 84
2 86
2 89
2 90
2 94
2 96
2 101
2 105
2 107
2 114
2 118
2 119
2 122
2 124
2 125
2 129
2 130
2 131
2 132
2 133
2 134
2 138
2 140
2 144
2 148
2 149
2 151
2 161
2 162
2 168
2 171
2 172
2 176
2 177
2 178
2 179
2 186
2 189
2 190
2 193
2 196
2 197
2 198
2 200
2 201
2 202
2 203
2 205
2 208
2 209
2 210
2 213
2 218
2 219
2 220
2 222
2 223
2 224
2 228
2 232
2 233
2 234
2 238
2 239
2 242
2 243
2 244
2 245
2 246
2 254
2 259
2 261
2 263
2 264
2 273
2 274
2 280
2 282
2 286
2 287
2 288
2 289
2 306
2 308
2 311
2 314
2 315
2 317
2 318
2 319
2 320
2 321
2 323
2 324
2 329
2 334
2 335
2 344
2 345
2 351
2 353
2 355
2 360
2 366
2 367
2 371
2 386
2 388
2 389
2 390
2 391
2 394
2 396
2 397
2 398
2 399
2 401
2 405
2 408
2 410
2 412
2 415
2 416
2 423
2 429
2 435
2 437
2 440
2 447
2 454
2 464
2 469
2 476
2 480
2 489
2 490
2 497
3 4
3 5
3 6
3 7
3 8
3 9
3 10
3 11
3 12
3 13
3 14
3 15
3 16
3 17
3 18
3 19
3 20
3 21
3 22
3 23
3 24
3 25
3 26
3 27
3 28
3 29
3 30
3 31
3 32
3 33
3 34
3 36
3 37
3 39
3 40
3 41
3 42
3 43
3 45
3 46
3 47
3 48
3 50
3 307
3 53
3 54
3 55
3 56
3 57
3 314
3 60
3 61
3 63
3 64
3 67
3 70
3 481
3 275
3 75
3 76
3 77
3 336
3 81
3 84
3 341
3 86
3 87
3 345
3 346
3 91
3 92
3 95
3 352
3 97
3 493
3 101
3 102
3 401
3 105
3 106
3 365
3 111
3 112
3 115
3 116
3 122
3 277
3 129
3 386
3 358
3 132
3 133
3 134
3 137
3 138
3 140
3 141
3 142
3 143
3 145
3 147
3 148
3 151
3 154
3 155
3 156
3 158
3 311
3 416
3 295
3 283
3 497
3 169
3 171
3 172
3 271
3 176
3 178
3 180
3 385
3 441
3 186
3 415
3 444
3 447
3 193
3 265
3 459
3 196
3 390
3 289
3 203
3 398
3 290
3 288
3 208
3 210
3 212
3 303
3 292
3 219
3 476
3 222
3 263
3 367
3 226
3 228
3 486
3 490
3 235
3 237
3 238
3 240
3 241
3 242
3 246
3 248
3 250
3 251
3 281
4 5
4 6
4 7
4 8
4 9
4 10
4 11
4 12
4 13
4 14
4 15
4 16
4 273
4 18
4 19
4 20
4 21
4 22
4 23
4 24
4 25
4 27
4 28
4 29
4 30
4 261
4 32
4 33
4 35
4 342
4 37
4 38
4 39
4 296
4 41
4 43
4 257
4 45
4 46
4 47
4 48
4 49
4 51
4 56
4 313
4 58
4 266
4 62
4 65
4 267
4 69
4 70
4 72
4 268
4 74
4 76
4 78
4 80
4 81
4 84
4 85
4 86
4 92
4 349
4 94
4 351
4 367
4 97
4 354
4 355
4 356
4 103
4 106
4 359
4 109
4 111
4 113
4 305
4 121
4 378
4 449
4 362
4 126
4 128
4 385
4 473
4 131
4 307
4 133
4 134
4 321
4 137
4 394
4 395
4 397
4 144
4 280
4 494
4 150
4 152
4 154
4 155
4 157
4 329
4 312
4 162
4 411
4 326
4 167
4 168
4 301
4 455
4 172
4 430
4 432
4 328
4 434
4 181
4 182
4 183
4 441
4 187
4 445
4 190
4 192
4 288
4 452
4 453
4 289
4 201
4 203
4 204
4 205
4 363
4 207
4 209
4 466
4 382
4 303
4 408
4 217
4 474
4 476
4 221
4 293
4 224
4 226
4 484
4 231
4 238
4 401
4 496
4 424
4 242
4 499
4 245
4 247
4 332
4 255
5 358
5 6
5 7
5 8
5 9
5 10
5 11
5 12
5 13
5 14
5 15
5 16
5 17
5 18
5 19
5 300
5 21
5 22
5 25
5 27
5 28
5 29
5 30
5 31
5 32
5 33
5 34
5 35
5 36
5 293
5 294
5 40
5 42
5 299
5 44
5 45
5 259
5 49
5 53
5 55
5 56
5 57
5 60
5 320
5 66
5 67
5 324
5 325
5 292
5 268
5 74
5 75
5 79
5 80
5 312
5 84
5 301
5 86
5 343
5 344
5 89
5 92
5 93
5 94
5 357
5 98
5 350
5 102
5 273
5 104
5 316
5 362
5 108
5 274
5 368
5 116
5 117
5 374
5 120
5 122
5 123
5 127
5 384
5 311
5 131
5 277
5 389
5 260
5 492
5 138
5 139
5 142
5 400
5 401
5 414
5 156
5 158
5 159
5 160
5 418
5 283
5 165
5 423
5 168
5 170
5 171
5 428
5 432
5 177
5 179
5 286
5 183
5 440
5 441
5 186
5 287
5 330
5 191
5 192
5 452
5 200
5 202
5 203
5 460
5 213
5 216
5 217
5 475
5 220
5 222
5 479
5 224
5 228
5 232
5 489
5 327
5 236
5 493
5 238
5 296
5 244
5 245
5 248
5 251
6 262
6 7
6 8
6 9
6 10
6 11
6 13
6 15
6 16
6 17
6 18
6 19
6 20
6 21
6 22
6 473
6 281
6 26
6 27
6 28
6 29
6 30
6 31
6 32
6 35
6 36
6 37
6 38
6 41
6 42
6 44
6 46
6 48
6 49
6 306
6 51
6 52
6 479
6 56
6 266
6 59
6 61
6 352
6 66
6 67
6 69
6 72
6 74
6 79
6 80
6 81
6 84
6 86
6 271
6 349
6 94
6 95
6 96
6 99
6 102
6 104
6 106
6 110
6 115
6 117
6 119
6 123
6 126
6 128
6 131
6 133
6 135
6 396
6 493
6 145
6 404
6 405
6 407
6 452
6 154
6 155
6 413
6 425
6 175
6 286
6 187
6 450
6 195
6 196
6 198
6 456
6 457
6 458
6 375
6 204
6 209
6 212
6 292
6 475
6 293
6 307
6 431
6 468
6 237
6 243
6 248
6 249
6 253
6 255
7 257
7 8
7 9
7 10
7 11
7 12
7 13
7 14
7 15
7 16
7 17
7 18
7 19
7 276
7 21
7 278
7 24
7 260
7 26
7 29
7 32
7 35
7 36
7 39
7 291
7 43
7 44
7 45
7 303
7 52
7 54
7 57
7 58
7 61
7 394
7 319
7 480
7 66
7 323
7 68
7 69
7 70
7 292
7 268
7 331
7 76
7 334
7 83
7 84
7 86
7 87
7 344
7 91
7 349
7 94
7 98
7 443
7 104
7 362
7 271
7 437
7 317
7 112
7 114
7 371
7 116
7 374
7 123
7 125
7 127
7 128
7 385
7 387
7 364
7 138
7 143
7 145
7 148
7 405
7 152
7 409
7 495
7 325
7 160
7 161
7 170
7 171
7 429
7 174
7 175
7 177
7 180
7 181
7 185
7 347
7 187
7 188
7 313
7 451
7 198
7 199
7 200
7 202
7 463
7 208
7 209
7 211
7 399
7 470
7 216
7 217
7 474
7 280
7 479
7 224
7 232
7 233
7 239
7 245
8 9
8 10
8 11
8 13
8 14
8 15
8 16
8 17
8 18
8 19
8 20
8 21
8 22
8 23
8 25
8 26
8 27
8 284
8 29
8 30
8 31
8 35
8 36
8 37
8 39
8 298
8 43
8 44
8 45
8 46
8 47
8 385
8 49
8 55
8 315
8 60
8 62
8 63
8 64
8 302
8 66
8 69
8 326
8 75
8 78
8 269
8 270
8 87
8 346
8 271
8 92
8 98
8 99
8 102
8 112
8 113
8 115
8 495
8 117
8 375
8 343
8 404
8 319
8 124
8 381
8 382
8 127
8 128
8 129
8 130
8 387
8 132
8 388
8 141
8 142
8 143
8 148
8 277
8 407
8 408
8 153
8 410
8 411
8 409
8 282
8 158
8 164
8 421
8 166
8 171
8 173
8 430
8 285
8 176
8 179
8 180
8 185
8 287
8 189
8 446
8 455
8 203
8 204
8 205
8 207
8 213
8 471
8 420
8 220
8 222
8 223
8 231
8 235
8 239
8 241
8 499
8 253
9 307
9 10
9 11
9 12
9 13
9 14
9 16
9 482
9 19
9 333
9 316
9 24
9 26
9 27
9 28
9 29
9 30
9 261
9 33
9 34
9 35
9 36
9 39
9 296
9 41
9 42
9 43
9 46
9 47
9 304
9 305
9 50
9 51
9 53
9 393
9 59
9 60
9 62
9 65
9 68
9 69
9 71
9 72
9 77
9 318
9 85
9 86
9 87
9 89
9 91
9 93
9 361
9 100
9 105
9 107
9 111
9 370
9 117
9 119
9 377
9 122
9 379
9 125
9 345
9 127
9 137
9 395
9 141
9 400
9 145
9 408
9 410
9 495
9 156
9 282
9 160
9 295
9 164
9 165
9 423
9 168
9 169
9 470
9 429
9 174
9 284
9 433
9 435
9 287
9 188
9 189
9 373
9 449
9 194
9 453
9 199
9 201
9 458
9 291
9 207
9 465
9 211
9 212
9 303
9 216
9 218
9 478
9 226
9 229
9 230
9 235
9 236
9 493
9 238
9 239
9 242
9 251
10 11
10 12
10 14
10 16
10 17
10 274
10 259
10 20
10 277
10 24
10 281
10 26
10 27
10 30
10 32
10 33
10 36
10 37
10 308
10 42
10 45
10 46
10 303
10 49
10 50
10 51
10 52
10 54
10 56
10 57
10 58
10 317
10 62
10 66
10 323
10 72
10 75
10 79
10 83
10 341
10 87
10 346
10 94
10 353
10 356
10 103
10 105
10 109
10 367
10 372
10 120
10 125
10 129
10 132
10 397
10 406
10 152
10 154
10 412
10 283
10 164
10 167
10 174
10 432
10 177
10 181
10 184
10 446
10 262
10 289
10 207
10 465
10 211
10 469
10 420
10 225
10 295
10 239
10 245
10 306
11 12
11 269
11 14
11 15
11 273
11 18
11 21
11 278
11 23
11 281
11 282
11 261
11 34
11 35
11 39
11 40
11 43
11 45
11 47
11 48
11 50
11 53
11 310
11 315
11 60
11 61
11 320
11 480
11 67
11 78
11 79
11 80
11 81
11 83
11 270
11 86
11 345
11 346
11 94
11 489
11 356
11 103
11 365
11 114
11 116
11 117
11 118
11 119
11 379
11 381
11 129
11 401
11 146
11 147
11 148
11 149
11 155
11 157
11 163
11 165
11 168
11 169
11 171
11 174
11 431
11 179
11 182
11 186
11 188
11 189
11 191
11 196
11 373
11 201
11 202
11 472
11 222
11 263
11 228
11 337
11 233
11 323
11 244
11 245
11 249
11 252
11 253
12 264
12 256
12 271
12 17
12 18
12 19
12 21
12 24
12 260
12 26
12 29
12 33
12 34
12 36
12 37
12 294
12 476
12 42
12 43
12 47
12 49
12 308
12 56
12 316
12 62
12 65
12 66
12 68
12 72
12 73
12 75
12 333
12 340
12 85
12 86
12 350
12 96
12 60
12 107
12 111
12 113
12 115
12 105
12 377
12 125
12 406
12 136
12 394
12 141
12 145
12 148
12 150
12 196
12 154
12 155
12 159
12 418
12 166
12 424
12 172
12 186
12 188
12 452
12 455
12 460
12 204
12 290
12 211
12 217
12 220
12 222
12 293
12 263
12 227
12 493
12 241
12 322
13 266
13 258
13 14
13 365
13 16
13 19
13 20
13 22
13 23
13 408
13 299
13 29
13 311
13 32
13 34
13 35
13 420
13 37
13 38
13 423
13 41
13 135
13 172
13 483
13 49
13 51
13 52
13 55
13 312
13 187
13 60
13 134
13 406
13 64
13 65
13 66
13 70
13 71
13 493
13 204
13 183
13 76
13 162
13 206
13 335
13 82
13 291
13 84
13 142
13 91
13 361
13 257
13 351
13 315
13 486
13 358
13 103
13 259
13 188
13 362
13 108
13 237
13 243
13 244
13 245
13 119
13 376
13 212
13 403
13 462
13 455
14 16
14 18
14 19
14 20
14 21
14 24
14 132
14 26
14 411
14 28
14 414
14 197
14 32
14 34
14 163
14 164
14 40
14 41
14 170
14 242
14 128
14 137
14 371
14 445
14 58
14 187
14 189
14 446
14 63
14 64
14 435
14 68
14 69
14 202
14 203
14 77
14 386
14 207
14 80
14 375
14 348
14 90
14 463
14 92
14 93
14 351
14 224
14 144
14 482
14 227
14 131
14 101
14 358
14 361
14 107
14 237
14 110
14 111
14 475
14 113
14 114
14 258
14 374
14 119
14 376
14 448
14 298
14 125
14 126
14 425
15 268
15 16
15 17
15 18
15 19
15 21
15 22
15 279
15 260
15 283
15 284
15 30
15 31
15 32
15 36
15 37
15 40
15 42
15 43
15 44
15 45
15 47
15 55
15 312
15 57
15 317
15 321
15 66
15 67
15 68
15 325
15 70
15 73
15 330
15 80
15 56
15 340
15 398
15 87
15 89
15 346
15 94
15 351
15 353
15 101
15 102
15 273
15 103
15 109
15 112
15 403
15 374
15 121
15 122
15 379
15 127
15 386
15 137
15 138
15 140
15 397
15 142
15 365
15 303
15 147
15 150
15 409
15 154
15 417
15 326
15 173
15 176
15 439
15 442
15 187
15 74
15 446
15 192
15 197
15 456
15 204
15 465
15 210
15 468
15 214
15 377
15 378
15 223
15 336
15 81
15 232
15 233
15 234
15 494
15 240
15 246
16 151
16 145
16 20
16 22
16 23
16 24
16 132
16 156
16 29
16 133
16 160
16 240
16 163
16 292
16 37
16 129
16 41
16 426
16 47
16 176
16 136
16 432
16 52
16 309
16 439
16 473
16 313
16 315
16 316
16 266
16 190
16 296
16 66
16 67
16 68
16 197
16 457
16 482
16 462
16 269
16 152
16 81
16 339
16 84
16 472
16 217
16 90
16 220
16 477
16 96
16 97
16 408
16 100
16 102
16 465
16 105
16 108
16 110
16 157
16 40
16 116
16 318
16 246
16 169
16 250
17 265
17 138
17 144
17 18
17 19
17 148
17 171
17 24
17 415
17 28
17 30
17 31
17 161
17 134
17 38
17 295
17 362
17 425
17 42
17 135
17 44
17 385
17 351
17 52
17 181
17 54
17 311
17 57
17 442
17 287
17 330
17 62
17 458
17 65
17 389
17 202
17 75
17 333
17 78
17 336
17 81
17 468
17 86
17 215
17 88
17 89
17 476
17 93
17 478
17 95
17 353
17 354
17 99
17 102
17 104
17 233
17 234
17 239
17 112
17 114
17 374
17 378
17 124
17 125
17 255
18 137
18 483
18 367
18 20
18 277
18 22
18 407
18 25
18 155
18 156
18 29
18 30
18 491
18 32
18 33
18 34
18 35
18 241
18 470
18 300
18 370
18 321
18 431
18 433
18 435
18 52
18 158
18 184
18 428
18 61
18 63
18 160
18 66
18 245
18 196
18 309
18 70
18 74
18 204
18 333
18 312
18 338
18 83
18 214
18 88
18 217
18 474
18 91
18 93
18 229
18 225
18 99
18 101
18 106
18 363
18 364
18 237
18 239
18 113
18 114
18 116
18 117
18 118
18 120
18 319
18 125
19 407
19 275
19 20
19 178
19 23
19 152
19 25
19 26
19 155
19 28
19 414
19 31
19 32
19 33
19 35
19 37
19 133
19 40
19 42
19 173
19 47
19 347
19 49
19 50
19 53
19 438
19 56
19 441
19 58
19 187
19 60
19 273
19 63
19 65
19 409
19 195
19 68
19 326
19 71
19 73
19 75
19 332
19 78
19 397
19 450
19 81
19 340
19 86
19 491
19 271
19 93
19 350
19 481
19 485
19 145
19 161
19 306
19 492
19 289
19 239
19 168
19 499
19 376
19 123
19 255
20 268
20 21
20 278
20 28
20 287
20 33
20 290
20 291
20 292
20 41
20 43
20 47
20 50
20 54
20 311
20 436
20 58
20 67
20 71
20 74
20 78
20 80
20 83
20 340
20 90
20 349
20 95
20 356
20 357
20 362
20 107
20 365
20 112
20 373
20 430
20 127
20 128
20 388
20 22
20 390
20 193
20 393
20 404
20 152
20 154
20 157
20 160
20 167
20 169
20 427
20 174
20 413
20 180
20 439
20 440
20 443
20 416
20 195
20 196
20 197
20 200
20 201
20 202
20 375
20 34
20 205
20 215
20 472
20 207
20 486
20 233
20 236
20 493
20 498
20 244
20 255
21 137
21 144
21 472
21 195
21 22
21 132
21 27
21 28
21 29
21 30
21 33
21 34
21 163
21 36
21 37
21 294
21 129
21 156
21 306
21 175
21 50
21 179
21 53
21 244
21 442
21 187
21 60
21 66
21 67
21 196
21 70
21 72
21 396
21 75
21 462
21 80
21 81
21 467
21 340
21 284
21 471
21 344
21 345
21 476
21 93
21 459
21 464
21 483
21 188
21 323
21 493
21 495
21 240
21 40
21 116
21 425
21 248
22 386
22 128
22 406
22 23
22 25
22 431
22 29
22 31
22 416
22 33
22 34
22 36
22 37
22 400
22 40
22 41
22 42
22 43
22 428
22 175
22 48
22 177
22 50
22 54
22 185
22 59
22 316
22 191
22 441
22 323
22 182
22 130
22 417
22 454
22 201
22 74
22 331
22 332
22 482
22 206
22 141
22 336
22 335
22 87
22 356
22 218
22 207
22 353
22 226
22 100
22 229
22 237
22 366
22 495
22 424
22 370
22 117
22 122
22 379
22 127
23 133
23 260
23 263
23 396
23 256
23 143
23 273
23 277
23 89
23 24
23 25
23 26
23 29
23 295
23 35
23 423
23 166
23 167
23 41
23 299
23 173
23 178
23 180
23 56
23 59
23 188
23 318
23 63
23 64
23 267
23 70
23 71
23 72
23 356
23 98
23 209
23 84
23 301
23 87
23 228
23 477
23 480
23 400
23 226
23 100
23 357
23 359
23 104
23 107
23 370
23 235
23 123
23 345
24 133
24 342
24 279
24 258
24 275
24 46
24 27
24 157
24 31
24 34
24 261
24 165
24 129
24 42
24 171
24 429
24 174
24 431
24 48
24 179
24 53
24 186
24 60
24 319
24 64
24 449
24 323
24 452
24 198
24 199
24 200
24 331
24 442
24 207
24 81
24 83
24 142
24 43
24 292
24 90
24 348
24 93
24 94
24 390
24 99
24 486
24 316
24 492
24 168
24 117
24 477
24 254
25 129
25 137
25 269
25 273
25 303
25 28
25 29
25 30
25 160
25 35
25 36
25 40
25 297
25 43
25 44
25 157
25 177
25 437
25 54
25 183
25 56
25 313
25 443
25 188
25 61
25 320
25 441
25 67
25 197
25 427
25 74
25 333
25 78
25 336
25 337
25 211
25 377
25 216
25 384
25 349
25 482
25 485
25 230
25 359
25 259
25 274
25 381
25 240
25 497
25 339
25 372
25 413
25 249
25 477
25 125
26 179
26 312
26 143
26 401
26 153
26 27
26 284
26 29
26 261
26 33
26 411
26 164
26 326
26 39
26 40
26 41
26 42
26 43
26 50
26 47
26 177
26 178
26 51
26 56
26 415
26 62
26 319
26 65
26 197
26 70
26 71
26 333
26 81
26 83
26 86
26 221
26 95
26 224
26 357
26 102
26 103
26 361
26 234
26 387
26 238
26 113
26 372
26 446
26 374
26 122
26 125
26 264
27 141
27 398
27 143
27 450
27 451
27 154
27 156
27 29
27 30
27 162
27 36
27 37
27 422
27 40
27 171
27 45
27 264
27 286
27 54
27 56
27 58
27 138
27 134
27 191
27 194
27 323
27 199
27 459
27 204
27 80
27 209
27 210
27 86
27 89
27 94
27 225
27 327
27 99
27 229
27 492
27 112
27 498
27 318
27 375
28 257
28 264
28 138
28 473
28 140
28 143
28 132
28 156
28 157
28 30
28 159
28 288
28 33
28 34
28 475
28 36
28 38
28 40
28 42
28 304
28 48
28 456
28 52
28 54
28 183
28 59
28 266
28 64
28 452
28 197
28 70
28 72
28 268
28 74
28 459
28 398
28 78
28 463
28 81
28 340
28 213
28 471
28 420
28 218
28 347
28 350
28 95
28 484
28 422
28 209
28 259
28 359
28 108
28 111
28 113
28 147
28 122
28 123
29 139
29 280
29 410
29 30
29 32
29 432
29 36
29 134
29 38
29 129
29 169
29 43
29 174
29 48
29 437
29 182
29 55
29 312
29 187
29 444
29 192
29 64
29 197
29 70
29 247
29 332
29 461
29 386
29 483
29 212
29 484
29 54
29 144
29 227
29 228
29 357
29 274
29 110
29 495
29 424
29 302
29 245
29 41
29 340
29 124
29 255
30 257
30 397
30 145
30 154
30 32
30 33
30 134
30 38
30 39
30 170
30 391
30 136
30 51
30 479
30 137
30 185
30 187
30 61
30 194
30 197
30 70
30 328
30 262
30 484
30 216
30 100
30 474
30 219
30 92
30 477
30 293
30 96
30 97
30 482
30 355
30 228
30 422
30 232
30 384
30 109
30 381
30 371
30 247
30 248
30 250
30 253
31 393
31 396
31 130
31 398
31 148
31 218
31 158
31 415
31 160
31 33
31 162
31 164
31 295
31 40
31 171
31 296
31 49
31 178
31 52
31 182
31 58
31 59
31 60
31 317
31 190
31 191
31 66
31 197
31 70
31 327
31 328
31 202
31 76
31 386
31 269
31 464
31 81
31 86
31 87
31 89
31 152
31 227
31 358
31 492
31 306
31 108
31 238
31 368
31 113
31 115
31 121
31 122
31 123
31 403
32 401
32 350
32 278
32 408
32 35
32 36
32 262
32 129
32 426
32 173
32 46
32 304
32 128
32 53
32 55
32 184
32 58
32 191
32 435
32 69
32 71
32 437
32 76
32 482
32 79
32 83
32 87
32 399
32 94
32 226
32 99
32 491
32 368
32 114
32 116
32 373
32 246
32 248
32 250
32 123
32 255
33 257
33 279
33 144
33 145
33 151
33 418
33 169
33 299
33 172
33 434
33 115
33 180
33 286
33 182
33 441
33 159
33 394
33 319
33 310
33 70
33 202
33 75
33 334
33 79
33 465
33 84
33 213
33 90
33 92
33 94
33 97
33 482
33 233
33 106
33 402
33 243
33 246
33 362
33 254
34 132
34 262
34 400
34 273
34 150
34 159
34 36
34 293
34 422
34 39
34 169
34 42
34 48
34 305
34 178
34 55
34 364
34 443
34 60
34 192
34 449
34 265
34 455
34 458
34 332
34 206
34 369
34 209
34 156
34 216
34 90
34 91
34 94
34 167
34 108
34 109
34 238
34 113
34 243
34 137
34 253
34 126
35 363
35 493
35 303
35 410
35 283
35 284
35 393
35 163
35 416
35 476
35 135
35 44
35 47
35 176
35 49
35 50
35 51
35 300
35 411
35 189
35 319
35 193
35 471
35 417
35 72
35 330
35 77
35 79
35 209
35 291
35 213
35 87
35 216
35 346
35 205
35 92
35 93
35 94
35 344
35 226
35 422
35 488
35 106
35 235
35 146
35 243
35 249
35 126
36 337
36 144
36 274
36 133
36 432
36 390
36 38
36 41
36 43
36 44
36 47
36 175
36 385
36 128
36 52
36 309
36 310
36 265
36 62
36 288
36 194
36 452
36 69
36 201
36 458
36 331
36 334
36 81
36 339
36 84
36 214
36 87
36 94
36 374
36 231
36 104
36 361
36 234
36 366
36 112
36 446
36 268
36 425
36 413
36 490
37 270
37 388
37 289
37 164
37 134
37 223
37 176
37 177
37 51
37 187
37 62
37 319
37 65
37 323
37 196
37 70
37 73
37 75
37 204
37 207
37 464
37 339
37 212
37 213
37 87
37 463
37 130
37 96
37 123
37 491
37 110
37 396
37 251
37 380
37 149
38 43
38 385
38 394
38 256
38 274
38 150
38 408
38 153
38 390
38 167
38 424
38 41
38 171
38 301
38 430
38 177
38 51
38 436
38 56
38 59
38 190
38 63
38 192
38 193
38 322
38 67
38 49
38 199
38 73
38 74
38 62
38 76
38 141
38 84
38 87
38 88
38 331
38 221
38 95
38 344
38 99
38 103
38 108
38 113
38 245
38 381
39 394
39 45
39 461
39 273
39 406
39 260
39 90
39 160
39 161
39 169
39 42
39 391
39 44
39 173
39 46
39 175
39 433
39 55
39 57
39 188
39 321
39 68
39 69
39 72
39 311
39 76
39 77
39 324
39 333
39 338
39 212
39 87
39 348
39 218
39 220
39 96
39 99
39 101
39 401
39 362
39 236
39 113
39 242
39 115
39 375
39 376
39 468
39 251
39 124
40 394
40 162
40 163
40 292
40 41
40 298
40 300
40 306
40 46
40 49
40 50
40 53
40 310
40 313
40 444
40 189
40 377
40 324
40 325
40 202
40 290
40 207
40 453
40 214
40 365
40 429
40 79
40 94
40 224
40 131
40 486
40 103
40 237
40 370
40 302
40 246
40 376
40 121
40 252
40 253
40 126
41 193
41 140
41 401
41 146
41 151
41 152
41 260
41 286
41 42
41 430
41 433
41 137
41 56
41 59
41 190
41 64
41 65
41 71
41 73
41 77
41 81
41 466
41 211
41 343
41 89
41 91
41 231
41 404
41 363
41 108
41 62
41 118
41 247
41 249
41 252
41 125
42 135
42 141
42 350
42 281
42 154
42 416
42 417
42 421
42 457
42 257
42 45
42 46
42 47
42 176
42 53
42 182
42 55
42 187
42 67
42 69
42 200
42 329
42 74
42 331
42 76
42 461
42 78
42 83
42 89
42 412
42 476
42 94
42 225
42 443
42 358
42 259
42 107
42 157
42 113
42 297
42 380
42 126
43 387
43 277
43 409
43 160
43 424
43 44
43 174
43 264
43 53
43 184
43 58
43 60
43 190
43 64
43 323
43 324
43 325
43 454
43 457
43 463
43 82
43 339
43 84
43 344
43 395
43 95
43 354
43 448
43 496
43 242
43 276
44 387
44 469
44 140
44 397
44 144
44 404
44 286
44 261
44 417
44 292
44 470
44 297
44 391
44 48
44 433
44 50
44 51
44 56
44 287
44 60
44 445
44 65
44 322
44 77
44 85
44 96
44 98
44 358
44 234
44 497
44 371
44 117
44 425
44 249
44 383
45 140
45 270
45 387
45 280
45 218
45 286
45 415
45 160
45 419
45 166
45 169
45 498
45 177
45 180
45 437
45 183
45 185
45 443
45 446
45 320
45 69
45 200
45 204
45 212
45 472
45 90
45 347
45 348
45 96
45 101
45 358
45 167
45 468
45 366
45 114
45 403
45 249
45 170
46 386
46 268
46 145
46 274
46 149
46 286
46 162
46 163
46 134
46 171
46 172
46 303
46 177
46 51
46 53
46 182
46 55
46 56
46 60
46 64
46 416
46 73
46 439
46 290
46 206
46 80
46 210
46 211
46 84
46 477
46 96
46 97
46 226
46 102
46 103
46 105
46 468
46 494
46 241
46 247
46 137
46 251
46 125
47 138
47 281
47 154
47 156
47 415
47 48
47 49
47 53
47 329
47 317
47 193
47 267
47 140
47 439
47 84
47 85
47 87
47 216
47 217
47 347
47 93
47 97
47 354
47 396
47 102
47 490
47 242
47 147
47 245
47 246
47 136
47 426
48 325
48 71
48 201
48 330
48 130
48 203
48 451
48 87
48 90
48 155
48 421
48 96
48 355
48 262
48 306
48 178
48 114
48 245
48 118
48 491
48 249
48 250
48 394
49 274
49 149
49 278
49 413
49 162
49 164
49 421
49 294
49 170
49 427
49 174
49 176
49 306
49 308
49 181
49 311
49 56
49 315
49 446
49 70
49 203
49 210
49 467
49 84
49 229
49 227
49 101
49 489
49 490
49 485
49 338
49 110
49 241
49 366
49 119
50 132
50 129
50 140
50 256
50 145
50 274
50 151
50 281
50 166
50 305
50 52
50 236
50 443
50 394
50 318
50 447
50 67
50 72
50 201
50 74
50 78
50 463
50 337
50 216
50 345
50 474
50 395
50 93
50 224
50 195
50 401
50 387
50 424
50 114
50 499
50 62
50 126
51 171
51 129
51 136
51 396
51 454
51 404
51 456
51 397
51 289
51 262
51 263
51 200
51 308
51 55
51 312
51 188
51 130
51 328
51 439
51 386
51 79
51 209
51 89
51 207
51 350
51 165
51 480
51 485
51 361
51 366
51 241
51 118
51 124
51 264
52 133
52 139
52 398
52 279
52 154
52 286
52 416
52 347
52 165
52 263
52 435
52 261
52 55
52 187
52 61
52 319
52 454
52 72
52 331
52 332
52 80
52 337
52 83
52 213
52 86
52 474
52 91
52 208
52 59
52 358
52 103
52 493
52 367
52 373
52 118
52 381
52 127
53 263
53 74
53 207
53 336
53 84
53 471
53 474
53 239
53 92
53 427
53 286
53 301
53 162
53 100
53 259
53 233
53 173
53 449
53 469
53 131
53 54
53 184
53 59
53 362
53 126
53 447
54 72
54 492
54 305
54 141
54 334
54 271
54 384
54 217
54 218
54 154
54 95
54 425
54 163
54 421
54 231
54 284
54 428
54 411
54 302
54 111
54 264
54 435
54 495
54 374
54 311
54 248
54 252
54 191
55 71
55 96
55 247
55 418
55 488
55 482
55 83
55 212
55 88
55 331
55 156
55 414
55 261
55 453
55 443
55 165
55 104
55 199
55 108
55 456
55 114
55 201
55 187
55 170
55 190
56 135
56 428
56 402
56 278
56 285
56 415
56 390
56 167
56 170
56 171
56 174
56 62
56 191
56 196
56 75
56 84
56 341
56 349
56 97
56 99
56 229
56 104
56 112
56 116
56 373
56 468
57 322
57 65
57 72
57 73
57 241
57 190
57 363
57 82
57 382
57 87
57 282
57 91
57 92
57 477
57 69
57 396
57 129
57 220
57 106
57 338
57 210
57 321
57 168
57 181
57 374
57 137
57 364
57 314
57 428
57 60
57 317
57 126
57 319
58 265
58 274
58 275
58 302
58 406
58 388
58 154
58 419
58 295
58 220
58 430
58 385
58 179
58 181
58 183
58 314
58 59
58 188
58 138
58 325
58 77
58 461
58 214
58 169
58 92
58 350
58 109
58 496
58 244
58 375
58 382
59 67
59 389
59 455
59 64
59 138
59 75
59 211
59 459
59 158
59 95
59 198
59 360
59 323
59 110
59 284
59 310
59 60
59 446
60 134
60 193
60 153
60 410
60 422
60 167
60 297
60 287
60 179
60 437
60 315
60 188
60 61
60 65
60 66
60 139
60 71
60 73
60 79
60 465
60 85
60 343
60 354
60 485
60 360
60 387
60 109
60 367
60 379
60 383
61 388
61 69
61 73
61 202
61 141
61 273
61 82
61 84
61 249
61 154
61 412
61 346
61 419
61 100
61 390
61 106
61 496
61 258
61 286
61 116
61 191
62 430
62 279
62 416
62 289
62 418
62 326
62 427
62 174
62 351
62 318
62 197
62 70
62 75
62 405
62 210
62 339
62 340
62 213
62 86
62 471
62 219
62 165
62 104
62 234
62 113
62 190
62 246
62 124
62 469
63 343
63 260
63 69
63 70
63 193
63 486
63 138
63 268
63 143
63 82
63 78
63 154
63 87
63 324
63 90
63 93
63 94
63 214
63 225
63 291
63 134
63 167
63 454
63 107
63 285
63 310
63 115
63 244
63 246
63 489
63 371
63 313
63 237
64 271
64 403
64 149
64 411
64 156
64 159
64 162
64 166
64 305
64 438
64 318
64 328
64 248
64 84
64 270
64 88
64 474
64 352
64 228
64 485
64 235
64 237
64 239
64 240
64 116
64 117
64 72
64 121
64 122
64 380
65 66
65 267
65 69
65 73
65 75
65 467
65 461
65 212
65 388
65 155
65 265
65 100
65 170
65 370
65 140
65 172
65 436
65 190
65 118
65 123
65 126
65 191
66 259
66 492
66 272
66 261
66 146
66 167
66 193
66 172
66 432
66 128
66 180
66 309
66 190
66 435
66 195
66 324
66 329
66 208
66 82
66 467
66 92
66 422
66 105
66 234
66 235
66 108
66 109
66 238
66 239
66 112
66 244
66 245
66 124
67 142
67 275
67 284
67 214
67 163
67 423
67 300
67 302
67 309
67 312
67 316
67 189
67 139
67 201
67 80
67 81
67 466
67 212
67 86
67 471
67 473
67 96
67 225
67 166
67 230
67 104
67 106
67 110
67 499
67 119
67 494
67 124
67 126
68 133
68 110
68 151
68 408
68 281
68 261
68 425
68 301
68 434
68 184
68 441
68 186
68 287
68 189
68 330
68 203
68 336
68 81
68 84
68 86
68 87
68 472
68 345
68 218
68 91
68 97
68 99
68 356
68 337
68 104
68 236
68 238
68 118
68 124
68 126
69 386
69 147
69 149
69 158
69 159
69 135
69 174
69 304
69 270
69 308
69 309
69 442
69 481
69 457
69 336
69 85
69 441
69 350
69 225
69 98
69 102
69 358
69 231
69 360
69 423
69 302
69 373
69 120
69 380
70 265
70 132
70 149
70 260
70 418
70 163
70 166
70 171
70 306
70 179
70 437
70 185
70 445
70 192
70 327
70 202
70 75
70 207
70 211
70 463
70 79
70 94
70 421
70 99
70 100
70 104
70 234
70 113
70 153
71 259
71 439
71 143
71 146
71 149
71 155
71 156
71 166
71 424
71 304
71 181
71 311
71 318
71 191
71 331
71 457
71 183
71 78
71 216
71 89
71 91
71 93
71 478
71 225
71 233
71 107
71 236
71 274
71 494
71 245
71 118
71 217
71 380
72 259
72 395
72 256
72 145
72 107
72 164
72 421
72 297
72 299
72 349
72 128
72 439
72 315
72 195
72 325
72 198
72 82
72 84
72 213
72 470
72 377
72 91
72 221
72 96
72 225
72 363
72 110
72 370
72 121
72 382
72 127
73 259
73 321
73 374
73 211
73 137
73 202
73 435
73 142
73 402
73 83
73 212
73 149
73 150
73 87
73 380
73 288
73 455
73 231
73 107
73 365
73 253
73 113
73 449
73 268
73 121
73 254
73 213
74 213
74 201
74 469
74 203
74 83
74 149
74 283
74 150
74 287
74 288
74 164
74 198
74 425
74 109
74 371
74 457
74 440
74 313
74 446
74 85
75 272
75 406
75 288
75 167
75 424
75 425
75 300
75 138
75 184
75 317
75 318
75 319
75 196
75 246
75 327
75 76
75 470
75 87
75 353
75 354
75 102
75 231
75 362
75 109
75 238
75 239
75 114
75 116
75 118
76 136
76 258
76 365
76 82
76 131
76 331
76 353
76 98
76 162
76 101
76 194
76 135
76 301
76 438
76 120
76 249
77 322
77 132
77 225
77 330
77 139
77 466
77 131
77 409
77 88
77 153
77 219
77 94
77 97
77 290
77 307
77 190
78 194
78 299
78 133
78 141
78 338
78 86
78 441
78 327
78 474
78 431
78 92
78 477
78 289
78 162
78 440
78 376
78 199
78 239
78 116
78 312
78 436
78 122
78 123
79 491
79 196
79 243
79 136
79 96
79 322
79 464
79 81
79 340
79 87
79 91
79 92
79 101
79 162
79 133
79 103
79 454
79 106
79 263
79 238
79 200
79 449
79 155
79 374
79 247
79 95
80 256
80 266
80 140
80 141
80 337
80 163
80 203
80 343
80 472
80 89
80 282
80 155
80 350
80 416
80 161
80 162
80 342
80 376
80 425
80 362
80 368
80 420
80 184
80 441
80 122
80 380
80 125
80 126
81 135
81 136
81 138
81 156
81 157
81 288
81 289
81 424
81 480
81 173
81 175
81 178
81 184
81 416
81 322
81 200
81 375
81 204
81 83
81 468
81 301
81 88
81 89
81 96
81 195
81 234
81 235
81 451
81 240
81 241
81 115
81 117
81 252
82 451
82 196
82 257
82 334
82 83
82 342
82 445
82 409
82 92
82 349
82 222
82 95
82 224
82 481
82 101
82 103
82 317
82 339
82 382
82 375
82 287
82 126
83 128
83 130
83 270
83 271
83 400
83 274
83 147
83 279
83 413
83 303
83 182
83 185
83 323
83 324
83 339
83 212
83 217
83 395
83 99
83 209
83 487
83 108
83 367
83 121
83 123
83 253
83 255
84 142
84 131
84 404
84 388
84 261
84 288
84 162
84 390
84 296
84 314
84 159
84 450
84 451
84 198
84 161
84 141
84 216
84 92
84 485
84 368
84 417
84 114
84 121
85 321
85 459
85 462
85 207
85 338
85 367
85 340
85 410
85 155
85 223
85 225
85 102
85 105
85 106
85 175
85 499
85 179
85 121
85 123
85 234
86 256
86 402
86 149
86 278
86 408
86 412
86 154
86 431
86 178
86 181
86 137
86 184
86 316
86 319
86 471
86 199
86 339
86 212
86 343
86 477
86 351
86 273
86 259
86 105
86 323
86 491
86 360
86 115
86 122
86 126
87 406
87 269
87 146
87 162
87 168
87 300
87 314
87 188
87 90
87 219
87 349
87 225
87 360
87 362
87 385
87 371
87 118
87 377
87 253
88 449
88 265
88 204
88 141
88 144
88 214
88 345
88 91
88 221
88 312
88 400
88 457
88 411
88 104
88 306
88 367
88 242
88 246
88 184
88 123
89 267
89 132
89 202
89 247
89 387
89 149
89 342
89 329
89 156
89 157
89 158
89 400
89 226
89 347
89 165
89 488
89 107
89 493
89 111
89 432
89 180
89 374
89 137
89 248
89 244
89 330
89 189
90 132
90 134
90 327
90 140
90 322
90 301
90 482
90 146
90 221
90 223
90 100
90 262
90 426
90 108
90 432
90 386
90 250
90 192
90 191
91 354
91 326
91 343
91 288
91 372
91 144
91 188
91 148
91 324
91 154
91 444
91 93
91 159
91 193
91 336
91 379
91 356
91 170
91 257
91 338
91 495
91 233
91 121
91 249
91 124
91 313
91 127
92 193
92 268
92 140
92 451
92 249
92 93
92 96
92 165
92 210
92 238
92 175
92 385
92 430
92 376
92 123
92 444
92 245
93 299
93 132
93 469
93 202
93 267
93 332
93 354
93 239
93 342
93 215
93 197
93 344
93 226
93 228
93 102
93 480
93 135
93 497
93 147
93 118
93 183
93 283
93 347
93 319
94 129
94 386
94 146
94 451
94 413
94 164
94 169
94 299
94 302
94 434
94 187
94 188
94 323
94 325
94 417
94 456
94 331
94 213
94 223
94 108
94 365
94 111
94 499
94 244
94 247
94 121
94 251
94 254
94 469
95 132
95 325
95 200
95 192
95 275
95 149
95 157
95 414
95 165
95 96
95 480
95 98
95 100
95 102
95 305
95 340
95 171
95 113
95 276
95 314
95 445
95 497
96 480
96 133
96 300
96 119
96 210
96 174
96 406
96 445
96 152
96 233
96 338
96 393
96 176
96 98
96 105
96 189
96 466
96 366
96 118
96 267
96 183
96 447
97 225
97 207
97 286
97 387
97 269
97 441
97 153
97 303
97 312
97 482
97 229
97 295
97 340
97 233
97 426
97 368
97 113
97 114
97 432
97 372
97 117
97 120
97 121
97 318
97 447
98 451
98 172
98 459
98 256
98 463
98 400
98 384
98 404
98 270
98 346
98 219
98 412
98 329
98 418
98 355
98 420
98 357
98 105
98 238
98 287
98 242
98 307
98 169
98 120
98 124
99 194
99 389
99 449
99 266
99 262
99 258
99 493
99 280
99 409
99 481
99 222
99 159
99 289
99 370
99 454
99 359
99 173
99 287
99 328
99 114
99 403
99 121
99 186
99 223
99 126
100 130
100 195
100 449
100 264
100 460
100 273
100 152
100 225
100 291
100 421
100 230
100 170
100 107
100 415
100 251
100 234
101 453
101 134
101 199
101 226
101 202
101 139
101 162
101 407
101 216
101 332
101 410
101 220
101 288
101 289
101 207
101 294
101 170
101 299
101 172
101 386
101 268
101 265
101 184
102 258
102 132
102 137
102 275
102 203
102 216
102 345
102 187
102 164
102 169
102 490
102 491
102 320
102 114
102 371
102 478
102 123
102 380
103 266
103 140
103 210
103 275
103 276
103 277
103 412
103 416
103 482
103 283
103 399
103 106
103 483
103 305
103 307
103 437
103 374
103 146
104 363
104 329
104 138
104 454
104 131
104 448
104 494
104 164
104 410
104 155
104 198
104 233
104 235
104 238
104 496
104 113
104 310
104 380
104 381
105 258
105 226
105 290
105 205
105 367
105 395
105 144
105 167
105 297
105 170
105 111
105 176
105 178
105 179
105 117
105 332
106 353
106 139
106 260
106 463
106 157
106 294
106 235
106 180
106 312
106 251
106 444
106 190
107 390
107 331
107 271
107 402
107 419
107 277
107 280
107 410
107 222
107 180
107 423
107 109
107 179
107 116
107 318
107 438
107 119
107 148
107 313
107 126
108 133
108 454
108 273
108 276
108 216
108 416
108 163
108 230
108 430
108 239
108 369
108 179
108 309
108 248
108 377
108 186
108 444
109 128
109 139
109 205
109 256
109 401
109 146
109 147
109 482
109 459
109 153
109 283
109 224
109 297
109 236
109 286
109 189
110 130
110 183
110 204
110 205
110 179
110 238
110 150
110 119
110 152
111 385
111 134
111 199
111 144
111 131
111 148
111 249
111 216
111 160
111 195
111 430
111 305
111 121
111 190
112 142
112 277
112 342
112 279
112 153
112 219
112 248
112 159
112 480
112 294
112 171
112 240
112 116
112 182
112 311
112 313
113 427
113 453
113 129
113 209
113 149
113 152
113 155
113 199
113 227
113 412
113 135
113 146
113 456
113 117
113 182
113 247
113 185
113 253
114 198
114 320
114 149
114 203
114 216
114 250
114 491
114 186
114 459
114 223
114 230
114 233
114 135
114 236
114 238
114 177
114 385
114 441
114 122
115 137
115 138
115 442
115 286
115 223
115 224
115 229
115 166
115 168
115 170
115 171
115 493
115 430
115 181
115 268
115 376
115 396
116 460
116 140
116 209
116 131
116 343
116 494
116 418
116 380
116 323
116 174
116 239
116 185
116 124
116 126
116 191
117 392
117 135
117 458
117 139
117 380
117 453
117 162
117 228
117 289
117 304
117 499
117 245
117 182
117 121
117 252
118 285
118 262
118 192
118 130
118 280
118 452
118 157
118 389
118 420
118 165
118 234
118 430
118 151
118 253
119 136
119 460
119 399
119 131
119 235
119 395
119 159
119 421
119 387
119 379
119 252
119 264
120 327
120 471
120 396
120 354
120 398
120 336
120 340
120 215
120 472
120 412
120 414
120 352
120 434
120 302
120 306
120 244
120 447
120 159
120 253
120 255
121 195
121 133
121 353
121 394
121 141
121 142
121 376
121 463
121 471
121 421
121 499
121 372
121 184
121 441
121 187
121 213
122 132
122 136
122 460
122 273
122 341
122 223
122 160
122 417
122 342
122 412
122 426
122 352
122 429
122 154
122 425
123 471
123 418
123 409
123 162
123 295
123 453
123 199
123 237
123 305
123 318
124 321
124 138
124 464
124 275
124 276
124 441
124 222
124 357
124 229
124 372
124 491
124 236
124 494
124 432
124 200
124 312
124 313
124 252
124 125
124 447
125 334
125 302
125 459
125 450
125 276
125 213
125 406
125 412
125 469
125 290
125 229
125 129
125 427
125 128
125 244
125 439
125 383
126 386
126 437
126 153
126 285
126 144
126 300
126 173
126 304
126 252
126 191
127 460
127 208
127 210
127 199
127 165
127 166
127 299
127 364
127 304
127 371
127 255
128 299
128 140
128 237
128 150
128 324
128 347
128 199
128 482
128 360
128 135
128 499
128 190
129 160
129 324
129 385
129 457
129 271
129 273
129 463
129 313
129 331
129 335
129 485
129 164
129 357
129 294
129 171
129 486
129 253
129 372
129 472
130 339
130 193
130 329
130 138
130 258
130 273
130 210
130 475
130 156
130 162
130 401
130 412
130 493
130 187
131 391
131 460
131 405
131 287
131 230
131 167
131 180
131 444
131 383
132 162
132 396
132 143
132 212
132 186
132 352
132 272
132 315
132 270
132 233
132 377
132 187
132 444
133 461
133 282
133 185
133 372
133 234
133 305
133 248
133 254
134 391
134 267
134 270
134 335
134 401
134 211
134 280
134 281
134 476
134 161
134 228
134 231
134 425
134 299
134 364
134 496
134 403
134 314
135 259
135 144
135 274
135 470
135 219
135 490
135 289
135 228
135 192
135 202
135 394
136 398
136 337
136 212
136 282
136 219
136 346
136 161
136 292
136 359
136 173
136 366
136 140
136 243
136 254
137 192
137 388
137 435
137 156
137 157
137 291
137 165
137 232
137 365
137 436
137 382
137 394
137 190
138 200
138 332
138 322
138 320
138 147
138 150
138 214
138 162
138 476
138 362
138 487
138 371
138 382
139 450
139 326
139 268
139 141
139 470
139 281
139 484
139 296
139 239
139 251
139 252
139 362
140 369
140 442
140 210
140 147
140 150
140 434
140 351
140 208
140 227
140 199
140 496
140 177
140 313
140 186
140 252
140 317
140 319
141 269
141 147
141 395
141 160
141 393
141 291
141 231
141 175
141 176
141 306
141 179
141 204
141 309
141 329
141 315
142 257
142 441
142 417
142 320
142 337
142 147
142 341
142 343
142 153
142 288
142 416
142 465
142 169
142 362
142 200
142 306
142 499
142 183
143 194
143 267
143 259
143 148
143 469
143 284
143 298
143 437
143 312
143 253
143 383
144 385
144 197
144 201
144 205
144 157
144 261
144 229
144 490
144 455
144 368
144 242
144 462
145 242
145 379
145 188
145 208
145 263
146 320
146 451
146 204
146 404
146 152
146 282
146 346
146 474
146 151
146 427
146 366
146 434
146 243
146 181
146 186
146 188
146 189
146 373
147 320
147 329
147 209
147 276
147 270
147 203
147 215
147 412
147 444
147 156
147 160
147 226
147 360
147 169
147 284
147 185
147 251
147 380
147 330
148 389
148 265
148 450
148 495
148 472
148 363
148 427
148 304
148 311
148 477
148 445
148 383
149 456
149 207
149 274
149 174
149 408
149 155
149 390
149 352
149 482
149 355
149 425
149 265
149 314
149 266
149 191
150 302
150 345
150 284
150 158
150 379
150 229
150 427
150 365
150 309
150 182
150 266
150 253
151 214
151 266
151 420
151 409
151 423
151 316
151 442
151 318
151 223
152 288
152 194
152 328
152 270
152 320
152 223
152 170
152 491
152 241
152 370
152 183
153 490
153 456
153 325
153 212
153 342
153 441
153 283
153 220
153 350
153 290
153 305
153 170
153 299
153 430
153 200
153 249
153 187
153 445
154 182
154 269
154 206
154 272
154 273
154 473
154 250
154 356
154 487
154 168
154 180
154 446
155 392
155 269
155 273
155 285
155 222
155 224
155 176
155 486
155 294
155 497
155 289
155 306
155 252
156 200
156 461
156 157
156 223
156 224
156 161
156 347
156 164
156 488
156 323
156 272
156 181
157 418
157 159
157 408
157 167
157 298
157 178
157 435
157 393
157 376
157 212
157 215
158 386
158 196
158 265
158 205
158 461
158 273
158 340
158 410
158 476
158 354
158 237
159 196
159 332
159 461
159 291
159 213
159 408
159 350
159 228
159 357
159 365
159 432
159 212
159 443
160 235
160 200
160 337
160 213
160 217
160 263
160 338
160 370
160 371
160 184
160 249
160 251
161 499
161 335
161 275
161 341
161 296
161 257
161 302
161 178
161 307
161 244
161 439
161 187
162 261
162 204
162 405
162 280
162 404
162 434
162 432
162 178
162 307
162 313
163 320
163 335
163 407
163 473
163 218
163 413
163 350
163 454
163 234
163 493
163 240
163 241
163 308
163 183
164 193
164 399
164 278
164 377
164 280
164 199
164 428
164 429
164 179
164 181
164 311
164 202
165 459
165 388
165 197
165 200
165 435
165 334
165 210
165 278
165 216
165 245
166 224
166 362
166 290
166 335
166 182
166 345
166 347
166 477
167 398
167 341
167 342
167 357
167 296
167 203
167 488
167 315
168 390
168 334
168 400
168 408
168 494
168 260
168 412
168 229
168 238
168 317
168 190
168 383
169 266
169 210
169 279
169 219
169 294
169 232
169 376
169 382
170 205
170 212
170 334
170 473
170 489
170 372
170 186
170 444
170 445
171 435
171 429
171 402
171 340
171 238
171 342
171 474
171 224
171 420
171 421
171 470
171 361
171 173
171 264
171 242
171 316
172 462
172 430
172 215
172 461
172 271
172 419
172 356
172 353
172 177
172 308
172 309
172 248
172 192
172 245
173 322
173 460
173 419
173 214
173 479
173 233
173 498
173 310
173 439
173 376
173 447
174 340
174 218
174 389
174 474
174 356
174 231
174 181
174 251
175 457
175 463
175 336
175 344
175 288
175 488
175 362
175 372
175 437
175 310
175 441
176 396
176 268
176 338
176 275
176 404
176 213
176 357
176 419
176 360
176 365
176 303
176 432
176 242
176 312
176 460
177 193
177 196
177 486
177 428
177 221
177 250
178 388
178 455
178 271
178 400
178 211
178 404
178 213
178 359
178 401
178 372
178 245
178 250
178 253
178 255
179 299
179 394
179 269
179 208
179 340
179 463
179 228
179 444
179 231
179 367
179 180
179 183
179 397
179 315
179 191
180 374
180 454
180 397
180 216
180 474
180 230
180 238
180 182
180 318
180 383
181 373
181 454
181 230
181 404
181 330
181 319
182 194
182 454
182 269
182 279
182 497
182 419
182 357
182 359
182 232
183 418
183 208
183 410
183 314
183 290
183 426
183 244
184 194
184 470
184 448
184 282
184 475
184 414
184 287
184 408
184 419
184 423
184 489
184 364
184 302
185 268
185 366
185 243
185 409
185 378
185 253
185 390
186 256
186 262
186 236
186 499
186 477
186 287
186 417
186 371
186 379
187 224
187 197
187 222
187 465
187 196
187 430
187 304
187 336
187 306
187 362
188 271
188 333
188 281
188 314
188 288
188 396
188 237
188 251
189 485
189 230
189 363
189 237
189 238
189 397
189 347
190 197
190 456
190 396
190 205
190 463
190 196
190 239
190 286
190 400
190 359
190 310
190 253
191 394
191 342
191 408
191 220
191 289
191 354
191 374
191 498
191 369
191 449
191 375
192 194
192 226
192 207
192 361
192 238
192 496
192 305
192 308
192 236
192 380
193 207
193 337
193 333
193 296
193 241
193 212
193 254
194 260
194 390
194 266
194 212
194 463
194 222
194 361
194 374
194 253
194 319
195 488
195 324
195 267
195 346
196 207
196 328
196 201
196 205
196 206
196 483
196 284
196 355
196 295
196 300
196 303
196 249
197 256
197 356
197 202
197 460
197 318
197 334
197 214
197 271
197 228
197 426
197 302
198 417
198 292
198 358
198 367
198 496
198 310
199 406
199 274
199 339
199 364
199 309
200 384
200 418
200 243
200 220
200 433
200 440
201 337
201 338
201 343
201 349
201 480
201 421
201 312
202 211
202 270
202 342
202 359
203 385
203 331
203 408
203 275
203 213
203 344
203 426
203 437
203 446
204 354
204 345
204 413
204 363
204 338
204 370
205 382
205 300
205 367
205 466
205 211
205 344
205 379
206 336
206 458
206 213
206 383
206 269
207 213
207 463
207 219
207 347
207 357
207 239
207 392
208 451
208 275
208 391
208 430
208 463
208 216
208 484
208 314
209 458
209 322
209 467
209 466
209 220
209 221
209 223
209 293
209 302
210 392
210 330
210 377
210 409
210 412
210 347
210 236
210 250
210 444
211 256
211 449
211 406
211 215
211 479
211 360
211 363
211 304
211 248
212 425
212 306
212 310
212 287
213 282
213 422
213 498
213 499
213 318
213 229
213 264
214 488
214 387
214 281
214 218
214 284
214 485
214 483
214 229
214 431
214 369
214 244
214 309
215 416
215 484
215 241
215 360
215 270
215 336
215 309
215 255
216 256
216 323
216 337
216 279
216 300
216 250
216 382
217 360
217 297
217 308
217 380
217 374
217 463
217 220
218 274
218 403
218 308
218 265
218 404
219 356
219 431
219 321
219 440
219 248
219 377
220 441
220 396
220 461
220 279
220 350
220 223
220 353
220 367
220 242
220 372
220 317
221 425
221 427
221 396
221 304
221 279
221 428
222 263
222 442
222 290
222 293
222 294
222 297
222 242
222 312
222 250
223 425
223 378
223 314
224 384
224 395
224 386
224 462
224 357
224 416
224 358
224 431
224 488
224 375
225 353
225 303
225 432
225 369
225 293
225 444
226 360
226 238
226 251
226 494
226 293
227 418
227 355
227 356
227 298
227 278
228 338
228 323
228 294
228 300
228 466
228 434
228 372
228 319
229 306
229 348
229 319
230 279
230 310
230 233
230 284
231 391
231 403
231 276
231 342
231 408
231 410
231 351
231 246
231 358
231 439
232 355
232 260
232 258
232 239
232 434
232 445
232 381
232 479
233 301
233 344
233 324
233 316
233 300
233 433
233 481
233 276
233 252
234 424
234 265
234 464
234 315
234 348
235 337
235 369
235 356
235 476
235 457
235 479
236 423
236 460
236 342
237 304
237 319
237 275
237 436
237 475
238 461
238 274
238 358
239 324
239 387
239 293
239 297
240 484
240 326
240 305
240 334
240 308
240 377
240 319
241 346
241 284
241 414
241 351
241 288
241 368
241 248
241 378
242 364
242 307
242 359
242 446
242 341
243 358
243 408
243 304
243 248
243 250
243 442
244 451
244 268
244 413
244 303
244 439
245 463
245 337
245 353
245 496
245 319
246 326
246 454
246 335
246 274
246 395
246 411
246 293
246 252
247 393
247 327
247 304
247 270
248 262
248 363
248 334
248 398
248 410
248 283
248 287
248 419
248 298
248 355
248 301
248 382
249 387
249 334
249 365
249 285
249 496
249 299
249 317
249 446
250 262
250 387
250 398
250 399
250 375
251 295
251 403
251 395
251 433
251 470
252 260
252 323
252 342
252 395
252 490
252 428
252 441
253 449
253 358
253 295
253 301
254 448
254 321
254 322
254 304
254 306
254 458
255 460
255 338
255 409
256 391
256 290
256 397
256 372
256 277
256 403
256 405
257 320
257 393
257 267
257 341
257 344
257 282
257 346
257 299
257 428
257 308
257 443
258 294
258 402
258 310
259 310
259 422
259 404
259 409
259 415
260 386
260 437
260 268
260 397
260 347
261 320
261 401
261 364
262 396
262 302
263 420
263 390
263 265
263 408
263 409
263 282
264 428
264 386
264 331
264 395
265 343
265 414
265 293
265 296
265 489
265 435
266 485
266 461
266 287
267 416
267 291
267 413
267 411
267 361
268 321
268 394
268 473
268 351
269 427
269 493
269 463
269 399
269 352
269 448
269 318
270 493
270 402
270 346
270 293
270 489
270 425
270 378
271 386
271 452
271 460
271 398
271 400
271 274
271 404
271 346
271 414
271 289
271 418
271 298
271 369
271 315
271 316
272 467
272 376
272 308
272 466
272 430
273 476
273 351
273 430
273 463
273 342
273 440
274 406
274 284
274 360
275 395
275 366
275 495
275 481
276 334
276 359
276 443
277 290
277 301
277 342
277 458
277 389
278 490
278 288
278 311
278 331
278 347
278 284
279 322
279 394
279 460
279 494
279 425
280 328
280 457
280 395
280 460
280 334
280 493
280 340
280 281
280 421
281 494
281 285
281 303
282 419
282 333
282 410
283 418
283 285
283 375
283 426
284 495
284 297
285 393
285 371
285 447
285 314
286 323
286 393
286 340
286 319
287 326
287 461
287 412
287 292
287 305
288 402
288 451
288 373
288 382
289 473
289 476
290 455
290 399
290 402
290 463
290 413
290 427
290 495
290 306
290 438
290 313
290 319
290 341
291 292
291 442
291 316
291 477
292 304
292 452
292 335
292 437
292 404
293 490
293 395
293 407
293 324
294 428
294 450
294 441
295 311
295 297
296 304
296 337
296 338
297 487
297 327
297 432
298 408
298 454
298 327
298 307
299 321
299 494
300 353
300 441
300 403
300 429
300 436
300 480
300 410
301 353
301 486
301 312
302 322
302 330
302 397
302 350
303 332
303 492
303 414
304 384
304 341
304 405
305 432
305 383
305 436
305 361
306 387
306 386
306 322
306 470
306 486
306 444
307 390
307 433
307 419
307 405
307 380
307 478
308 365
308 493
308 437
308 499
308 447
309 370
309 353
309 341
310 335
310 446
310 374
310 395
311 398
311 475
311 348
311 478
311 417
311 442
311 315
312 458
312 337
312 411
312 494
312 434
313 423
313 373
313 378
314 320
314 393
314 331
314 335
314 342
314 409
314 411
314 476
314 413
314 371
314 473
315 321
315 394
315 413
315 351
315 400
315 354
315 391
316 392
316 463
316 443
316 414
317 417
317 395
317 389
317 328
317 413
318 491
318 330
318 466
318 352
318 380
318 481
318 373
319 359
319 433
319 434
320 457
320 368
320 461
320 354
321 382
321 361
322 389
322 365
322 401
322 347
322 360
322 496
322 377
323 362
323 431
323 394
324 417
324 433
324 377
325 496
325 459
325 420
325 483
326 459
327 480
327 482
327 493
327 399
327 436
328 353
328 419
328 431
329 388
329 457
329 462
329 374
329 379
329 380
330 358
330 374
330 379
330 411
331 364
331 465
331 481
331 411
332 347
332 467
332 388
333 395
333 406
333 364
333 383
334 448
334 458
334 429
334 402
334 425
334 385
334 488
334 436
335 492
335 483
335 432
335 340
335 415
335 350
336 457
336 339
336 414
336 487
336 431
336 496
336 439
336 437
337 394
337 466
337 412
337 493
337 378
337 445
338 452
338 376
338 445
339 484
340 490
340 370
341 360
341 344
341 417
341 494
341 414
342 400
343 348
344 364
344 378
345 386
345 377
345 395
347 456
347 398
347 427
347 446
348 386
348 399
348 404
348 430
349 422
349 364
349 434
349 463
350 389
351 352
351 419
351 403
353 470
353 478
353 408
353 460
354 433
354 449
355 382
356 385
356 451
356 364
356 381
357 439
357 367
358 392
358 437
358 488
359 420
359 399
359 445
360 396
360 384
360 490
360 440
360 405
361 400
362 389
362 419
362 426
362 499
362 394
363 365
363 451
363 444
364 395
364 458
365 472
365 395
365 481
365 485
366 470
366 386
366 469
366 447
367 403
367 440
367 443
368 459
368 478
370 490
370 498
370 399
370 424
371 480
371 375
371 392
371 402
371 497
372 387
372 378
372 381
373 404
373 461
374 452
374 431
375 393
376 419
376 445
377 412
378 390
378 379
378 444
379 450
379 410
381 490
381 476
382 429
382 443
383 441
383 467
383 387
383 409
383 493
384 492
384 443
384 389
385 452
385 427
386 480
386 473
387 454
387 404
387 440
388 451
388 439
388 429
388 498
389 433
389 395
389 397
389 494
390 456
391 465
391 498
391 467
393 405
394 468
394 424
395 396
395 418
396 408
397 489
397 418
397 429
397 415
398 494
400 499
400 465
401 420
402 403
402 429
402 460
404 489
405 431
405 482
406 417
406 474
406 440
407 490
407 461
407 494
409 435
409 487
410 450
411 492
412 490
412 466
413 425
413 494
413 466
414 432
414 466
414 479
417 447
418 486
419 449
419 445
421 475
421 458
424 475
425 454
425 499
425 440
426 493
427 451
427 497
427 473
428 486
431 448
433 488
434 461
434 498
435 470
437 449
439 465
439 441
439 476
440 463
440 461
441 458
442 488
442 462
443 488
443 481
445 461
445 472
445 447
447 472
447 497
447 456
447 467
448 460
451 481
451 463
453 462
455 463
455 467
455 492
456 477
457 466
460 481
462 493
462 467
468 482
468 488
469 482
471 487
474 499
477 498
478 492
478 481
478 483
482 485
482 491
