0 1
0 2
0 3
0 4
0 5
0 6
0 7
0 8
0 9
0 10
0 11
0 12
0 13
0 14
0 15
0 16
0 17
0 18
0 19
0 20
0 21
0 22
0 23
0 24
0 25
0 26
0 27
0 28
0 29
0 30
0 31
0 32
0 33
0 34
0 35
0 36
0 37
0 38
0 39
0 40
0 41
0 42
0 43
0 44
0 45
0 46
0 47
0 48
0 49
0 50
0 51
0 52
0 53
0 54
0 55
0 56
0 57
0 58
0 59
0 60
0 61
0 62
0 63
0 64
0 65
0 66
0 67
0 68
0 69
0 70
0 71
0 72
0 73
0 74
0 75
0 76
0 77
0 78
0 79
0 80
0 81
0 82
0 83
0 84
0 85
0 86
0 87
0 88
0 89
0 90
0 92
0 93
0 94
0 95
0 96
0 98
0 99
0 100
0 101
0 102
0 104
0 106
0 108
0 109
0 111
0 113
0 114
0 115
0 116
0 118
0 119
0 120
0 122
0 124
0 125
0 126
0 127
0 128
0 129
0 130
0 135
0 136
0 137
0 140
0 141
0 142
0 143
0 146
0 148
0 150
0 151
0 152
0 153
0 154
0 155
0 157
0 159
0 160
0 161
0 162
0 163
0 171
0 173
0 174
0 175
0 176
0 177
0 178
0 181
0 183
0 185
0 186
0 187
0 188
0 189
0 191
0 194
0 196
0 202
0 203
0 204
0 205
0 214
0 215
0 217
0 219
0 220
0 222
0 223
0 224
0 226
0 227
0 228
0 229
0 230
0 235
0 237
0 239
0 240
0 248
0 249
0 250
0 251
0 253
0 254
0 255
0 256
0 258
0 259
0 260
0 264
0 265
0 266
0 271
0 272
0 274
0 279
0 282
0 284
0 285
0 289
0 290
0 293
0 294
0 298
0 299
0 303
0 313
0 315
0 318
0 319
0 329
0 335
0 339
0 340
0 344
0 348
0 351
0 354
0 356
0 357
0 358
0 360
0 362
0 363
0 366
0 368
0 371
0 381
0 384
0 386
0 387
0 389
0 391
0 392
0 394
0 405
0 412
0 425
0 428
0 437
0 441
0 448
0 453
0 457
0 458
0 459
0 464
0 467
0 468
0 469
0 472
0 480
0 499
1 2
1 3
1 4
1 5
1 6
1 7
1 8
1 9
1 10
1 11
1 12
1 13
1 14
1 15
1 16
1 17
1 18
1 19
1 20
1 21
1 22
1 23
1 24
1 25
1 26
1 27
1 28
1 29
1 30
1 31
1 32
1 33
1 34
1 35
1 36
1 37
1 38
1 39
1 40
1 41
1 43
1 44
1 45
1 46
1 47
1 48
1 50
1 52
1 53
1 54
1 55
1 57
1 58
1 59
1 60
1 62
1 63
1 64
1 65
1 67
1 68
1 70
1 71
1 72
1 73
1 77
1 78
1 79
1 82
1 83
1 84
1 85
1 87
1 88
1 89
1 91
1 92
1 93
1 96
1 99
1 101
1 105
1 111
1 116
1 117
1 121
1 124
1 127
1 128
1 133
1 134
1 139
1 141
1 143
1 144
1 145
1 147
1 150
1 151
1 152
1 153
1 155
1 156
1 159
1 161
1 162
1 166
1 168
1 171
1 175
1 180
1 181
1 183
1 187
1 188
1 190
1 194
1 197
1 201
1 202
1 207
1 209
1 216
1 221
1 222
1 223
1 225
1 227
1 235
1 241
1 243
1 247
1 254
1 263
1 268
1 270
1 271
1 274
1 283
1 286
1 287
1 290
1 293
1 300
1 303
1 304
1 309
1 311
1 316
1 317
1 326
1 327
1 330
1 332
1 335
1 338
1 339
1 349
1 372
1 378
1 380
1 387
1 388
1 398
1 403
1 405
1 407
1 423
1 458
1 459
1 468
1 474
1 477
1 487
1 488
1 490
1 499
2 3
2 4
2 5
2 6
2 7
2 8
2 9
2 10
2 11
2 12
2 13
2 14
2 15
2 16
2 17
2 18
2 19
2 20
2 21
2 22
2 23
2 24
2 25
2 26
2 27
2 265
2 29
2 30
2 31
2 33
2 34
2 39
2 263
2 44
2 45
2 46
2 303
2 48
2 50
2 307
2 52
2 53
2 54
2 55
2 58
2 351
2 61
2 62
2 65
2 68
2 70
2 71
2 72
2 73
2 75
2 354
2 80
2 84
2 85
2 484
2 271
2 349
2 95
2 96
2 97
2 98
2 355
2 357
2 102
2 104
2 108
2 109
2 110
2 111
2 112
2 117
2 119
2 124
2 127
2 364
2 407
2 140
2 141
2 145
2 402
2 403
2 151
2 155
2 158
2 162
2 168
2 425
2 170
2 427
2 175
2 176
2 180
2 181
2 438
2 183
2 185
2 188
2 189
2 190
2 331
2 453
2 458
2 212
2 223
2 226
2 483
2 228
2 229
2 230
2 231
2 232
2 489
2 238
2 247
2 253
2 254
2 426
3 259
3 4
3 5
3 6
3 7
3 8
3 9
3 10
3 11
3 12
3 13
3 14
3 15
3 16
3 17
3 18
3 19
3 20
3 21
3 23
3 24
3 25
3 26
3 27
3 28
3 29
3 31
3 32
3 33
3 34
3 37
3 38
3 39
3 41
3 42
3 45
3 46
3 306
3 51
3 53
3 55
3 56
3 59
3 309
3 67
3 68
3 70
3 337
3 82
3 339
3 272
3 315
3 100
3 103
3 104
3 106
3 107
3 109
3 366
3 367
3 112
3 117
3 121
3 123
3 125
3 126
3 128
3 132
3 134
3 394
3 140
3 280
3 307
3 407
3 152
3 154
3 157
3 418
3 166
3 168
3 171
3 428
3 285
3 176
3 178
3 437
3 183
3 262
3 452
3 289
3 290
3 206
3 471
3 219
3 224
3 229
3 231
3 492
3 237
3 240
3 298
4 5
4 6
4 7
4 8
4 9
4 10
4 11
4 12
4 13
4 14
4 15
4 16
4 17
4 18
4 20
4 21
4 22
4 23
4 25
4 26
4 30
4 261
4 32
4 34
4 36
4 37
4 38
4 40
4 41
4 42
4 44
4 45
4 46
4 50
4 53
4 54
4 57
4 58
4 59
4 60
4 65
4 67
4 324
4 326
4 75
4 79
4 80
4 81
4 84
4 301
4 463
4 344
4 345
4 90
4 98
4 187
4 100
4 103
4 105
4 359
4 109
4 113
4 371
4 116
4 375
4 376
4 382
4 383
4 128
4 131
4 279
4 142
4 159
4 160
4 162
4 425
4 429
4 286
4 31
4 451
4 200
4 457
4 458
4 461
4 207
4 208
4 216
4 219
4 222
4 224
4 481
4 484
4 240
4 245
4 249
4 251
4 254
5 150
5 6
5 7
5 8
5 9
5 10
5 11
5 12
5 13
5 14
5 15
5 16
5 17
5 18
5 19
5 20
5 21
5 22
5 23
5 25
5 282
5 27
5 158
5 325
5 35
5 36
5 37
5 166
5 42
5 43
5 151
5 46
5 175
5 270
5 51
5 52
5 309
5 310
5 55
5 213
5 308
5 187
5 60
5 330
5 134
5 193
5 67
5 196
5 69
5 70
5 199
5 201
5 202
5 395
5 206
5 336
5 81
5 338
5 83
5 139
5 142
5 164
5 390
5 222
5 165
5 272
5 98
5 100
5 358
5 102
5 209
5 111
5 258
5 329
5 190
5 430
5 468
5 252
5 170
5 195
6 262
6 7
6 8
6 9
6 10
6 11
6 12
6 258
6 14
6 15
6 272
6 17
6 19
6 20
6 22
6 23
6 24
6 25
6 26
6 28
6 285
6 31
6 32
6 33
6 34
6 36
6 39
6 40
6 425
6 42
6 44
6 174
6 47
6 48
6 49
6 178
6 172
6 52
6 479
6 56
6 59
6 60
6 138
6 328
6 199
6 72
6 73
6 75
6 332
6 462
6 83
6 85
6 90
6 257
6 280
6 95
6 97
6 359
6 295
6 237
6 111
6 496
6 168
6 244
6 120
6 378
6 379
6 460
6 254
7 8
7 9
7 10
7 11
7 12
7 13
7 15
7 400
7 146
7 19
7 277
7 23
7 24
7 415
7 28
7 285
7 158
7 31
7 33
7 34
7 35
7 36
7 37
7 38
7 423
7 470
7 45
7 302
7 308
7 54
7 55
7 185
7 58
7 59
7 61
7 215
7 63
7 458
7 139
7 258
7 183
7 78
7 80
7 82
7 467
7 85
7 214
7 87
7 92
7 226
7 443
7 104
7 105
7 323
7 210
7 115
7 244
7 247
7 125
7 255
8 9
8 10
8 11
8 143
8 16
8 18
8 131
8 20
8 405
8 23
8 265
8 29
8 474
8 33
8 35
8 292
8 37
8 38
8 39
8 284
8 42
8 43
8 173
8 46
8 48
8 50
8 53
8 219
8 55
8 184
8 60
8 450
8 139
8 69
8 199
8 201
8 311
8 333
8 271
8 440
8 84
8 85
8 215
8 429
8 346
8 15
8 221
8 229
8 96
8 354
8 101
8 486
8 103
8 423
8 109
8 430
8 276
8 125
8 126
8 255
9 10
9 11
9 12
9 13
9 14
9 271
9 16
9 18
9 19
9 276
9 171
9 150
9 23
9 408
9 25
9 26
9 27
9 29
9 30
9 287
9 32
9 161
9 283
9 165
9 42
9 43
9 45
9 433
9 52
9 181
9 310
9 462
9 185
9 189
9 62
9 63
9 309
9 324
9 197
9 256
9 74
9 206
9 79
9 337
9 82
9 84
9 407
9 215
9 88
9 153
9 90
9 219
9 477
9 94
9 351
9 144
9 363
9 108
9 109
9 451
9 111
9 113
9 400
9 275
9 245
9 120
10 11
10 13
10 14
10 15
10 16
10 274
10 19
10 20
10 22
10 24
10 25
10 26
10 28
10 285
10 286
10 491
10 160
10 161
10 347
10 37
10 385
10 53
10 184
10 58
10 59
10 317
10 134
10 63
10 65
10 68
10 70
10 71
10 77
10 78
10 79
10 398
10 470
10 91
10 94
10 96
10 353
10 227
10 269
10 358
10 104
10 107
10 366
10 445
10 112
10 400
10 481
10 245
10 119
10 148
10 350
10 126
10 383
11 407
11 12
11 13
11 14
11 144
11 17
11 18
11 19
11 276
11 23
11 25
11 154
11 155
11 133
11 32
11 33
11 35
11 134
11 166
11 40
11 41
11 301
11 174
11 221
11 51
11 52
11 182
11 312
11 313
11 61
11 447
11 54
11 73
11 74
11 213
11 219
11 93
11 165
11 353
11 226
11 227
11 494
11 369
11 349
11 425
11 376
11 254
12 136
12 268
12 141
12 14
12 16
12 18
12 149
12 22
12 155
12 286
12 133
12 32
12 163
12 420
12 165
12 38
12 42
12 171
12 44
12 176
12 52
12 54
12 57
12 428
12 446
12 193
12 195
12 458
12 355
12 84
12 342
12 88
12 135
12 227
12 101
12 236
12 146
12 381
12 249
12 170
12 254
13 396
13 14
13 15
13 88
13 18
13 131
13 148
13 150
13 23
13 282
13 29
13 286
13 133
13 32
13 35
13 294
13 39
13 44
13 45
13 47
13 49
13 137
13 315
13 138
13 318
13 191
13 449
13 196
13 453
13 456
13 465
13 86
13 216
13 357
13 96
13 100
13 38
13 234
13 423
13 387
13 61
13 63
14 193
14 272
14 427
14 19
14 21
14 22
14 23
14 153
14 28
14 29
14 150
14 31
14 33
14 197
14 36
14 37
14 422
14 391
14 328
14 414
14 60
14 61
14 318
14 63
14 65
14 322
14 69
14 72
14 202
14 83
14 84
14 87
14 98
14 99
14 103
14 361
14 111
14 113
14 115
15 268
15 398
15 17
15 149
15 22
15 24
15 26
15 27
15 29
15 32
15 161
15 36
15 37
15 38
15 437
15 183
15 184
15 188
15 160
15 203
15 453
15 289
15 328
15 75
15 461
15 78
15 56
15 469
15 87
15 89
15 90
15 348
15 96
15 408
15 483
15 100
15 166
15 230
15 107
15 239
15 371
15 122
15 252
16 70
16 71
16 407
16 458
16 18
16 149
16 22
16 23
16 297
16 341
16 93
16 31
16 305
16 64
16 42
16 107
16 173
16 432
16 241
16 307
16 169
16 490
16 57
16 95
16 61
16 319
17 71
17 275
17 274
17 67
17 20
17 21
17 22
17 151
17 24
17 335
17 348
17 223
17 98
17 36
17 39
17 104
17 173
17 175
17 232
17 83
17 52
17 131
17 54
17 183
17 392
17 58
17 187
18 74
18 66
18 352
18 301
18 21
18 24
18 26
18 79
18 221
18 69
18 31
18 288
18 161
18 163
18 37
18 230
18 39
18 170
18 43
18 300
18 109
18 486
18 113
18 115
18 464
18 254
18 202
18 61
18 126
19 396
19 450
19 20
19 21
19 154
19 159
19 419
19 390
19 40
19 41
19 263
19 47
19 434
19 53
19 54
19 57
19 287
19 446
19 66
19 395
19 72
19 470
19 86
19 215
19 350
19 37
19 96
19 354
19 228
19 104
19 233
19 107
19 493
19 238
19 296
19 370
20 65
20 137
20 77
20 190
20 82
20 23
20 346
20 111
20 220
20 286
20 95
20 355
20 297
20 302
20 47
20 53
20 118
20 55
20 62
21 263
21 73
21 76
21 141
21 79
21 80
21 271
21 343
21 26
21 27
21 90
21 31
21 480
21 272
21 38
21 351
21 169
21 43
21 428
21 48
21 140
21 425
21 159
21 252
21 190
22 225
22 265
22 77
22 80
22 85
22 23
22 24
22 89
22 152
22 335
22 133
22 100
22 134
22 385
22 50
22 128
22 52
22 54
22 462
22 396
23 204
23 466
23 131
23 277
23 216
23 68
23 27
23 28
23 208
23 491
23 144
23 80
23 226
23 70
23 263
23 103
23 169
23 106
23 231
23 44
23 48
24 72
24 201
24 78
24 237
24 404
24 25
24 265
24 93
24 94
24 479
24 32
24 240
24 36
24 198
24 166
24 42
24 109
24 46
24 48
24 368
24 52
24 478
24 385
24 247
24 468
24 60
24 106
25 129
25 392
25 448
25 85
25 26
25 96
25 97
25 228
25 134
25 108
25 243
25 184
25 330
25 318
26 69
26 324
26 395
26 354
26 78
26 145
26 86
26 153
26 280
26 474
26 384
26 477
26 479
26 98
26 209
26 106
26 210
26 482
26 370
26 115
26 249
26 191
26 125
26 85
27 70
27 272
27 320
27 465
27 217
27 478
27 485
27 166
27 39
27 42
27 492
27 46
27 243
27 245
27 59
27 149
28 132
28 456
28 267
28 76
28 271
28 88
28 155
28 93
28 352
28 327
28 419
28 292
28 230
28 362
28 199
28 61
28 242
28 53
28 247
28 192
28 309
29 69
29 65
29 128
29 276
29 206
29 152
29 153
29 30
29 389
29 32
29 229
29 106
29 391
29 370
29 46
29 111
29 176
29 49
29 50
29 116
29 59
29 124
29 277
30 387
30 135
30 362
30 204
30 141
30 256
30 175
30 51
30 212
30 268
30 216
30 409
30 190
31 54
31 64
31 75
31 194
31 399
31 83
31 431
31 160
31 166
31 41
31 428
31 61
31 264
31 117
31 118
31 58
31 125
32 194
32 334
32 82
32 259
32 84
32 85
32 152
32 159
32 379
32 36
32 303
32 368
32 53
32 55
32 332
32 59
32 373
33 260
33 73
33 211
33 270
33 407
33 216
33 281
33 135
33 58
33 341
33 393
33 163
33 230
33 65
33 423
33 296
33 71
33 173
33 321
33 275
33 55
33 122
33 61
33 126
33 127
34 78
34 81
34 210
34 323
34 84
34 352
34 409
34 153
34 92
34 224
34 67
34 169
34 299
34 373
34 54
34 55
34 319
35 132
35 197
35 268
35 77
35 149
35 409
35 260
35 90
35 69
35 289
35 483
35 44
35 48
35 58
35 190
35 63
36 194
36 44
36 80
36 212
36 68
36 390
36 291
36 293
36 172
36 176
36 435
36 62
36 55
36 364
36 126
37 194
37 393
37 88
37 416
37 485
37 107
37 245
37 54
37 120
37 61
37 126
38 261
38 204
38 67
38 84
38 89
38 461
38 157
38 414
38 488
38 41
38 71
38 45
38 174
38 49
38 449
38 244
38 54
38 55
38 85
39 100
39 390
39 210
39 354
39 109
39 47
39 48
39 233
39 120
39 411
39 93
40 259
40 69
40 75
40 76
40 77
40 141
40 384
40 83
40 148
40 88
40 283
40 422
40 42
40 47
40 113
40 53
40 55
41 162
41 135
41 194
41 81
41 148
41 406
41 247
41 473
41 90
41 443
41 211
41 382
42 75
42 207
42 407
42 473
42 90
42 163
42 70
42 48
42 72
42 52
42 268
42 104
42 124
43 67
43 196
43 135
43 466
43 79
43 92
43 53
43 55
43 388
43 293
43 317
43 69
44 133
44 151
44 384
44 86
44 132
44 422
44 295
44 105
44 436
44 62
44 183
44 281
44 382
45 106
45 139
45 112
45 195
45 308
45 342
45 280
45 228
45 394
45 62
45 404
46 304
46 61
46 155
46 368
46 99
46 52
46 85
46 122
46 92
46 286
46 229
47 323
47 388
47 193
47 174
47 397
47 216
47 441
48 96
48 139
48 49
48 156
48 84
48 417
48 60
48 427
48 94
48 159
49 196
49 308
49 372
49 299
49 76
49 462
49 52
49 245
49 182
49 215
49 84
49 186
49 155
50 257
50 224
50 398
50 111
50 210
50 115
50 87
50 429
50 475
50 222
51 214
51 70
51 141
51 176
51 294
51 82
51 116
51 85
51 54
51 93
51 53
52 71
52 272
52 82
52 91
52 220
52 223
52 162
52 227
52 454
52 65
52 498
52 55
53 69
53 329
53 332
53 477
53 162
53 230
53 200
53 181
54 151
54 282
54 108
54 109
54 366
54 113
54 449
54 374
54 56
54 250
55 332
55 86
55 89
55 219
55 284
55 478
55 453
55 99
55 229
55 64
55 180
55 297
55 379
55 253
55 447
56 305
56 275
56 220
57 59
57 198
57 227
57 424
57 483
57 148
57 213
57 118
57 155
58 326
58 102
58 332
58 108
58 130
58 461
58 128
58 196
58 71
58 123
59 110
59 175
59 266
59 62
60 194
60 403
60 260
60 91
60 69
60 198
60 230
60 422
60 493
60 136
60 243
60 184
60 127
61 326
61 130
61 412
61 426
61 147
61 63
61 69
62 195
62 200
62 202
62 484
62 173
62 468
62 89
62 287
62 84
62 102
62 104
62 118
62 317
63 452
63 403
63 78
63 240
63 147
63 116
63 247
63 441
63 447
64 66
64 196
64 305
64 73
64 239
64 81
64 115
64 340
65 486
65 402
65 302
65 212
65 217
65 472
65 187
65 252
65 478
66 227
66 422
66 417
66 106
66 75
66 301
66 468
66 94
67 417
67 137
67 74
67 144
67 309
67 202
68 262
68 195
68 272
68 179
68 116
68 377
68 93
68 95
69 161
69 164
69 177
69 99
69 448
69 184
69 218
70 209
70 72
70 275
70 267
70 305
70 78
70 104
70 344
70 377
70 133
71 291
71 197
71 136
71 161
71 327
71 430
71 373
71 383
71 474
71 106
71 81
72 367
72 142
72 313
72 125
72 254
72 133
73 134
73 111
73 136
73 93
73 478
73 85
74 192
74 464
74 422
74 268
74 109
74 240
74 467
74 84
74 86
74 87
74 425
75 368
75 208
75 456
75 408
75 409
75 250
75 138
76 99
76 134
76 241
76 143
76 114
76 184
76 478
76 271
76 158
77 194
77 295
77 107
77 204
77 301
77 184
77 146
77 211
77 88
77 94
78 230
78 262
78 81
78 276
78 309
78 319
78 138
78 94
79 227
79 293
79 438
79 86
79 119
79 88
79 202
79 318
80 96
80 97
80 160
80 146
80 349
81 441
81 192
81 271
81 113
81 470
81 375
81 100
81 412
82 275
82 106
82 108
82 177
82 449
82 155
82 316
82 380
82 287
83 161
83 169
83 117
83 494
83 381
84 299
84 160
84 150
84 137
84 88
84 221
85 301
85 217
85 485
85 249
85 135
85 159
86 352
86 147
86 266
86 303
87 355
87 356
87 360
87 470
87 249
88 124
88 188
88 406
88 249
89 166
89 423
89 138
89 253
89 117
89 251
89 92
89 125
89 390
90 115
90 141
91 172
91 121
91 105
91 387
92 235
92 180
92 453
92 304
93 102
93 152
93 220
93 117
93 201
94 389
94 199
94 296
94 175
94 117
94 189
95 249
95 154
95 427
95 397
95 111
96 103
96 176
96 194
96 114
96 224
97 112
97 405
97 375
98 257
98 232
98 239
98 303
98 408
98 175
98 412
98 314
99 132
99 105
99 463
99 206
99 113
99 191
100 137
100 110
100 115
100 315
101 407
101 315
102 181
102 266
102 230
102 310
102 165
103 487
103 274
103 343
103 260
103 380
103 247
104 499
104 240
104 274
104 216
104 121
105 416
105 178
105 146
105 406
105 420
105 219
106 193
106 484
106 133
106 146
106 334
106 440
106 275
106 251
106 166
107 230
107 327
107 437
107 351
108 388
108 359
108 300
108 402
108 239
108 210
108 275
108 214
109 130
109 136
109 373
110 115
110 130
111 257
111 395
111 226
111 189
111 275
111 441
112 279
112 499
112 317
113 137
113 331
113 268
114 260
114 121
114 251
115 453
115 486
115 459
115 466
115 273
115 238
116 230
116 499
116 335
116 433
116 468
116 249
116 217
116 188
117 263
117 232
117 177
117 468
117 124
118 174
118 199
118 175
119 454
119 166
119 473
120 164
120 295
120 362
120 265
120 440
120 185
120 155
121 208
121 231
121 169
121 395
121 280
122 163
122 321
122 458
122 439
123 220
123 309
124 166
124 161
124 256
124 125
124 209
124 308
124 213
125 452
125 316
125 154
126 297
126 221
127 433
127 194
128 456
129 385
129 432
129 325
129 328
130 467
130 164
130 324
131 424
131 372
131 476
132 156
132 219
132 473
132 155
132 306
133 182
133 438
133 348
133 349
134 321
134 270
134 375
134 491
135 168
135 138
135 442
135 317
135 415
136 293
137 450
137 314
137 272
137 285
138 228
138 298
138 172
138 244
138 374
138 375
138 312
139 233
139 299
139 142
139 247
139 282
139 190
140 153
140 371
140 285
141 150
141 346
141 191
142 209
142 248
142 179
142 225
142 228
142 221
143 178
143 243
143 159
144 370
144 163
144 486
144 360
144 157
146 418
146 422
147 258
147 227
147 245
147 289
147 424
148 213
148 475
148 301
149 392
149 428
149 394
149 350
150 315
151 214
151 171
151 374
151 413
151 190
153 232
153 203
155 225
155 388
155 402
155 481
156 194
156 343
156 282
157 166
157 330
157 316
158 496
158 357
158 253
158 333
159 305
159 213
159 248
159 441
160 258
160 483
160 328
161 327
161 425
161 185
162 471
162 282
163 326
163 219
164 176
165 214
165 195
165 292
165 461
166 361
167 210
167 268
168 487
169 280
169 483
169 335
170 453
170 278
170 423
170 218
170 365
171 418
171 195
171 315
171 351
172 381
173 242
173 286
173 216
174 205
174 278
175 343
176 177
176 392
177 419
177 260
178 405
179 453
179 199
179 184
179 204
180 352
180 277
180 378
181 434
181 214
182 465
183 346
183 322
184 407
185 217
185 299
185 286
186 436
186 460
187 194
187 228
187 463
187 277
188 225
188 282
190 219
190 476
191 309
191 213
191 453
191 335
192 491
192 367
193 453
193 259
194 199
194 466
194 375
195 227
196 339
197 432
197 231
198 403
199 498
199 234
199 203
200 337
200 414
200 488
200 380
200 357
201 407
201 390
202 381
204 342
204 231
206 432
206 470
206 486
208 453
209 219
210 462
211 235
213 235
213 291
213 223
214 400
214 455
216 354
216 471
216 490
216 375
216 222
217 321
217 222
224 369
224 424
226 339
226 403
227 454
227 235
227 254
229 325
229 477
231 489
231 392
233 385
234 287
235 384
236 252
236 378
237 256
239 296
240 300
241 268
241 396
241 251
242 369
242 468
244 452
244 246
248 259
248 357
249 300
251 481
251 312
251 346
251 349
254 402
257 496
257 321
257 418
257 318
258 498
260 480
261 347
261 331
261 301
262 451
264 287
266 343
267 392
269 397
269 429
270 403
272 363
274 288
276 416
280 472
281 357
283 420
283 332
284 341
288 388
290 401
291 379
291 323
292 388
293 352
294 464
294 488
294 441
294 447
296 475
296 333
298 404
300 374
304 388
305 426
305 458
307 337
307 343
307 494
310 388
310 350
311 343
314 425
317 408
318 329
318 475
319 435
319 324
319 325
319 338
321 447
323 428
323 461
327 332
329 426
331 499
333 491
334 380
335 469
335 476
336 418
336 399
336 375
338 342
338 497
338 492
339 418
340 367
342 444
347 489
348 362
348 479
349 387
352 432
355 372
355 434
356 482
356 431
357 383
358 396
363 450
365 427
367 375
367 493
372 466
375 464
379 425
382 463
383 389
387 440
388 443
388 401
392 407
400 425
403 412
405 411
408 492
410 443
413 432
414 460
415 428
433 483
439 446
447 449
