0 1
0 2
0 3
0 4
0 5
0 6
0 7
0 8
0 9
0 10
0 11
0 12
0 13
0 14
0 15
0 16
0 17
0 18
0 19
0 20
0 21
0 22
0 23
0 24
0 25
0 26
0 27
0 28
0 29
0 30
0 31
0 32
0 33
0 34
0 35
0 36
0 37
0 38
0 39
0 40
0 41
0 42
0 43
0 44
0 45
0 46
0 47
0 48
0 49
0 50
0 51
0 52
0 53
0 54
0 55
0 56
0 57
0 58
0 59
0 60
0 61
0 62
0 63
0 64
0 65
0 66
0 67
0 68
0 69
0 70
0 71
0 72
0 73
0 74
0 75
0 76
0 77
0 78
0 79
0 80
0 81
0 82
0 83
0 84
0 85
0 86
0 87
0 88
0 89
0 90
0 91
0 92
0 93
0 96
0 98
0 99
0 101
0 102
0 103
0 104
0 105
0 107
0 108
0 109
0 110
0 112
0 113
0 114
0 116
0 117
0 118
0 119
0 120
0 121
0 122
0 123
0 124
0 125
0 126
0 127
0 128
0 129
0 130
0 131
0 132
0 133
0 136
0 139
0 140
0 142
0 145
0 146
0 149
0 151
0 152
0 153
0 154
0 156
0 158
0 159
0 161
0 163
0 164
0 166
0 167
0 168
0 169
0 170
0 171
0 172
0 174
0 177
0 178
0 179
0 180
0 181
0 182
0 187
0 191
0 193
0 196
0 197
0 198
0 199
0 203
0 204
0 205
0 206
0 207
0 211
0 212
0 213
0 214
0 215
0 216
0 217
0 220
0 223
0 224
0 225
0 227
0 228
0 232
0 234
0 235
0 237
0 240
0 243
0 244
0 245
0 247
0 248
0 250
0 251
0 253
0 255
0 256
0 259
0 260
0 261
0 264
0 265
0 268
0 269
0 270
0 271
0 272
0 273
0 275
0 276
0 277
0 278
0 279
0 284
0 287
0 288
0 292
0 294
0 295
0 297
0 298
0 302
0 305
0 309
0 313
0 314
0 315
0 317
0 318
0 321
0 323
0 325
0 327
0 329
0 331
0 336
0 337
0 338
0 339
0 343
0 346
0 348
0 350
0 353
0 354
0 359
0 360
0 366
0 367
0 371
0 374
0 376
0 379
0 380
0 381
0 382
0 383
0 386
0 387
0 388
0 391
0 396
0 397
0 398
0 399
0 401
0 404
0 409
0 410
0 413
0 425
0 431
0 432
0 433
0 434
0 435
0 437
0 440
0 442
0 446
0 447
0 450
0 453
0 455
0 457
0 461
0 462
0 466
0 468
0 470
0 472
0 473
0 479
0 480
0 482
0 484
0 485
0 494
0 499
1 2
1 3
1 4
1 5
1 6
1 7
1 8
1 9
1 10
1 11
1 12
1 13
1 14
1 15
1 16
1 17
1 18
1 19
1 20
1 21
1 22
1 23
1 24
1 25
1 26
1 27
1 28
1 29
1 30
1 31
1 32
1 33
1 34
1 35
1 36
1 37
1 38
1 39
1 40
1 41
1 42
1 43
1 44
1 45
1 46
1 47
1 48
1 50
1 52
1 53
1 54
1 55
1 57
1 58
1 61
1 62
1 63
1 64
1 65
1 66
1 67
1 68
1 69
1 72
1 73
1 74
1 76
1 78
1 79
1 81
1 83
1 86
1 87
1 88
1 89
1 90
1 92
1 94
1 95
1 98
1 99
1 100
1 102
1 104
1 105
1 107
1 108
1 109
1 110
1 112
1 116
1 117
1 118
1 119
1 123
1 124
1 127
1 128
1 129
1 130
1 131
1 132
1 134
1 136
1 137
1 139
1 141
1 143
1 146
1 149
1 150
1 152
1 153
1 154
1 156
1 159
1 160
1 161
1 167
1 168
1 171
1 173
1 174
1 175
1 177
1 178
1 180
1 182
1 183
1 184
1 186
1 187
1 190
1 192
1 193
1 194
1 198
1 200
1 203
1 208
1 209
1 212
1 217
1 223
1 230
1 232
1 233
1 236
1 237
1 239
1 240
1 242
1 244
1 246
1 251
1 256
1 259
1 260
1 261
1 262
1 270
1 275
1 276
1 280
1 286
1 289
1 290
1 293
1 302
1 304
1 306
1 310
1 315
1 317
1 318
1 319
1 323
1 326
1 330
1 336
1 337
1 341
1 342
1 343
1 348
1 350
1 354
1 356
1 359
1 361
1 362
1 366
1 368
1 370
1 371
1 374
1 375
1 376
1 382
1 384
1 390
1 392
1 395
1 396
1 402
1 404
1 409
1 415
1 417
1 420
1 423
1 425
1 432
1 434
1 436
1 439
1 459
1 463
1 465
1 466
1 469
1 472
1 478
1 479
1 491
1 493
2 3
2 4
2 5
2 6
2 7
2 8
2 9
2 10
2 11
2 12
2 13
2 14
2 15
2 16
2 17
2 18
2 19
2 20
2 21
2 22
2 23
2 24
2 25
2 26
2 27
2 28
2 29
2 30
2 31
2 33
2 34
2 35
2 36
2 37
2 39
2 40
2 41
2 42
2 43
2 44
2 45
2 48
2 51
2 55
2 57
2 58
2 62
2 64
2 65
2 66
2 68
2 69
2 70
2 72
2 76
2 77
2 79
2 80
2 81
2 82
2 84
2 86
2 87
2 91
2 92
2 93
2 95
2 98
2 99
2 102
2 103
2 105
2 107
2 108
2 110
2 111
2 116
2 118
2 120
2 123
2 126
2 130
2 131
2 135
2 136
2 137
2 138
2 139
2 143
2 144
2 145
2 147
2 149
2 150
2 152
2 158
2 159
2 160
2 162
2 168
2 175
2 179
2 183
2 184
2 188
2 191
2 193
2 194
2 202
2 203
2 205
2 209
2 213
2 222
2 223
2 228
2 236
2 240
2 241
2 242
2 243
2 259
2 262
2 265
2 268
2 270
2 278
2 279
2 287
2 295
2 300
2 306
2 311
2 313
2 317
2 318
2 322
2 326
2 327
2 329
2 333
2 337
2 343
2 344
2 345
2 351
2 369
2 370
2 376
2 380
2 381
2 382
2 383
2 390
2 396
2 399
2 401
2 411
2 418
2 422
2 424
2 429
2 441
2 443
2 456
2 460
2 472
2 488
2 491
2 496
2 497
3 4
3 5
3 6
3 7
3 8
3 9
3 10
3 11
3 12
3 13
3 14
3 15
3 16
3 17
3 18
3 19
3 20
3 21
3 22
3 23
3 24
3 25
3 26
3 27
3 28
3 29
3 30
3 32
3 33
3 34
3 35
3 36
3 37
3 40
3 41
3 42
3 43
3 44
3 45
3 46
3 47
3 49
3 51
3 308
3 53
3 54
3 55
3 56
3 316
3 64
3 67
3 68
3 326
3 71
3 268
3 74
3 75
3 77
3 78
3 79
3 82
3 83
3 85
3 384
3 92
3 351
3 97
3 99
3 100
3 300
3 401
3 105
3 107
3 109
3 367
3 112
3 258
3 372
3 404
3 380
3 127
3 128
3 320
3 130
3 387
3 132
3 133
3 134
3 136
3 137
3 394
3 139
3 141
3 365
3 144
3 145
3 147
3 148
3 150
3 151
3 152
3 154
3 155
3 157
3 283
3 428
3 175
3 178
3 179
3 188
3 330
3 446
3 288
3 199
3 457
3 205
3 206
3 333
3 210
3 215
3 216
3 223
3 226
3 490
3 235
3 237
3 496
3 252
3 298
4 5
4 6
4 7
4 8
4 9
4 10
4 11
4 12
4 13
4 14
4 15
4 16
4 17
4 18
4 19
4 20
4 21
4 22
4 23
4 24
4 25
4 283
4 28
4 29
4 286
4 31
4 32
4 33
4 34
4 35
4 36
4 39
4 40
4 297
4 299
4 45
4 477
4 48
4 306
4 52
4 53
4 55
4 290
4 57
4 58
4 59
4 60
4 61
4 62
4 63
4 65
4 66
4 67
4 71
4 74
4 75
4 77
4 79
4 80
4 312
4 82
4 83
4 86
4 88
4 346
4 94
4 95
4 96
4 272
4 98
4 99
4 100
4 358
4 102
4 104
4 108
4 369
4 114
4 115
4 117
4 121
4 382
4 132
4 321
4 136
4 388
4 139
4 140
4 265
4 142
4 399
4 145
4 409
4 152
4 153
4 155
4 156
4 414
4 415
4 417
4 422
4 497
4 172
4 304
4 177
4 179
4 181
4 190
4 192
4 202
4 459
4 205
4 210
4 212
4 213
4 472
4 218
4 221
4 222
4 479
4 485
4 230
4 234
4 338
4 238
4 495
4 240
4 296
4 246
4 469
5 6
5 7
5 8
5 9
5 10
5 11
5 12
5 13
5 14
5 15
5 16
5 17
5 18
5 19
5 20
5 21
5 22
5 25
5 282
5 303
5 28
5 29
5 31
5 32
5 33
5 37
5 38
5 39
5 296
5 297
5 42
5 436
5 46
5 47
5 50
5 52
5 309
5 313
5 58
5 60
5 61
5 63
5 65
5 67
5 68
5 70
5 73
5 330
5 76
5 84
5 85
5 88
5 348
5 95
5 96
5 97
5 98
5 99
5 101
5 358
5 359
5 360
5 316
5 107
5 437
5 113
5 114
5 116
5 124
5 381
5 126
5 384
5 130
5 390
5 135
5 392
5 137
5 140
5 141
5 398
5 144
5 147
5 159
5 161
5 419
5 164
5 284
5 428
5 173
5 174
5 433
5 180
5 181
5 441
5 443
5 195
5 452
5 206
5 465
5 467
5 215
5 216
5 224
5 323
5 240
5 400
5 499
5 245
5 248
6 7
6 8
6 9
6 10
6 11
6 12
6 13
6 14
6 16
6 17
6 19
6 20
6 21
6 22
6 23
6 24
6 25
6 26
6 27
6 28
6 29
6 32
6 37
6 38
6 41
6 42
6 43
6 45
6 46
6 264
6 51
6 53
6 310
6 55
6 60
6 266
6 320
6 65
6 66
6 323
6 69
6 70
6 73
6 77
6 78
6 269
6 336
6 343
6 89
6 349
6 98
6 99
6 107
6 369
6 118
6 377
6 382
6 277
6 385
6 396
6 141
6 280
6 147
6 405
6 408
6 409
6 163
6 421
6 422
6 113
6 170
6 428
6 175
6 439
6 354
6 195
6 201
6 203
6 464
6 210
6 467
6 468
6 472
6 219
6 478
6 479
6 243
6 249
6 250
6 127
7 263
7 8
7 9
7 10
7 11
7 12
7 13
7 16
7 18
7 22
7 23
7 24
7 281
7 26
7 28
7 31
7 432
7 34
7 35
7 262
7 38
7 295
7 40
7 300
7 50
7 307
7 54
7 55
7 57
7 58
7 60
7 51
7 267
7 324
7 70
7 71
7 72
7 76
7 333
7 78
7 83
7 86
7 87
7 89
7 95
7 272
7 98
7 99
7 100
7 104
7 106
7 366
7 111
7 368
7 371
7 373
7 118
7 129
7 130
7 388
7 133
7 139
7 66
7 398
7 144
7 149
7 408
7 156
7 282
7 162
7 163
7 412
7 172
7 431
7 176
7 190
7 202
7 203
7 205
7 206
7 465
7 291
7 468
7 470
7 218
7 219
7 257
7 223
7 228
7 235
7 400
7 339
8 9
8 10
8 11
8 12
8 13
8 14
8 15
8 16
8 17
8 19
8 21
8 22
8 23
8 24
8 27
8 29
8 30
8 287
8 393
8 33
8 290
8 36
8 39
8 40
8 41
8 42
8 306
8 54
8 55
8 57
8 317
8 62
8 320
8 67
8 68
8 69
8 353
8 74
8 78
8 335
8 86
8 87
8 267
8 271
8 92
8 349
8 95
8 97
8 99
8 101
8 367
8 370
8 377
8 122
8 123
8 124
8 127
8 406
8 137
8 394
8 143
8 403
8 150
8 151
8 152
8 155
8 161
8 162
8 167
8 425
8 176
8 178
8 179
8 88
8 444
8 189
8 448
8 195
8 452
8 455
8 204
8 205
8 207
8 464
8 334
8 470
8 215
8 216
8 218
8 221
8 478
8 223
8 229
8 232
8 492
8 237
8 239
8 499
8 245
8 469
9 10
9 11
9 12
9 13
9 14
9 15
9 16
9 17
9 274
9 19
9 20
9 21
9 22
9 279
9 25
9 156
9 33
9 35
9 36
9 37
9 38
9 167
9 168
9 426
9 436
9 47
9 48
9 52
9 53
9 54
9 56
9 180
9 58
9 181
9 64
9 310
9 198
9 72
9 460
9 80
9 211
9 213
9 89
9 218
9 477
9 352
9 225
9 294
9 103
9 110
9 495
9 369
9 400
9 366
9 248
9 123
9 254
10 11
10 12
10 13
10 14
10 17
10 18
10 19
10 20
10 22
10 23
10 132
10 27
10 28
10 29
10 31
10 160
10 176
10 34
10 35
10 294
10 40
10 41
10 43
10 44
10 142
10 48
10 136
10 50
10 172
10 55
10 56
10 57
10 58
10 59
10 316
10 313
10 446
10 63
10 194
10 417
10 72
10 409
10 206
10 208
10 465
10 338
10 85
10 214
10 87
10 278
10 90
10 475
10 92
10 222
10 479
10 344
10 367
10 472
10 229
10 103
10 105
10 234
10 493
10 239
10 368
10 113
10 242
10 499
10 118
10 200
11 267
11 12
11 13
11 14
11 179
11 17
11 302
11 24
11 26
11 28
11 29
11 31
11 161
11 34
11 35
11 37
11 38
11 46
11 48
11 50
11 51
11 236
11 54
11 311
11 184
11 57
11 159
11 317
11 62
11 65
11 66
11 68
11 390
11 256
11 72
11 268
11 206
11 141
11 80
11 430
11 85
11 86
11 88
11 89
11 93
11 485
11 353
11 482
11 356
11 101
11 103
11 107
11 108
11 289
11 110
11 495
11 287
11 243
11 446
11 118
11 119
11 120
11 377
12 141
12 15
12 16
12 274
12 323
12 150
12 23
12 281
12 154
12 155
12 156
12 364
12 34
12 283
12 292
12 40
12 169
12 193
12 43
12 296
12 385
12 342
12 54
12 313
12 187
12 151
12 61
12 63
12 279
12 65
12 139
12 196
12 310
12 198
12 455
12 72
12 332
12 324
12 82
12 291
12 214
12 344
12 89
12 90
12 91
12 360
12 224
12 482
12 443
12 230
12 104
12 60
12 107
12 108
12 109
12 451
12 495
12 232
12 243
12 116
12 117
12 489
12 122
12 251
13 189
13 269
13 14
13 499
13 272
13 17
13 402
13 19
13 21
13 333
13 24
13 153
13 26
13 27
13 284
13 29
13 33
13 35
13 293
13 166
13 39
13 41
13 42
13 135
13 47
13 432
13 49
13 369
13 388
13 308
13 54
13 56
13 57
13 186
13 351
13 61
13 62
13 406
13 193
13 68
13 69
13 198
13 199
13 72
13 201
13 226
13 79
13 83
13 335
13 223
13 98
13 230
13 401
13 252
13 363
13 109
13 111
13 112
13 113
13 467
13 285
13 117
13 157
13 124
14 129
14 268
14 143
14 146
14 19
14 21
14 278
14 24
14 26
14 159
14 32
14 497
14 35
14 36
14 134
14 295
14 40
14 41
14 44
14 242
14 47
14 136
14 179
14 52
14 243
14 54
14 137
14 56
14 445
14 58
14 315
14 317
14 245
14 196
14 70
14 74
14 78
14 376
14 83
14 468
14 344
14 164
14 211
14 94
14 95
14 352
14 109
14 111
14 168
14 114
14 115
14 117
14 248
14 126
15 270
15 271
15 17
15 131
15 20
15 22
15 25
15 152
15 153
15 26
15 27
15 29
15 30
15 31
15 176
15 155
15 294
15 167
15 168
15 41
15 426
15 498
15 285
15 48
15 50
15 179
15 415
15 439
15 59
15 189
15 62
15 449
15 67
15 72
15 203
15 80
15 209
15 82
15 24
15 471
15 92
15 93
15 478
15 223
15 100
15 101
15 486
15 231
15 362
15 108
15 210
15 114
15 244
15 122
15 123
15 281
15 126
16 294
16 17
16 274
16 19
16 21
16 24
16 26
16 27
16 286
16 34
16 347
16 164
16 38
16 40
16 50
16 115
16 162
16 183
16 312
16 186
16 59
16 62
16 191
16 193
16 67
16 309
16 275
16 73
16 202
16 203
16 76
16 77
16 207
16 80
16 338
16 471
16 344
16 219
16 378
16 480
16 97
16 484
16 166
16 102
16 232
16 106
16 208
16 147
16 372
16 119
16 122
16 383
16 381
16 195
17 142
17 145
17 18
17 131
17 20
17 149
17 153
17 154
17 31
17 35
17 37
17 41
17 299
17 44
17 174
17 47
17 306
17 52
17 438
17 364
17 428
17 134
17 191
17 198
17 66
17 67
17 70
17 256
17 72
17 201
17 332
17 207
17 190
17 81
17 82
17 334
17 215
17 89
17 91
17 93
17 273
17 236
17 109
17 111
17 117
17 123
18 265
18 139
18 270
18 466
18 259
18 21
18 150
18 25
18 28
18 413
18 30
18 48
18 420
18 37
18 38
18 297
18 45
18 47
18 176
18 50
18 51
18 54
18 57
18 58
18 187
18 318
18 70
18 456
18 73
18 330
18 205
18 206
18 336
18 82
18 87
18 91
18 314
18 94
18 223
18 354
18 229
18 231
18 106
18 365
18 111
18 369
18 498
18 499
18 117
18 293
18 251
18 125
19 135
19 146
19 259
19 20
19 21
19 22
19 151
19 24
19 25
19 411
19 28
19 304
19 161
19 34
19 386
19 41
19 42
19 47
19 176
19 265
19 184
19 60
19 62
19 64
19 67
19 199
19 387
19 458
19 75
19 461
19 78
19 79
19 83
19 142
19 412
19 335
19 351
19 144
19 483
19 232
19 363
19 108
19 242
19 275
19 117
19 148
19 426
20 135
20 396
20 269
20 400
20 25
20 27
20 284
20 29
20 30
20 416
20 418
20 293
20 41
20 171
20 174
20 413
20 128
20 311
20 321
20 201
20 202
20 77
20 78
20 462
20 88
20 346
20 399
20 225
20 482
20 230
20 145
20 108
20 496
20 371
20 247
20 376
21 129
21 396
21 143
21 145
21 149
21 22
21 388
21 27
21 158
21 389
21 160
21 289
21 168
21 169
21 171
21 44
21 47
21 172
21 53
21 183
21 56
21 60
21 63
21 449
21 322
21 199
21 200
21 258
21 204
21 141
21 209
21 85
21 89
21 207
21 135
21 101
21 102
21 273
21 105
21 106
21 109
21 373
22 397
22 408
22 25
22 155
22 28
22 31
22 290
22 35
22 36
22 165
22 299
22 301
22 430
22 48
22 55
22 441
22 59
22 62
22 224
22 66
22 67
22 325
22 75
22 78
22 82
22 365
22 92
22 95
22 96
22 97
22 374
22 490
22 236
22 237
22 241
22 118
22 124
22 254
23 144
23 387
23 27
23 427
23 31
23 33
23 155
23 296
23 135
23 45
23 483
23 304
23 264
23 138
23 394
23 159
23 60
23 330
23 318
23 66
23 71
23 202
23 207
23 82
23 355
23 474
23 335
23 93
23 352
23 227
23 490
23 363
23 236
23 368
23 59
23 370
23 115
23 119
23 120
23 122
24 149
24 150
24 27
24 28
24 29
24 129
24 412
24 43
24 175
24 72
24 435
24 53
24 54
24 87
24 60
24 199
24 200
24 208
24 215
24 353
24 356
24 230
24 360
24 236
24 493
24 241
24 256
24 119
24 136
24 126
25 140
25 130
25 145
25 408
25 283
25 31
25 32
25 38
25 40
25 42
25 172
25 45
25 48
25 50
25 265
25 57
25 63
25 323
25 339
25 341
25 67
25 355
25 131
25 363
25 387
25 109
25 239
25 113
25 119
25 377
25 378
25 382
26 137
26 128
26 396
26 147
26 276
26 282
26 33
26 294
26 40
26 297
26 44
26 436
26 182
26 58
26 190
26 117
26 54
26 201
26 75
26 336
26 83
26 143
26 222
26 479
26 100
26 361
26 364
26 496
26 446
26 247
26 62
26 249
26 191
27 142
27 387
27 28
27 29
27 288
27 161
27 36
27 262
27 113
27 297
27 44
27 46
27 157
27 48
27 52
27 54
27 313
27 186
27 32
27 67
27 324
27 326
27 33
27 72
27 141
27 84
27 480
27 58
27 421
27 352
27 230
27 241
27 120
27 397
27 381
28 265
28 269
28 148
28 281
28 282
28 413
28 30
28 288
28 162
28 155
28 327
28 46
28 177
28 178
28 51
28 53
28 310
28 137
28 56
28 315
28 319
28 194
28 197
28 199
28 73
28 76
28 82
28 215
28 427
28 478
28 352
28 226
28 355
28 104
28 106
28 338
28 110
28 367
28 371
28 204
28 376
28 122
28 123
28 490
29 71
29 143
29 271
29 407
29 284
29 30
29 96
29 353
29 36
29 486
29 358
29 295
29 425
29 42
29 177
29 434
29 115
29 53
29 489
29 224
29 315
30 133
30 390
30 138
30 269
30 131
30 415
30 288
30 36
30 39
30 424
30 44
30 52
30 184
30 314
30 287
30 446
30 63
30 193
30 331
30 70
30 32
30 74
30 75
30 212
30 86
30 473
30 220
30 93
30 459
30 351
30 352
30 358
30 231
30 235
30 247
30 120
31 141
31 273
31 275
31 282
31 156
31 413
31 150
31 162
31 35
31 36
31 293
31 487
31 169
31 391
31 172
31 51
31 310
31 60
31 61
31 191
31 118
31 202
31 207
31 338
31 213
31 470
31 104
31 316
31 231
31 492
31 111
31 242
31 147
31 246
31 489
31 248
31 63
31 124
31 383
32 65
32 364
32 459
32 339
32 84
32 406
32 410
32 228
32 122
32 227
32 164
32 105
32 106
32 236
32 303
32 51
32 54
32 57
32 58
32 379
32 188
32 426
33 193
33 215
33 239
33 141
33 344
33 82
33 237
33 468
33 470
33 88
33 154
33 286
33 95
33 352
33 240
33 35
33 465
33 40
33 363
33 44
33 173
33 175
33 176
33 296
33 53
33 54
33 440
33 59
33 252
33 317
34 453
34 134
34 73
34 256
34 145
34 384
34 86
34 87
34 412
34 330
34 391
34 421
34 426
34 43
34 428
34 237
34 240
34 339
34 52
34 185
34 60
34 74
35 264
35 149
35 224
35 47
35 157
35 38
35 41
35 45
35 303
35 433
35 178
35 52
35 310
35 55
35 440
35 266
35 321
35 194
35 482
35 79
35 338
35 473
35 220
35 96
35 226
35 100
35 486
35 234
35 251
36 141
36 209
36 122
36 280
36 91
36 98
36 103
36 40
36 105
36 42
36 363
36 239
36 112
36 488
36 370
36 361
36 120
36 58
36 60
36 63
37 65
37 200
37 458
37 271
37 145
37 213
37 86
37 475
37 94
37 231
37 482
37 99
37 165
37 230
37 40
37 43
37 46
37 304
37 168
37 52
37 54
37 393
37 316
37 383
38 75
38 402
38 74
38 205
38 142
38 238
38 80
38 81
38 82
38 139
38 174
38 158
38 357
38 146
38 209
38 41
38 438
38 225
38 338
38 46
38 111
38 385
38 177
38 498
38 307
38 54
38 329
38 56
38 445
38 213
39 67
39 391
39 137
39 138
39 75
39 140
39 209
39 195
39 430
39 68
39 347
39 223
39 160
39 246
39 423
39 389
39 360
39 252
39 43
39 304
39 237
39 110
39 189
39 48
39 116
39 158
39 54
39 376
39 124
39 125
39 62
40 70
40 356
40 205
40 461
40 81
40 83
40 342
40 68
40 219
40 410
40 414
40 230
40 104
40 41
40 298
40 364
40 242
40 303
40 368
40 192
40 254
40 182
40 425
40 58
40 315
40 61
40 62
41 68
41 261
41 137
41 140
41 462
41 343
41 281
41 282
41 91
41 478
41 230
41 228
41 101
41 361
41 172
41 46
41 47
41 181
41 347
41 192
41 254
42 331
42 140
42 337
42 341
42 342
42 89
42 495
42 221
42 100
42 419
42 294
42 166
42 232
42 241
42 115
42 308
42 182
42 382
43 193
43 460
43 78
43 80
43 280
43 84
43 85
43 86
43 410
43 287
43 344
43 144
43 295
43 171
43 364
43 302
43 118
43 293
43 70
43 126
44 69
44 456
44 258
44 410
44 97
44 297
44 434
44 307
44 436
44 361
44 184
44 121
44 251
44 394
44 85
45 70
45 71
45 140
45 77
45 78
45 323
45 90
45 476
45 351
45 96
45 354
45 294
45 167
45 489
45 495
45 433
45 114
45 116
45 439
45 57
45 59
46 175
46 71
46 64
46 140
46 141
46 335
46 337
46 89
46 165
46 91
46 167
46 135
46 172
46 237
46 47
46 498
46 231
46 58
46 61
46 63
47 198
47 64
47 141
47 83
47 430
47 86
47 355
47 169
47 282
47 92
47 223
47 96
47 100
47 451
47 299
47 274
47 131
47 73
47 121
47 127
47 124
47 125
47 63
48 67
48 150
48 449
48 136
48 265
48 462
48 320
48 184
48 147
48 420
48 85
48 88
48 68
48 220
48 221
48 393
48 336
48 411
48 164
48 166
48 236
48 451
48 117
48 54
48 73
48 132
48 59
48 343
48 63
49 320
49 258
49 67
49 69
49 267
49 145
49 148
49 85
49 57
49 89
49 282
49 219
49 349
49 94
49 91
49 484
49 425
49 106
49 427
49 494
49 178
49 119
49 312
49 121
49 59
49 317
49 213
50 196
50 134
50 65
50 80
50 376
50 84
50 156
50 290
50 129
50 105
50 144
50 274
50 232
50 54
50 120
50 212
50 125
51 132
51 73
51 271
51 338
51 85
51 86
51 287
51 457
51 102
51 104
51 170
51 239
51 438
51 393
52 66
52 67
52 458
52 74
52 141
52 320
52 276
52 405
52 281
52 217
52 282
52 412
52 477
52 69
52 416
52 166
52 234
52 491
52 301
52 448
52 113
52 499
52 286
52 378
52 381
53 438
53 460
53 81
53 210
53 211
53 153
53 346
53 155
53 222
53 160
53 347
53 465
53 428
53 493
53 432
53 498
53 178
53 54
53 121
53 123
53 85
54 261
54 482
54 367
54 413
54 308
54 186
54 187
54 309
54 67
54 77
54 81
54 83
54 142
54 215
54 88
54 354
54 99
54 105
54 239
54 496
54 371
54 233
54 123
55 77
55 141
55 212
55 214
55 344
55 286
55 130
55 481
55 294
55 232
55 183
55 397
56 263
56 73
56 399
56 83
56 86
56 92
56 94
56 225
56 289
56 103
56 387
56 237
56 113
56 247
56 381
56 195
57 198
57 65
57 75
57 268
57 333
57 209
57 281
57 154
57 282
57 146
57 295
57 360
57 194
57 179
57 246
57 58
57 380
57 318
57 63
58 71
58 404
58 366
58 153
58 220
58 100
58 102
58 105
58 210
58 175
58 370
58 265
58 249
58 316
58 266
58 345
58 377
59 65
59 71
59 279
59 273
59 146
59 468
59 143
59 157
59 94
59 296
59 112
59 177
59 242
59 179
59 310
59 74
60 65
60 140
60 205
60 399
60 153
60 155
60 156
60 285
60 453
60 103
60 361
60 196
60 174
60 303
60 183
60 121
61 134
61 136
61 384
61 211
61 87
61 280
61 89
61 90
61 411
61 360
61 485
61 305
61 108
61 113
61 275
61 382
61 186
61 123
61 252
61 254
62 461
62 454
62 193
62 137
62 140
62 78
62 430
62 87
62 221
62 471
62 99
62 484
62 486
62 236
62 302
62 349
62 176
62 434
62 147
62 312
62 379
62 383
63 141
63 271
63 384
63 147
63 411
63 476
63 103
63 107
63 364
63 493
63 246
63 250
64 257
64 72
64 73
64 458
64 192
64 258
64 173
64 274
64 238
64 348
64 161
64 82
64 490
64 428
64 146
64 304
64 115
64 254
65 136
65 394
65 334
65 148
65 217
65 219
65 221
65 286
65 198
65 294
65 295
65 468
65 173
65 319
66 329
66 206
66 143
66 82
66 469
66 278
66 68
66 282
66 346
66 350
66 419
66 337
66 169
66 135
66 301
66 174
66 349
66 370
66 181
67 132
67 71
67 266
67 183
67 398
67 256
67 148
67 85
67 345
67 88
67 93
67 95
67 112
67 99
67 164
67 293
67 166
67 488
67 144
67 235
67 174
67 119
67 244
67 445
67 318
68 71
68 77
68 82
68 171
68 86
68 365
68 90
68 92
68 227
68 107
68 210
68 114
68 115
68 244
69 131
69 324
69 81
69 498
69 434
69 147
69 352
69 215
69 88
69 122
69 443
70 128
70 487
70 268
70 108
70 77
70 400
70 98
70 428
70 220
71 264
71 384
71 83
71 277
71 132
71 231
71 233
71 487
71 385
71 113
71 238
71 190
72 259
72 132
72 81
72 146
72 147
72 469
72 215
72 154
72 220
72 104
72 284
72 491
72 113
72 181
73 455
73 333
73 320
73 81
73 467
73 277
73 288
73 180
73 250
73 319
74 390
74 454
74 265
74 162
74 80
74 414
74 220
74 94
74 357
74 416
74 229
74 233
74 379
75 322
75 211
75 144
75 84
75 151
75 452
75 351
75 482
75 419
75 236
75 179
75 439
75 127
76 134
76 299
76 354
76 472
76 306
76 407
76 248
76 443
76 325
77 136
77 137
77 138
77 205
77 109
77 466
77 83
77 207
77 158
77 479
77 167
77 467
77 121
77 188
77 330
77 134
77 191
78 201
78 147
78 87
78 96
78 419
78 291
78 485
78 195
78 433
78 257
78 367
78 305
78 379
79 167
79 226
79 386
79 363
79 238
79 115
79 113
79 213
79 406
79 379
79 191
80 448
80 427
80 134
80 204
80 207
80 401
80 146
80 84
80 405
80 87
80 154
80 91
80 295
80 487
80 306
80 251
80 190
81 427
81 135
81 290
81 258
81 206
81 440
81 435
81 430
81 215
81 358
82 289
82 138
82 154
82 155
82 156
82 354
82 424
82 327
82 89
82 345
83 136
83 334
83 84
83 398
83 471
83 294
83 365
84 129
84 388
84 212
84 88
84 452
84 155
84 310
84 105
84 373
84 374
84 186
84 443
84 191
85 194
85 327
85 393
85 403
85 462
85 208
85 402
85 86
85 408
85 299
85 90
85 91
85 92
85 101
85 369
85 313
85 126
86 184
86 221
86 351
86 356
86 171
86 366
86 120
86 315
86 189
87 454
87 332
87 142
87 347
87 92
87 285
87 94
87 96
87 291
87 100
87 230
87 103
87 381
87 256
87 398
87 124
88 289
88 102
88 452
88 109
88 175
88 465
88 311
88 376
89 133
89 144
89 287
89 97
89 113
89 296
89 235
89 481
89 180
89 121
89 106
90 195
90 103
90 129
90 235
90 238
90 335
90 182
90 266
90 220
91 264
91 150
91 281
91 421
91 294
91 492
91 239
91 112
91 307
91 181
91 120
91 121
91 126
91 341
92 390
92 329
92 471
92 268
92 256
92 337
92 146
92 403
92 468
92 142
92 345
92 428
92 432
92 190
92 310
92 122
92 253
92 254
93 224
93 200
93 172
93 336
93 221
93 94
93 296
94 194
94 454
94 438
94 168
94 236
94 341
94 118
94 420
94 266
95 262
95 332
95 130
95 142
95 279
95 216
95 324
95 133
95 163
95 470
95 238
95 496
95 371
95 186
96 97
96 326
96 289
96 470
96 313
96 245
96 184
96 281
96 155
97 260
97 327
97 492
97 237
97 152
97 146
97 341
97 280
97 346
97 338
97 350
97 109
97 432
97 369
97 373
98 380
98 224
98 452
98 113
98 118
98 354
98 285
98 406
99 130
99 335
99 471
99 399
99 477
99 227
99 295
99 122
99 318
100 267
100 206
100 270
100 346
100 347
100 223
100 418
100 434
100 372
100 123
100 316
100 381
101 128
101 488
101 102
101 129
101 321
101 144
101 271
101 210
101 339
101 122
101 251
101 124
102 323
102 328
102 413
102 401
102 180
102 343
102 316
102 282
102 222
103 193
103 201
103 225
103 140
103 302
103 216
103 419
103 260
103 411
104 227
104 193
104 455
104 242
104 409
104 381
105 323
105 168
105 224
105 432
105 195
105 154
105 351
106 424
106 296
106 330
106 365
106 434
106 243
106 284
106 413
107 389
107 333
107 142
107 242
107 180
107 342
107 370
108 149
108 346
108 295
108 300
108 493
108 110
108 241
108 179
108 447
108 444
108 192
108 255
109 210
109 275
109 216
109 156
109 357
109 166
109 220
109 428
109 184
109 187
109 124
109 213
110 170
110 476
110 175
110 240
110 369
110 211
110 187
110 492
110 191
111 486
111 232
111 140
111 372
111 188
111 338
111 446
112 261
112 321
112 136
112 140
112 336
112 145
112 345
112 164
112 221
112 227
112 363
112 173
112 131
112 120
112 254
113 292
113 222
114 192
114 321
114 272
114 343
114 216
114 283
114 199
114 223
114 207
114 357
114 167
114 171
114 172
114 238
114 180
114 350
114 438
114 315
115 352
115 269
115 271
115 373
115 123
116 390
116 201
116 199
116 437
116 222
117 355
117 239
117 430
117 150
117 189
118 297
118 241
118 163
118 405
118 193
118 156
118 189
119 166
119 289
119 237
119 206
119 470
120 486
120 456
120 425
120 238
120 244
120 213
120 185
121 160
121 134
121 353
121 468
121 182
121 303
121 254
121 127
122 258
122 202
122 247
122 224
122 179
122 132
122 251
123 132
123 262
123 128
123 408
123 472
123 224
123 390
123 300
123 173
123 179
124 194
124 131
124 196
124 129
124 278
124 328
124 435
124 216
124 395
125 197
125 274
125 368
125 273
125 376
125 463
125 127
126 160
126 163
126 168
126 361
126 234
126 192
126 205
126 287
126 219
126 217
126 197
127 297
127 302
127 155
127 286
128 299
128 468
128 398
128 210
128 180
128 282
128 478
129 224
129 338
129 210
129 450
129 280
129 377
129 270
130 193
130 267
130 269
130 241
130 470
130 290
130 439
130 305
131 283
131 132
131 190
131 499
131 158
131 182
131 303
132 225
132 397
132 270
132 200
132 242
132 385
132 228
132 253
133 384
133 175
133 443
133 149
133 438
133 250
133 159
133 426
133 223
134 337
134 264
134 144
134 399
134 238
134 345
134 383
134 319
135 195
135 390
135 391
135 364
135 183
135 300
135 148
135 315
135 445
135 455
136 263
136 272
136 186
136 289
136 154
137 161
137 199
137 338
137 250
138 336
138 197
138 392
138 364
138 240
138 145
139 363
139 257
139 269
139 301
139 254
140 423
140 324
140 174
140 459
140 154
140 207
141 233
141 193
141 205
141 465
141 377
142 311
142 293
142 145
142 329
142 352
142 269
142 334
142 207
143 297
143 206
143 186
144 170
144 304
144 306
144 199
145 225
145 328
145 200
145 376
146 194
146 160
146 364
146 309
146 282
147 321
147 386
147 337
147 211
147 276
147 270
147 473
147 152
147 153
147 416
147 227
147 232
147 171
147 200
147 382
148 395
148 484
148 263
148 365
148 288
148 308
148 414
148 459
148 346
148 252
148 286
149 264
149 421
149 398
149 399
149 214
149 415
149 383
150 498
150 334
150 468
151 203
151 176
151 190
152 171
152 272
152 208
152 359
152 158
153 252
153 331
153 432
153 178
154 397
154 161
154 250
155 480
155 325
155 394
155 213
155 347
155 293
155 168
155 444
156 193
156 465
157 213
157 165
157 223
157 447
157 398
157 277
157 229
158 385
158 231
158 397
158 337
158 227
159 417
159 360
159 335
159 402
159 279
159 197
160 185
160 399
161 363
161 294
161 176
162 323
162 325
162 299
162 365
162 334
162 401
162 499
162 183
163 457
163 183
163 268
163 338
163 292
163 287
163 288
163 228
163 358
163 231
163 425
163 491
163 175
163 375
163 248
163 255
164 272
164 353
164 179
164 180
164 334
164 476
165 416
165 454
165 232
165 212
165 309
165 340
165 220
165 293
166 262
166 208
166 205
166 209
166 227
166 234
167 384
167 437
167 278
168 327
168 304
168 209
168 479
168 284
168 189
168 255
169 179
169 404
169 420
169 398
170 229
170 328
170 480
170 316
170 189
171 393
171 460
171 209
171 281
172 405
172 363
172 373
172 255
173 187
173 352
174 300
174 430
174 207
174 499
174 282
175 243
175 423
175 184
175 444
175 455
176 178
176 201
176 191
177 422
177 264
177 265
177 398
177 477
177 316
177 216
177 222
177 453
178 416
178 321
178 259
178 476
178 338
178 378
179 419
179 219
179 479
179 225
179 296
179 299
179 183
179 317
179 190
180 291
180 365
180 275
180 233
180 394
180 416
181 209
181 408
182 290
182 193
182 192
182 369
182 296
182 343
182 248
183 296
183 235
183 209
183 210
183 276
183 340
183 423
183 349
183 345
184 227
184 391
184 327
184 247
184 267
184 185
184 282
184 252
185 480
185 234
186 367
186 484
186 455
186 267
186 339
187 214
187 416
187 193
187 426
187 465
187 302
187 213
187 248
187 218
187 253
188 192
189 256
189 326
189 268
189 370
190 450
190 357
190 238
190 402
190 213
190 462
190 427
190 286
190 191
191 386
191 286
191 436
191 349
192 229
192 294
192 268
192 499
192 468
193 235
193 459
193 337
193 354
193 228
194 198
194 402
194 195
194 278
194 201
194 250
195 448
195 459
195 269
195 200
195 307
195 214
195 305
195 251
195 474
195 357
196 403
196 244
196 467
196 248
196 223
197 465
197 262
197 439
197 235
198 416
198 252
199 288
199 450
199 420
199 432
199 392
199 445
200 238
200 367
200 464
201 425
201 403
201 334
201 462
201 319
202 272
202 375
203 481
203 266
203 231
204 498
204 321
204 443
205 288
205 236
205 472
205 378
205 232
205 229
206 438
206 414
206 293
207 228
207 325
207 422
207 331
207 441
207 251
207 220
208 263
208 435
208 247
208 281
208 347
209 259
209 334
209 485
209 291
209 372
209 213
209 462
209 299
210 326
211 285
211 272
211 270
211 445
211 282
212 494
212 487
213 455
213 445
214 327
214 343
215 326
215 233
215 406
215 431
216 290
216 420
216 428
216 333
216 424
216 311
216 284
217 417
218 450
218 464
218 306
218 293
218 297
218 239
219 414
219 377
220 274
221 486
221 476
221 381
221 370
221 348
221 447
222 317
223 494
223 279
224 461
224 253
224 293
225 256
225 482
225 262
225 288
225 282
225 284
226 260
226 390
226 427
226 451
227 332
227 306
227 292
228 442
228 426
228 318
229 304
229 376
229 413
230 319
231 401
231 341
232 398
232 476
234 401
234 475
235 267
235 429
235 462
235 404
235 283
236 453
237 295
237 327
238 385
238 253
239 393
239 242
240 262
240 412
240 332
240 499
240 260
240 283
240 252
241 324
241 327
241 334
241 271
241 429
241 314
242 256
242 351
242 302
242 344
242 317
242 286
243 448
243 363
243 473
244 354
244 374
244 273
244 351
245 402
245 391
245 411
245 319
246 431
246 340
246 476
247 410
247 479
248 487
248 363
248 365
248 270
248 381
248 364
248 412
248 317
249 422
249 254
249 445
250 469
250 371
250 434
251 482
251 409
251 367
252 418
252 264
252 329
252 376
254 424
254 261
254 398
254 273
255 288
255 361
256 357
256 460
256 313
257 473
257 468
257 297
258 456
258 307
258 340
258 281
258 444
258 273
259 297
259 459
259 404
259 283
260 372
260 312
260 313
260 356
262 361
262 439
262 413
263 483
263 472
263 347
263 270
264 322
264 270
264 313
265 483
265 273
266 292
266 344
266 345
267 379
267 415
268 389
268 289
268 313
270 457
271 389
271 304
272 493
273 305
273 327
274 316
274 472
274 343
275 306
275 471
275 436
275 315
276 488
276 360
276 297
277 481
277 424
278 329
279 385
279 291
279 437
280 283
280 357
280 313
280 345
281 296
281 300
281 477
282 357
282 344
282 429
283 354
283 362
283 435
284 482
284 326
284 455
284 416
284 352
284 383
285 304
285 432
285 456
285 499
286 297
286 375
287 339
287 439
287 443
288 486
288 444
288 462
288 297
289 393
289 335
290 391
290 329
290 365
290 366
291 364
292 373
292 457
292 469
293 302
294 384
294 447
295 305
295 310
295 318
297 322
297 416
297 403
298 305
298 348
298 318
298 499
299 390
299 428
299 408
299 380
301 370
304 363
305 491
305 368
305 402
305 415
306 325
306 361
307 419
308 474
308 311
308 409
308 479
309 422
310 416
311 423
312 491
312 447
313 452
313 341
314 318
315 397
316 385
316 401
317 456
317 361
317 374
317 412
318 423
318 354
319 377
319 366
321 471
321 379
321 447
322 435
322 412
322 351
323 396
323 361
323 383
324 411
324 376
324 446
325 444
326 400
326 394
327 338
327 352
328 379
328 445
329 450
330 436
331 335
332 386
332 456
332 394
333 450
334 411
335 458
335 441
335 479
336 409
336 414
337 454
337 423
338 382
339 466
339 439
339 415
339 389
340 341
340 472
340 492
341 448
341 413
341 414
343 424
343 469
343 418
343 404
343 405
345 403
348 375
351 375
351 355
351 477
352 429
353 448
354 447
355 468
356 487
357 424
358 385
358 486
358 423
358 393
358 413
358 377
358 463
359 386
359 486
359 375
359 453
360 429
360 406
360 378
361 434
363 421
363 457
363 412
364 483
364 371
364 465
364 490
366 391
369 385
372 465
372 458
372 380
373 464
376 391
376 407
377 379
382 498
386 421
387 422
388 493
389 430
390 451
391 479
392 411
393 493
395 490
398 453
399 498
400 438
403 435
403 443
406 437
407 450
408 426
408 412
408 413
409 453
409 417
410 485
412 483
413 499
416 492
416 467
417 468
418 499
418 429
419 467
423 471
424 480
425 494
426 428
426 485
428 476
428 479
434 463
437 471
440 495
445 470
453 462
453 487
456 496
458 459
460 498
469 498
