0 1
0 2
0 3
0 4
0 5
0 6
0 7
0 8
0 9
0 10
0 11
0 12
0 13
0 14
0 15
0 16
0 17
0 18
0 19
0 20
0 21
0 22
0 23
0 24
0 25
0 26
0 27
0 28
0 29
0 30
0 31
0 32
0 33
0 34
0 35
0 36
0 37
0 38
0 39
0 40
0 41
0 42
0 43
0 44
0 45
0 46
0 47
0 48
0 49
0 50
0 51
0 52
0 53
0 54
0 55
0 56
0 57
0 58
0 59
0 60
0 61
0 62
0 63
0 64
0 65
0 66
0 67
0 68
0 69
0 70
0 71
0 72
0 73
0 74
0 75
0 76
0 77
0 78
0 79
0 80
0 81
0 82
0 83
0 84
0 85
0 86
0 87
0 88
0 90
0 91
0 92
0 93
0 94
0 95
0 96
0 97
0 98
0 99
0 100
0 102
0 103
0 104
0 105
0 106
0 108
0 110
0 111
0 112
0 113
0 114
0 115
0 116
0 117
0 118
0 119
0 120
0 121
0 122
0 125
0 127
0 129
0 131
0 134
0 136
0 137
0 138
0 139
0 140
0 143
0 144
0 145
0 146
0 150
0 152
0 155
0 156
0 157
0 158
0 159
0 164
0 167
0 168
0 169
0 171
0 172
0 175
0 177
0 179
0 180
0 182
0 184
0 185
0 186
0 189
0 190
0 193
0 194
0 195
0 198
0 199
0 200
0 201
0 202
0 203
0 206
0 207
0 210
0 212
0 213
0 214
0 216
0 218
0 221
0 222
0 223
0 230
0 231
0 232
0 233
0 234
0 238
0 240
0 244
0 246
0 249
0 251
0 253
0 256
0 263
0 265
0 271
0 272
0 273
0 275
0 277
0 278
0 280
0 281
0 282
0 284
0 285
0 286
0 287
0 288
0 290
0 291
0 292
0 295
0 296
0 297
0 298
0 300
0 303
0 304
0 309
0 310
0 314
0 315
0 316
0 317
0 318
0 319
0 321
0 323
0 324
0 327
0 329
0 331
0 334
0 336
0 339
0 343
0 345
0 349
0 353
0 356
0 357
0 363
0 364
0 365
0 366
0 367
0 371
0 373
0 374
0 375
0 376
0 380
0 381
0 383
0 388
0 391
0 396
0 397
0 398
0 403
0 410
0 413
0 415
0 416
0 421
0 424
0 425
0 428
0 434
0 443
0 446
0 450
0 455
0 457
0 462
0 465
0 471
0 478
0 483
0 484
0 486
0 488
0 494
0 499
1 2
1 3
1 4
1 5
1 6
1 7
1 8
1 9
1 10
1 11
1 12
1 13
1 14
1 15
1 16
1 17
1 18
1 19
1 20
1 21
1 22
1 23
1 24
1 25
1 26
1 27
1 28
1 29
1 30
1 31
1 32
1 33
1 34
1 35
1 36
1 37
1 38
1 39
1 40
1 41
1 42
1 43
1 45
1 46
1 47
1 48
1 49
1 50
1 51
1 52
1 53
1 54
1 55
1 56
1 57
1 59
1 61
1 62
1 64
1 65
1 66
1 67
1 68
1 71
1 74
1 75
1 76
1 78
1 79
1 80
1 81
1 82
1 86
1 88
1 89
1 91
1 94
1 96
1 99
1 100
1 102
1 103
1 104
1 105
1 106
1 107
1 110
1 112
1 113
1 115
1 116
1 117
1 118
1 121
1 123
1 124
1 125
1 127
1 128
1 131
1 132
1 133
1 137
1 139
1 141
1 144
1 145
1 147
1 151
1 152
1 156
1 157
1 159
1 160
1 161
1 164
1 165
1 174
1 175
1 176
1 180
1 182
1 188
1 189
1 191
1 194
1 198
1 203
1 205
1 211
1 214
1 216
1 217
1 220
1 227
1 229
1 233
1 238
1 239
1 247
1 248
1 251
1 252
1 255
1 256
1 263
1 264
1 265
1 273
1 274
1 278
1 279
1 283
1 285
1 286
1 311
1 315
1 317
1 319
1 323
1 325
1 327
1 336
1 341
1 343
1 346
1 347
1 349
1 354
1 359
1 365
1 366
1 374
1 380
1 384
1 386
1 393
1 394
1 399
1 400
1 408
1 411
1 413
1 416
1 423
1 424
1 435
1 436
1 438
1 446
1 447
1 453
1 464
1 467
1 475
1 476
1 478
1 484
1 485
1 488
1 490
1 496
2 3
2 4
2 5
2 6
2 7
2 8
2 9
2 10
2 11
2 12
2 13
2 14
2 15
2 16
2 17
2 18
2 19
2 20
2 21
2 22
2 23
2 24
2 25
2 26
2 283
2 28
2 29
2 30
2 31
2 32
2 289
2 34
2 35
2 342
2 37
2 38
2 39
2 40
2 41
2 42
2 43
2 45
2 46
2 47
2 48
2 49
2 50
2 51
2 53
2 54
2 55
2 56
2 58
2 266
2 63
2 320
2 65
2 343
2 67
2 256
2 72
2 396
2 74
2 409
2 76
2 77
2 334
2 336
2 81
2 84
2 85
2 284
2 87
2 267
2 345
2 99
2 356
2 102
2 103
2 104
2 107
2 109
2 110
2 112
2 360
2 114
2 371
2 117
2 118
2 120
2 121
2 124
2 128
2 133
2 134
2 135
2 393
2 140
2 142
2 144
2 401
2 403
2 148
2 431
2 407
2 153
2 154
2 155
2 156
2 160
2 161
2 418
2 420
2 376
2 497
2 168
2 169
2 427
2 285
2 359
2 492
2 180
2 441
2 186
2 188
2 445
2 191
2 193
2 487
2 390
2 199
2 458
2 208
2 209
2 467
2 221
2 263
2 464
2 226
2 227
2 228
2 294
2 307
2 234
2 306
2 236
2 239
2 241
2 244
2 368
2 297
2 340
2 250
2 252
2 253
3 4
3 5
3 6
3 7
3 8
3 9
3 10
3 11
3 12
3 13
3 14
3 15
3 16
3 17
3 18
3 19
3 20
3 21
3 24
3 25
3 26
3 27
3 28
3 29
3 30
3 31
3 32
3 290
3 35
3 36
3 38
3 39
3 41
3 42
3 43
3 419
3 46
3 47
3 50
3 51
3 52
3 53
3 55
3 56
3 57
3 58
3 60
3 61
3 318
3 63
3 64
3 322
3 67
3 69
3 70
3 71
3 72
3 73
3 74
3 476
3 79
3 80
3 83
3 84
3 85
3 342
3 344
3 348
3 93
3 350
3 95
3 96
3 354
3 99
3 100
3 357
3 104
3 105
3 107
3 110
3 112
3 115
3 372
3 118
3 430
3 276
3 123
3 126
3 132
3 135
3 136
3 142
3 400
3 146
3 147
3 148
3 406
3 151
3 159
3 161
3 163
3 168
3 171
3 173
3 174
3 179
3 180
3 437
3 182
3 184
3 355
3 186
3 192
3 450
3 198
3 202
3 206
3 464
3 210
3 291
3 218
3 314
3 220
3 221
3 481
3 226
3 483
3 229
3 487
3 234
3 236
3 466
3 494
3 240
3 244
3 349
3 247
3 281
3 253
4 5
4 6
4 7
4 8
4 9
4 10
4 11
4 12
4 13
4 14
4 15
4 16
4 17
4 18
4 19
4 20
4 21
4 22
4 23
4 24
4 25
4 26
4 27
4 28
4 29
4 30
4 31
4 32
4 33
4 34
4 35
4 36
4 37
4 39
4 40
4 42
4 257
4 301
4 46
4 47
4 48
4 49
4 50
4 53
4 54
4 55
4 56
4 57
4 58
4 59
4 60
4 63
4 64
4 352
4 66
4 68
4 72
4 73
4 311
4 77
4 78
4 440
4 82
4 84
4 270
4 87
4 88
4 91
4 92
4 93
4 95
4 344
4 99
4 100
4 103
4 360
4 316
4 364
4 274
4 110
4 368
4 371
4 116
4 118
4 119
4 343
4 276
4 123
4 380
4 382
4 129
4 386
4 391
4 136
4 139
4 396
4 142
4 143
4 149
4 415
4 430
4 166
4 427
4 174
4 177
4 449
4 436
4 329
4 184
4 445
4 192
4 279
4 196
4 305
4 208
4 466
4 361
4 478
4 226
4 227
4 485
4 232
4 233
4 236
4 239
4 296
4 249
4 351
5 6
5 7
5 8
5 9
5 10
5 11
5 12
5 13
5 14
5 16
5 19
5 20
5 21
5 22
5 23
5 24
5 25
5 26
5 27
5 31
5 33
5 34
5 262
5 38
5 296
5 42
5 299
5 46
5 47
5 48
5 51
5 309
5 57
5 59
5 63
5 320
5 66
5 323
5 70
5 71
5 328
5 74
5 333
5 78
5 79
5 81
5 82
5 339
5 341
5 86
5 90
5 95
5 98
5 99
5 358
5 379
5 105
5 109
5 110
5 111
5 368
5 115
5 119
5 122
5 123
5 124
5 125
5 127
5 132
5 260
5 140
5 143
5 280
5 405
5 152
5 154
5 410
5 414
5 160
5 164
5 166
5 427
5 428
5 177
5 434
5 179
5 180
5 183
5 447
5 449
5 196
5 203
5 209
5 216
5 220
5 482
5 227
5 484
5 229
5 230
5 380
5 491
5 237
5 381
5 243
5 246
5 298
6 7
6 8
6 9
6 10
6 11
6 12
6 14
6 273
6 18
6 19
6 20
6 21
6 22
6 23
6 24
6 25
6 26
6 27
6 29
6 30
6 31
6 32
6 34
6 37
6 38
6 39
6 40
6 298
6 44
6 46
6 47
6 48
6 49
6 309
6 55
6 57
6 59
6 63
6 70
6 256
6 73
6 75
6 333
6 336
6 81
6 84
6 86
6 87
6 92
6 93
6 98
6 101
6 360
6 108
6 367
6 114
6 371
6 116
6 120
6 377
6 122
6 379
6 131
6 134
6 138
6 142
6 143
6 149
6 151
6 154
6 156
6 157
6 414
6 416
6 163
6 423
6 412
6 427
6 172
6 434
6 181
6 190
6 447
6 198
6 463
6 465
6 257
6 337
6 232
6 295
6 236
6 238
6 242
6 477
6 251
7 8
7 9
7 10
7 11
7 12
7 13
7 14
7 15
7 16
7 17
7 18
7 19
7 20
7 414
7 24
7 25
7 28
7 158
7 31
7 33
7 36
7 37
7 39
7 168
7 42
7 176
7 46
7 47
7 48
7 136
7 432
7 53
7 55
7 56
7 223
7 437
7 198
7 435
7 323
7 196
7 130
7 328
7 331
7 205
7 78
7 79
7 210
7 497
7 84
7 470
7 399
7 95
7 96
7 315
7 101
7 102
7 233
7 106
7 110
7 112
7 241
7 498
7 116
7 246
7 119
7 249
7 448
8 264
8 9
8 11
8 12
8 13
8 256
8 301
8 16
8 273
8 18
8 19
8 20
8 21
8 22
8 281
8 24
8 132
8 26
8 27
8 30
8 31
8 416
8 161
8 134
8 166
8 40
8 41
8 42
8 173
8 50
8 179
8 181
8 54
8 55
8 57
8 58
8 140
8 446
8 309
8 447
8 67
8 68
8 453
8 71
8 328
8 129
8 74
8 311
8 80
8 81
8 139
8 85
8 473
8 90
8 348
8 404
8 443
8 259
8 233
8 106
8 289
8 113
8 114
8 275
8 244
8 245
8 376
8 148
8 319
8 253
9 10
9 11
9 12
9 258
9 14
9 15
9 17
9 274
9 19
9 20
9 21
9 278
9 23
9 24
9 25
9 282
9 27
9 28
9 29
9 30
9 33
9 36
9 37
9 40
9 42
9 299
9 45
9 47
9 48
9 49
9 52
9 393
9 312
9 57
9 314
9 59
9 60
9 395
9 328
9 73
9 82
9 84
9 270
9 88
9 429
9 95
9 97
9 145
9 360
9 105
9 316
9 129
9 137
9 279
9 401
9 148
9 26
9 418
9 419
9 169
9 173
9 430
9 157
9 436
9 444
9 195
9 198
9 203
9 206
9 466
9 470
9 216
9 219
9 223
9 483
9 229
9 235
9 236
9 239
9 240
9 253
10 388
10 12
10 258
10 14
10 15
10 461
10 17
10 18
10 147
10 20
10 149
10 150
10 151
10 24
10 132
10 410
10 411
10 30
10 133
10 34
10 291
10 390
10 39
10 424
10 159
10 174
10 47
10 48
10 434
10 307
10 52
10 53
10 439
10 56
10 185
10 59
10 62
10 64
10 65
10 66
10 323
10 324
10 70
10 71
10 396
10 74
10 322
10 333
10 462
10 207
10 81
10 467
10 88
10 335
10 257
10 223
10 96
10 97
10 187
10 101
10 486
10 104
10 233
10 363
10 451
10 353
10 241
10 370
10 371
10 349
10 269
10 251
10 281
10 418
10 21
11 138
11 12
11 14
11 16
11 17
11 19
11 20
11 21
11 22
11 283
11 26
11 239
11 28
11 158
11 159
11 32
11 33
11 418
11 163
11 37
11 38
11 177
11 129
11 169
11 391
11 44
11 45
11 47
11 304
11 49
11 306
11 53
11 137
11 56
11 58
11 287
11 60
11 445
11 437
11 65
11 203
11 68
11 197
11 200
11 55
11 76
11 208
11 439
11 466
11 212
11 469
11 377
11 472
11 219
11 220
11 485
11 357
11 259
11 316
11 387
11 111
11 114
11 148
11 381
11 383
12 269
12 14
12 17
12 403
12 21
12 22
12 23
12 24
12 25
12 28
12 474
12 30
12 311
12 32
12 33
12 291
12 36
12 37
12 423
12 40
12 298
12 135
12 172
12 47
12 48
12 50
12 51
12 52
12 158
12 55
12 308
12 151
12 181
12 321
12 67
12 407
12 199
12 183
12 460
12 461
12 386
12 81
12 43
12 152
12 351
12 487
12 232
12 110
12 122
12 449
12 253
12 127
13 390
13 386
13 14
13 15
13 21
13 151
13 410
13 28
13 30
13 32
13 34
13 292
13 38
13 433
13 129
13 299
13 428
13 45
13 47
13 385
13 264
13 59
13 188
13 317
13 429
13 36
13 64
13 200
13 76
13 77
13 164
13 94
13 355
13 422
13 230
13 234
13 109
13 367
13 168
13 120
13 447
13 418
13 126
14 18
14 20
14 23
14 152
14 153
14 27
14 284
14 30
14 133
14 32
14 163
14 36
14 37
14 422
14 39
14 40
14 41
14 427
14 44
14 287
14 306
14 440
14 266
14 59
14 138
14 134
14 63
14 64
14 343
14 454
14 241
14 463
14 208
14 211
14 469
14 86
14 249
14 89
14 97
14 100
14 104
14 295
14 236
14 240
14 232
14 242
14 464
14 169
14 120
14 121
14 319
15 406
15 395
15 429
15 16
15 18
15 19
15 277
15 22
15 345
15 412
15 157
15 158
15 33
15 35
15 164
15 40
15 169
15 45
15 176
15 50
15 179
15 310
15 184
15 64
15 65
15 194
15 69
15 292
15 334
15 141
15 339
15 217
15 335
15 479
15 480
15 225
15 98
15 100
15 104
15 274
15 238
15 112
15 241
15 116
15 118
15 383
16 396
16 19
16 20
16 24
16 409
16 410
16 155
16 156
16 32
16 35
16 470
16 41
16 42
16 391
16 44
16 431
16 51
16 52
16 56
16 442
16 479
16 188
16 62
16 447
16 193
16 67
16 452
16 69
16 454
16 80
16 82
16 467
16 139
16 214
16 87
16 218
16 143
16 351
16 131
16 101
16 102
16 106
16 109
16 240
16 118
17 269
17 142
17 272
17 146
17 20
17 21
17 23
17 408
17 25
17 27
17 28
17 468
17 30
17 161
17 34
17 164
17 297
17 42
17 455
17 44
17 434
17 46
17 303
17 177
17 50
17 172
17 180
17 53
17 137
17 185
17 266
17 444
17 189
17 279
17 67
17 68
17 199
17 457
17 80
17 84
17 36
17 346
17 92
17 481
17 99
17 256
17 101
17 107
17 108
17 365
17 111
17 292
17 120
17 340
17 255
18 364
18 145
18 259
18 149
18 23
18 132
18 26
18 27
18 28
18 29
18 410
18 388
18 33
18 411
18 38
18 348
18 170
18 135
18 172
18 45
18 303
18 136
18 492
18 179
18 180
18 186
18 59
18 61
18 194
18 67
18 289
18 375
18 332
18 80
18 337
18 210
18 341
18 88
18 216
18 95
18 100
18 488
18 234
18 363
18 108
18 338
18 494
18 368
18 498
18 116
18 119
18 123
18 125
18 126
19 20
19 406
19 281
19 26
19 27
19 29
19 31
19 133
19 161
19 34
19 37
19 41
19 42
19 135
19 46
19 285
19 434
19 184
19 316
19 189
19 66
19 68
19 73
19 74
19 56
19 338
19 211
19 344
19 218
19 399
19 96
19 425
19 90
19 230
19 235
19 108
19 240
19 117
19 297
20 66
20 369
20 338
20 21
20 87
20 345
20 26
20 154
20 208
20 98
20 198
20 39
20 40
20 451
20 44
20 226
20 49
20 178
20 371
20 238
20 73
20 296
20 445
20 85
21 135
21 256
21 275
21 23
21 25
21 26
21 27
21 156
21 31
21 33
21 162
21 39
21 389
21 28
21 42
21 171
21 174
21 128
21 52
21 137
21 57
21 245
21 193
21 196
21 70
21 140
21 458
21 77
21 78
21 407
21 284
21 441
21 130
21 486
21 105
21 493
21 117
21 125
21 382
22 203
22 373
22 268
22 352
22 147
22 399
22 88
22 27
22 29
22 350
22 95
22 32
22 133
22 219
22 37
22 227
22 40
22 426
22 173
22 174
22 111
22 240
22 72
22 53
22 122
22 31
22 70
22 245
23 259
23 129
23 139
23 322
23 301
23 145
23 404
23 24
23 29
23 30
23 32
23 457
23 40
23 41
23 45
23 47
23 385
23 49
23 306
23 73
23 56
23 188
23 318
23 66
23 337
23 201
23 55
23 81
23 82
23 83
23 152
23 97
23 226
23 99
23 100
23 486
23 230
23 103
23 492
23 237
23 157
23 246
23 119
23 381
23 255
24 267
24 78
24 312
24 211
24 407
24 150
24 196
24 27
24 157
24 30
24 295
24 34
24 283
24 486
24 39
24 129
24 105
24 278
24 414
24 496
24 49
24 244
24 117
24 297
24 248
24 232
25 200
25 469
25 130
25 115
25 84
25 388
25 91
25 28
25 29
25 31
25 432
25 98
25 347
25 374
25 358
25 167
25 488
25 412
25 487
25 43
25 236
25 45
25 413
25 368
25 51
25 52
25 117
25 310
25 247
25 332
25 447
26 386
26 400
26 145
26 86
26 89
26 152
26 68
26 347
26 29
26 150
26 69
26 352
26 355
26 402
26 40
26 169
26 299
26 45
26 110
26 221
26 369
26 498
26 115
26 495
26 53
26 246
26 311
26 217
26 60
27 139
27 256
27 144
27 277
27 30
27 288
27 292
27 293
27 39
27 41
27 42
27 172
27 304
27 334
27 181
27 444
27 189
27 318
27 196
27 326
27 333
27 78
27 208
27 211
27 84
27 88
27 222
27 351
27 336
27 488
27 106
27 492
27 274
27 110
27 112
27 244
27 297
27 120
27 494
27 124
28 405
28 128
28 387
28 461
28 286
28 32
28 161
28 34
28 294
28 170
28 427
28 45
28 176
28 177
28 53
28 189
28 193
28 199
28 74
28 77
28 78
28 207
28 81
28 341
28 476
28 222
28 98
28 38
28 365
28 496
28 241
28 373
28 250
28 254
28 255
29 267
29 141
29 275
29 276
29 411
29 33
29 162
29 165
29 166
29 39
29 296
29 171
29 428
29 49
29 51
29 478
29 439
29 56
29 134
29 192
29 435
29 75
29 77
29 82
29 213
29 87
29 94
29 223
29 354
29 448
29 109
29 113
29 242
29 404
30 129
30 143
30 144
30 131
30 180
30 169
30 428
30 45
30 306
30 308
30 185
30 58
30 66
30 195
30 196
30 256
30 74
30 205
30 82
30 469
30 471
30 92
30 400
30 231
30 361
30 499
30 116
30 377
30 381
31 354
31 332
31 98
31 280
31 276
31 216
31 91
31 95
31 162
31 70
31 325
31 489
31 110
31 306
31 115
31 415
31 246
31 468
31 187
31 189
31 341
32 72
32 74
32 271
32 451
32 84
32 405
32 153
32 68
32 482
32 227
32 295
32 297
32 46
32 57
32 442
32 188
32 383
33 64
33 205
33 421
33 208
33 227
33 276
33 278
33 215
33 484
33 91
33 69
33 226
33 35
33 100
33 399
33 104
33 335
33 453
33 43
33 146
33 157
33 52
33 126
33 246
33 265
33 440
33 180
33 124
33 61
33 62
33 373
34 200
34 203
34 80
34 146
34 174
34 278
34 151
34 69
34 95
34 197
34 103
34 277
34 167
34 429
34 46
34 47
34 490
34 185
34 188
34 74
34 215
34 127
35 310
35 97
35 64
35 138
35 83
35 451
35 278
35 96
35 291
35 38
35 39
35 297
35 170
35 272
35 481
35 117
35 54
35 55
35 188
35 61
35 126
36 133
36 72
36 75
36 274
36 497
36 270
36 406
36 347
36 349
36 225
36 226
36 113
36 361
36 112
36 177
36 178
36 180
36 183
36 58
36 123
36 62
37 67
37 197
37 70
37 337
37 134
37 78
37 377
37 331
37 155
37 157
37 198
37 163
37 104
37 263
37 108
37 206
37 168
37 178
37 307
37 53
37 73
37 185
37 186
37 62
37 127
38 172
38 74
38 334
38 141
38 80
38 83
38 407
38 295
38 232
38 41
38 42
38 299
38 108
38 498
38 46
38 50
38 116
38 329
38 187
38 127
39 192
39 194
39 208
39 282
39 131
39 89
39 218
39 351
39 480
39 304
39 163
39 379
39 106
39 43
39 48
39 242
39 243
39 54
39 55
39 270
39 125
39 405
40 132
40 216
40 416
40 88
40 89
40 412
40 474
40 95
40 224
40 354
40 166
40 423
40 48
40 456
40 50
40 51
40 437
40 201
40 212
40 140
40 190
40 63
41 394
41 77
41 56
41 210
41 78
41 284
41 413
41 223
41 208
41 163
41 164
41 425
41 171
41 240
41 175
41 176
41 206
41 308
41 184
41 249
41 190
42 320
42 345
42 120
42 289
42 315
42 230
42 273
42 168
42 423
42 110
42 175
42 385
42 264
42 245
42 183
42 56
42 59
43 64
43 140
43 80
43 211
43 158
43 483
43 170
43 108
43 189
43 94
43 115
43 117
43 312
43 317
44 192
44 66
44 67
44 327
44 137
44 139
44 194
44 472
44 415
44 352
44 226
44 100
44 104
44 176
44 245
44 56
44 121
45 225
45 72
45 233
45 400
45 121
45 278
45 89
45 143
45 229
45 112
45 155
45 212
45 101
45 358
45 92
45 170
45 108
45 48
45 49
45 499
45 496
45 368
45 55
45 57
45 319
45 377
45 61
45 63
46 140
46 397
46 142
46 79
46 466
46 87
46 88
46 413
46 419
46 360
46 362
46 47
46 48
46 52
46 312
46 308
46 124
46 192
46 190
46 63
47 67
47 110
47 485
47 179
47 219
47 95
47 289
47 347
47 70
47 199
47 147
47 441
47 134
48 235
48 110
48 476
48 286
48 69
48 246
48 396
48 261
48 422
48 199
48 108
48 370
48 302
48 52
48 182
48 122
48 187
49 131
49 69
49 194
49 144
49 211
49 86
49 88
49 309
49 278
49 486
49 465
49 106
49 181
49 314
49 443
49 490
49 245
50 129
50 67
50 84
50 86
50 216
50 427
50 160
50 344
50 316
50 199
50 108
50 309
50 119
50 60
50 126
50 191
51 388
51 396
51 258
51 471
51 77
51 143
51 238
51 151
51 280
51 346
51 283
51 410
51 69
51 417
51 234
51 300
51 110
51 121
51 187
52 65
52 392
52 466
52 211
52 215
52 90
52 356
52 234
52 135
52 241
52 306
52 204
52 118
52 56
52 57
52 316
52 426
52 255
53 262
53 404
53 345
53 285
53 478
53 104
53 321
53 498
53 115
53 394
53 62
53 63
54 310
54 65
54 394
54 311
54 80
54 81
54 469
54 151
54 289
54 64
54 234
54 173
54 113
54 182
54 55
54 56
54 121
54 125
55 133
55 76
55 429
55 146
55 131
55 451
55 347
55 351
55 229
55 358
55 129
55 275
55 426
55 210
55 432
55 104
55 83
55 262
55 57
56 136
56 396
56 140
56 142
56 401
56 341
56 152
56 154
56 219
56 94
56 159
56 336
56 294
56 296
56 381
56 435
56 414
56 87
56 362
57 130
57 334
57 109
57 91
57 95
57 99
57 164
57 106
57 363
57 184
57 380
57 445
58 103
58 105
58 78
58 359
58 117
58 438
58 474
58 91
59 131
59 141
59 84
59 214
59 285
59 228
59 326
59 294
59 362
59 378
59 124
59 234
60 349
60 375
60 369
60 499
60 180
60 310
60 345
60 196
60 220
60 314
61 321
61 64
61 76
61 77
61 301
61 470
61 286
61 98
61 484
61 103
61 297
61 237
61 368
61 119
61 184
62 232
62 96
62 268
62 77
62 430
62 79
62 320
62 128
62 148
62 87
62 233
62 478
62 69
63 74
63 76
63 72
63 277
63 244
63 254
63 186
63 187
63 325
63 222
64 69
64 65
64 201
64 71
64 79
64 285
64 350
64 261
64 168
64 353
64 310
64 114
64 478
64 247
64 347
65 331
65 133
65 496
65 353
65 233
65 240
65 403
65 245
65 279
65 278
65 220
65 490
66 211
66 437
66 306
66 143
66 273
66 82
66 212
66 478
66 121
66 404
67 129
67 225
67 291
67 450
67 383
67 434
67 325
68 163
68 339
68 138
68 77
68 287
68 434
68 464
68 168
68 159
69 354
69 161
69 329
69 192
69 77
69 270
69 146
69 214
69 484
69 222
69 420
69 170
69 441
70 258
70 332
70 273
70 344
70 239
70 159
70 283
70 420
70 422
70 170
70 91
70 181
70 378
70 95
71 263
71 201
71 334
71 493
71 206
71 408
71 299
71 352
71 235
71 364
71 301
71 202
71 121
71 186
71 266
72 192
72 136
72 139
72 386
72 407
72 283
72 414
72 294
72 299
72 242
72 499
72 309
72 318
73 78
73 273
73 338
73 206
73 87
73 89
73 426
73 107
73 306
73 244
73 245
73 184
73 122
73 253
73 85
74 75
74 141
74 220
74 94
74 97
74 108
74 302
74 178
74 251
75 259
75 326
75 233
75 171
75 476
75 496
75 369
75 212
75 213
75 105
75 267
75 345
75 347
75 330
75 458
76 195
76 485
76 329
76 204
76 98
76 435
76 406
76 249
76 95
76 395
76 93
76 190
77 205
77 81
77 278
77 287
77 225
77 413
77 371
77 315
77 316
78 147
78 86
78 329
78 224
78 228
78 358
78 170
78 174
78 183
78 248
79 139
79 211
79 244
79 214
79 475
79 221
80 193
80 146
80 386
80 450
80 408
80 378
80 317
80 442
81 135
81 311
81 174
81 360
81 89
81 379
81 266
81 158
82 139
82 272
82 107
82 269
82 96
82 274
82 83
82 459
82 86
82 306
82 100
83 107
83 295
83 323
83 273
83 281
83 91
83 490
83 195
84 160
84 130
84 450
84 196
84 219
84 290
84 99
84 358
84 170
84 237
84 250
84 124
84 255
85 225
85 487
85 353
85 200
85 266
85 235
85 108
85 91
86 262
86 443
86 337
86 113
86 456
86 106
86 107
86 91
86 426
86 475
86 421
87 112
87 345
87 172
87 205
87 111
87 373
87 119
87 260
87 475
88 315
88 231
88 359
88 273
88 178
88 349
88 428
88 356
88 186
88 234
89 486
89 106
89 397
89 146
89 408
89 362
89 93
89 350
90 129
90 451
90 196
90 102
90 257
90 423
90 428
90 224
90 385
90 475
91 457
91 179
91 118
91 105
91 387
91 110
91 241
92 102
92 241
92 169
92 335
92 372
92 380
92 93
92 166
93 97
93 161
93 188
93 491
93 481
93 149
93 284
93 375
93 154
93 123
93 125
94 295
94 112
94 146
94 436
94 407
95 236
95 117
96 139
96 435
96 334
96 406
96 441
96 127
97 198
97 296
97 137
97 402
97 177
97 178
97 467
97 189
97 250
97 154
97 411
98 124
98 311
98 430
98 496
98 182
98 121
98 123
98 158
99 392
99 265
99 363
99 493
99 178
99 217
99 223
99 127
100 258
100 103
100 176
100 403
100 212
100 181
100 411
100 415
101 326
101 134
101 169
101 327
101 206
101 205
101 357
101 238
101 152
101 423
101 202
101 319
102 422
102 262
102 199
102 240
102 333
102 223
103 217
103 134
103 433
103 168
103 105
103 215
103 303
103 113
103 378
103 265
103 429
104 109
104 206
104 146
104 180
104 214
104 468
104 495
104 190
104 293
105 170
105 434
105 297
105 188
105 117
106 358
106 112
106 202
106 304
106 449
106 211
106 232
107 359
107 360
107 169
107 247
107 110
107 367
107 284
108 144
108 324
108 352
108 120
108 249
108 156
108 253
109 208
109 130
109 148
109 442
109 123
109 156
110 150
110 222
110 182
110 428
110 374
111 395
111 426
111 171
111 146
111 397
111 114
111 345
111 119
111 348
111 165
112 161
112 119
112 206
112 212
112 149
112 186
112 170
113 129
113 224
113 206
113 471
113 344
113 414
114 263
114 258
114 328
114 277
114 282
114 318
114 479
115 356
115 233
115 170
115 268
115 288
115 273
115 419
115 117
115 470
116 195
116 470
116 289
116 304
116 222
116 150
116 216
116 377
116 188
117 293
117 390
117 129
117 202
117 236
117 130
117 141
117 359
118 141
118 239
118 291
119 395
119 399
119 485
120 384
120 484
120 167
120 363
120 140
120 146
120 238
120 252
121 406
121 456
121 234
121 156
121 382
122 244
122 166
123 128
123 451
123 183
123 474
123 188
123 446
123 191
124 262
124 234
124 236
124 464
125 451
125 420
125 232
125 372
125 478
126 469
126 302
127 257
127 141
127 238
127 207
127 144
127 499
127 291
127 480
127 268
127 383
127 130
128 132
128 182
128 409
129 192
129 199
129 154
129 423
129 296
129 491
129 429
130 320
130 449
130 260
130 269
130 144
130 403
130 303
131 292
131 134
131 439
131 140
131 397
131 152
132 171
132 269
132 174
132 335
132 163
132 352
133 172
133 245
133 474
134 200
134 210
134 285
134 223
135 448
135 204
135 139
135 172
135 482
135 174
135 489
135 355
135 153
136 417
136 466
136 471
136 281
136 250
137 203
137 168
137 321
137 304
137 449
137 227
137 180
137 247
137 189
138 144
138 258
138 234
139 419
139 495
140 289
140 196
140 356
140 453
140 339
140 203
140 281
140 477
140 261
141 291
141 357
141 295
141 240
141 179
142 244
142 180
142 442
142 429
143 192
143 235
143 154
143 188
144 163
144 325
144 264
144 169
144 191
144 271
144 496
144 351
145 227
145 323
145 183
146 228
146 465
146 183
146 259
146 464
146 439
146 271
147 288
147 257
147 461
147 401
147 483
147 346
147 348
148 206
148 294
149 312
149 168
149 217
149 384
149 250
150 353
150 313
150 363
151 203
151 369
151 274
151 186
151 318
152 390
152 423
152 438
152 287
153 323
153 196
154 331
154 420
154 262
154 468
154 308
155 196
155 454
155 274
156 425
156 313
156 443
157 283
157 263
157 211
157 442
157 233
158 253
159 252
159 381
159 318
160 259
160 484
160 171
160 174
160 357
161 430
161 431
162 177
162 274
162 443
162 364
163 394
163 337
163 339
163 285
164 427
164 257
165 483
165 421
165 310
165 417
165 492
165 255
166 377
167 224
167 294
167 315
167 174
167 447
168 463
168 336
168 417
168 289
168 319
169 208
169 198
169 296
169 224
169 315
170 419
170 277
170 201
170 411
171 263
171 392
171 257
171 429
171 355
172 484
172 253
173 177
173 392
173 337
173 202
173 455
174 214
174 242
174 337
174 444
174 447
175 213
175 438
176 308
176 345
177 235
177 192
177 383
178 482
178 198
178 203
178 334
178 217
178 189
179 196
179 392
179 278
179 472
179 383
181 252
181 346
181 254
181 341
182 272
182 465
182 340
182 287
183 391
183 308
183 276
183 317
184 262
184 369
184 188
185 233
185 223
185 314
185 213
186 289
186 353
186 249
186 477
186 445
187 351
188 322
188 349
189 291
189 363
189 446
190 406
190 224
190 415
191 221
192 195
193 401
193 290
193 413
194 475
194 497
194 447
194 254
195 322
195 483
195 290
195 434
195 242
195 340
195 412
196 259
196 461
196 465
196 452
197 199
198 221
199 241
199 403
200 355
201 425
201 288
202 310
203 230
203 432
203 280
203 281
204 495
204 213
205 320
205 483
205 360
205 469
205 345
206 308
206 375
206 312
206 319
207 387
208 360
208 431
208 254
209 263
209 216
209 317
209 397
210 320
210 422
210 390
210 396
210 272
210 448
210 318
210 470
210 216
210 249
210 286
211 344
211 293
211 231
211 298
212 295
212 268
212 472
212 378
213 296
213 264
214 380
214 248
215 410
216 292
216 454
216 324
216 442
217 400
217 356
218 275
218 267
218 301
219 321
219 337
220 268
221 297
221 414
222 335
222 414
222 479
223 272
223 305
223 277
223 350
223 426
224 401
224 425
224 289
225 325
225 377
226 374
227 442
228 487
228 296
229 294
229 264
229 272
229 433
229 355
229 261
231 273
231 258
231 261
231 401
231 275
232 331
232 301
232 394
232 358
232 283
233 499
233 343
233 344
233 250
234 284
234 291
234 367
234 464
234 425
236 281
236 383
237 241
237 266
237 283
237 238
238 475
238 287
239 250
239 351
240 323
240 407
240 466
241 481
241 406
242 320
242 449
242 482
243 321
243 258
243 329
243 343
243 461
244 294
245 299
245 335
245 306
245 379
246 281
246 329
248 274
248 450
249 458
249 397
249 367
249 497
249 440
250 271
250 392
250 281
250 349
251 454
251 397
251 349
252 328
252 376
253 479
254 441
256 294
256 380
257 278
257 329
257 364
257 466
257 310
257 325
257 317
258 285
259 369
259 473
259 446
260 488
260 398
262 422
262 276
262 486
263 299
263 333
263 402
265 433
265 285
266 320
266 300
267 459
267 438
267 439
267 306
267 349
268 457
269 496
270 460
270 413
272 343
273 423
273 280
273 297
273 293
274 296
274 300
274 371
274 378
275 430
276 379
277 309
277 333
278 332
278 475
282 308
283 413
283 400
284 416
284 303
285 354
285 375
287 427
287 318
288 316
288 492
289 399
290 300
292 363
292 474
292 429
293 320
293 452
293 357
293 351
294 347
295 454
296 432
296 442
296 415
297 456
297 498
298 440
299 309
300 466
300 460
300 303
302 343
303 401
303 359
303 462
304 451
304 446
304 392
304 382
305 403
306 491
307 463
308 463
309 410
311 451
313 325
316 436
317 418
317 347
318 365
318 462
318 369
319 379
319 332
319 352
320 466
320 465
322 465
322 437
324 326
324 343
325 352
326 417
329 473
329 437
330 351
331 499
332 409
333 498
333 451
336 497
338 368
339 352
339 342
340 496
340 470
341 423
341 348
341 495
342 441
343 468
344 479
345 367
346 354
348 385
349 393
349 477
352 394
352 471
353 467
356 379
359 471
359 417
359 466
360 404
363 424
367 388
369 373
372 466
373 418
379 488
379 477
381 462
381 437
383 390
383 462
383 416
385 426
388 404
389 421
391 397
392 441
392 413
395 408
397 399
398 452
401 415
402 464
402 431
406 485
406 461
407 492
408 476
410 496
410 431
413 494
414 482
414 478
415 427
416 482
417 446
418 472
419 451
421 475
423 450
423 486
431 435
431 439
435 474
442 464
443 491
444 471
445 466
449 484
450 457
454 481
459 473
460 482
466 499
469 478
469 492
470 485
470 474
470 493
475 494
492 499
