0 1
0 2
0 3
0 4
0 5
0 6
0 7
0 8
0 9
0 10
0 11
0 12
0 13
0 14
0 15
0 16
0 17
0 18
0 19
0 20
0 21
0 22
0 23
0 24
0 25
0 26
0 27
0 28
0 29
0 30
0 31
0 32
0 33
0 34
0 35
0 36
0 37
0 38
0 39
0 40
0 41
0 42
0 43
0 44
0 45
0 46
0 47
0 48
0 49
0 50
0 51
0 52
0 53
0 54
0 55
0 56
0 57
0 58
0 59
0 60
0 61
0 62
0 63
0 64
0 65
0 66
0 67
0 68
0 69
0 70
0 71
0 72
0 73
0 74
0 75
0 76
0 77
0 78
0 79
0 80
0 81
0 82
0 83
0 84
0 85
0 86
0 87
0 88
0 89
0 90
0 91
0 92
0 93
0 95
0 96
0 97
0 98
0 99
0 100
0 101
0 102
0 103
0 104
0 105
0 106
0 108
0 109
0 112
0 113
0 114
0 115
0 116
0 118
0 119
0 120
0 121
0 122
0 123
0 126
0 127
0 128
0 129
0 130
0 131
0 132
0 133
0 134
0 135
0 136
0 138
0 139
0 140
0 141
0 144
0 145
0 146
0 147
0 150
0 151
0 152
0 153
0 155
0 156
0 158
0 160
0 161
0 162
0 166
0 168
0 169
0 170
0 171
0 172
0 173
0 174
0 175
0 176
0 177
0 178
0 179
0 180
0 181
0 182
0 183
0 185
0 189
0 191
0 193
0 194
0 197
0 198
0 200
0 201
0 202
0 203
0 204
0 205
0 209
0 210
0 213
0 214
0 218
0 219
0 221
0 223
0 224
0 225
0 229
0 234
0 237
0 238
0 240
0 241
0 243
0 244
0 245
0 246
0 248
0 250
0 253
0 260
0 262
0 263
0 264
0 265
0 267
0 269
0 272
0 273
0 275
0 276
0 277
0 279
0 280
0 283
0 284
0 286
0 288
0 289
0 290
0 293
0 298
0 299
0 301
0 304
0 306
0 309
0 310
0 311
0 312
0 313
0 316
0 317
0 321
0 323
0 324
0 331
0 332
0 334
0 335
0 336
0 338
0 341
0 342
0 343
0 344
0 345
0 354
0 357
0 359
0 360
0 366
0 368
0 369
0 371
0 373
0 374
0 375
0 377
0 379
0 383
0 389
0 391
0 395
0 396
0 399
0 401
0 402
0 403
0 405
0 407
0 411
0 412
0 414
0 415
0 417
0 419
0 420
0 423
0 424
0 427
0 428
0 429
0 431
0 434
0 437
0 438
0 439
0 443
0 444
0 445
0 447
0 450
0 451
0 453
0 455
0 456
0 458
0 459
0 461
0 463
0 466
0 468
0 470
0 471
0 474
0 475
0 476
0 481
0 482
0 483
0 488
0 491
0 493
0 498
1 2
1 3
1 4
1 5
1 6
1 7
1 8
1 9
1 10
1 11
1 12
1 13
1 14
1 15
1 16
1 17
1 18
1 19
1 20
1 21
1 22
1 23
1 24
1 25
1 26
1 27
1 28
1 29
1 30
1 31
1 32
1 33
1 34
1 35
1 36
1 37
1 38
1 39
1 40
1 41
1 42
1 43
1 44
1 45
1 46
1 47
1 48
1 49
1 50
1 51
1 52
1 53
1 54
1 55
1 56
1 57
1 58
1 59
1 60
1 61
1 62
1 63
1 64
1 65
1 66
1 67
1 68
1 69
1 70
1 71
1 72
1 74
1 75
1 76
1 77
1 79
1 81
1 83
1 84
1 85
1 90
1 92
1 94
1 97
1 100
1 101
1 103
1 105
1 106
1 107
1 109
1 112
1 114
1 115
1 116
1 118
1 120
1 121
1 122
1 123
1 126
1 127
1 129
1 131
1 132
1 133
1 134
1 136
1 145
1 146
1 148
1 151
1 154
1 155
1 156
1 164
1 166
1 167
1 169
1 171
1 177
1 178
1 182
1 183
1 188
1 189
1 191
1 192
1 197
1 200
1 201
1 202
1 203
1 206
1 207
1 208
1 211
1 212
1 218
1 220
1 223
1 224
1 227
1 230
1 232
1 237
1 241
1 243
1 245
1 251
1 252
1 258
1 259
1 260
1 262
1 264
1 265
1 267
1 272
1 273
1 276
1 278
1 280
1 281
1 285
1 286
1 288
1 290
1 292
1 299
1 301
1 304
1 306
1 313
1 320
1 321
1 324
1 330
1 332
1 333
1 336
1 337
1 339
1 340
1 349
1 350
1 351
1 355
1 356
1 358
1 359
1 361
1 362
1 365
1 368
1 369
1 374
1 383
1 385
1 388
1 390
1 392
1 395
1 396
1 398
1 402
1 406
1 407
1 409
1 410
1 416
1 418
1 419
1 420
1 422
1 423
1 429
1 430
1 432
1 433
1 435
1 437
1 438
1 452
1 453
1 456
1 457
1 459
1 464
1 467
1 468
1 471
1 475
1 477
1 478
1 482
1 485
1 490
1 494
2 3
2 4
2 5
2 6
2 7
2 8
2 9
2 10
2 11
2 12
2 13
2 14
2 15
2 16
2 17
2 18
2 19
2 20
2 21
2 22
2 23
2 24
2 25
2 26
2 27
2 28
2 29
2 30
2 31
2 32
2 33
2 34
2 35
2 36
2 37
2 38
2 39
2 41
2 42
2 43
2 44
2 45
2 46
2 47
2 48
2 49
2 50
2 53
2 54
2 55
2 56
2 57
2 58
2 59
2 60
2 62
2 63
2 65
2 66
2 68
2 71
2 74
2 76
2 77
2 78
2 79
2 80
2 81
2 82
2 83
2 84
2 85
2 86
2 87
2 88
2 89
2 91
2 92
2 93
2 94
2 95
2 99
2 100
2 101
2 102
2 104
2 106
2 107
2 109
2 112
2 114
2 116
2 117
2 119
2 121
2 123
2 124
2 125
2 126
2 127
2 128
2 130
2 132
2 134
2 135
2 137
2 142
2 147
2 152
2 153
2 154
2 156
2 158
2 159
2 160
2 163
2 164
2 166
2 167
2 170
2 171
2 172
2 180
2 182
2 185
2 186
2 188
2 194
2 196
2 197
2 200
2 202
2 203
2 204
2 207
2 208
2 211
2 217
2 220
2 222
2 223
2 225
2 227
2 228
2 231
2 232
2 233
2 236
2 239
2 245
2 247
2 254
2 255
2 256
2 258
2 259
2 263
2 264
2 265
2 267
2 268
2 280
2 282
2 287
2 289
2 291
2 292
2 293
2 295
2 296
2 300
2 302
2 303
2 304
2 305
2 310
2 315
2 316
2 319
2 323
2 326
2 329
2 331
2 333
2 335
2 338
2 339
2 341
2 347
2 348
2 349
2 353
2 355
2 361
2 364
2 370
2 371
2 374
2 379
2 386
2 388
2 390
2 398
2 399
2 401
2 419
2 423
2 436
2 437
2 438
2 440
2 444
2 451
2 455
2 457
2 460
2 462
2 468
2 471
2 478
2 487
2 488
2 489
2 490
2 491
2 496
2 499
3 4
3 5
3 6
3 7
3 8
3 9
3 10
3 11
3 12
3 13
3 14
3 15
3 16
3 17
3 18
3 19
3 20
3 21
3 22
3 23
3 24
3 25
3 26
3 27
3 28
3 29
3 30
3 32
3 34
3 35
3 36
3 37
3 38
3 39
3 41
3 42
3 43
3 46
3 49
3 51
3 53
3 55
3 56
3 60
3 61
3 62
3 63
3 64
3 65
3 66
3 67
3 68
3 70
3 71
3 72
3 75
3 76
3 77
3 79
3 83
3 88
3 89
3 90
3 94
3 96
3 97
3 98
3 102
3 104
3 106
3 113
3 116
3 117
3 119
3 120
3 121
3 122
3 123
3 125
3 127
3 131
3 136
3 138
3 143
3 145
3 146
3 150
3 151
3 152
3 157
3 159
3 160
3 165
3 172
3 175
3 176
3 181
3 182
3 183
3 197
3 198
3 201
3 202
3 203
3 204
3 205
3 208
3 210
3 212
3 215
3 220
3 221
3 223
3 225
3 226
3 227
3 228
3 229
3 233
3 238
3 241
3 242
3 246
3 248
3 251
3 252
3 258
3 263
3 265
3 268
3 269
3 273
3 275
3 276
3 277
3 280
3 282
3 284
3 286
3 289
3 290
3 292
3 293
3 300
3 308
3 317
3 318
3 324
3 327
3 332
3 333
3 334
3 348
3 357
3 358
3 366
3 367
3 371
3 375
3 377
3 388
3 390
3 392
3 396
3 401
3 403
3 412
3 413
3 423
3 430
3 442
3 447
3 448
3 456
3 465
3 472
3 475
3 477
3 479
3 481
3 484
3 489
3 495
3 499
4 260
4 5
4 6
4 7
4 8
4 9
4 10
4 11
4 12
4 13
4 14
4 15
4 16
4 17
4 18
4 19
4 20
4 21
4 22
4 23
4 24
4 25
4 26
4 27
4 265
4 29
4 30
4 287
4 32
4 33
4 34
4 359
4 292
4 37
4 38
4 39
4 263
4 45
4 46
4 47
4 48
4 51
4 52
4 478
4 55
4 290
4 308
4 59
4 60
4 266
4 62
4 437
4 258
4 341
4 67
4 68
4 325
4 329
4 74
4 75
4 334
4 79
4 81
4 338
4 84
4 85
4 86
4 88
4 345
4 271
4 94
4 95
4 96
4 97
4 354
4 355
4 100
4 102
4 103
4 104
4 105
4 107
4 108
4 109
4 110
4 111
4 115
4 316
4 117
4 361
4 469
4 122
4 124
4 381
4 129
4 131
4 132
4 133
4 134
4 135
4 136
4 138
4 279
4 396
4 143
4 303
4 402
4 148
4 149
4 150
4 151
4 408
4 155
4 156
4 413
4 158
4 496
4 278
4 411
4 164
4 422
4 167
4 169
4 170
4 172
4 430
4 304
4 178
4 342
4 182
4 183
4 441
4 186
4 444
4 189
4 192
4 194
4 451
4 407
4 197
4 454
4 202
4 203
4 205
4 461
4 208
4 213
4 214
4 222
4 224
4 344
4 227
4 448
4 230
4 492
4 237
4 238
4 240
4 243
4 445
4 366
4 425
4 255
5 6
5 7
5 8
5 9
5 10
5 11
5 12
5 13
5 14
5 15
5 16
5 17
5 18
5 19
5 20
5 21
5 22
5 23
5 25
5 26
5 27
5 28
5 29
5 30
5 304
5 34
5 35
5 36
5 37
5 295
5 40
5 41
5 43
5 44
5 301
5 302
5 47
5 48
5 264
5 50
5 51
5 53
5 57
5 59
5 411
5 309
5 67
5 68
5 70
5 71
5 72
5 268
5 331
5 76
5 77
5 78
5 269
5 83
5 84
5 87
5 88
5 90
5 91
5 93
5 94
5 352
5 97
5 354
5 100
5 350
5 102
5 401
5 107
5 108
5 110
5 113
5 114
5 116
5 118
5 119
5 121
5 319
5 381
5 126
5 387
5 260
5 364
5 407
5 141
5 142
5 144
5 303
5 406
5 151
5 153
5 410
5 155
5 156
5 496
5 162
5 283
5 165
5 423
5 284
5 428
5 174
5 285
5 176
5 178
5 181
5 183
5 184
5 441
5 444
5 191
5 194
5 197
5 454
5 204
5 324
5 208
5 465
5 210
5 468
5 213
5 216
5 217
5 222
5 263
5 227
5 228
5 485
5 230
5 489
5 492
5 434
5 240
5 296
5 242
5 292
5 425
5 248
5 250
6 262
6 7
6 8
6 9
6 10
6 11
6 12
6 13
6 14
6 15
6 16
6 17
6 18
6 19
6 20
6 21
6 23
6 25
6 26
6 27
6 29
6 31
6 32
6 33
6 34
6 35
6 36
6 37
6 38
6 39
6 40
6 476
6 42
6 44
6 45
6 302
6 47
6 48
6 53
6 57
6 60
6 317
6 64
6 65
6 68
6 72
6 258
6 75
6 77
6 334
6 80
6 337
6 82
6 463
6 88
6 90
6 344
6 100
6 101
6 102
6 273
6 360
6 364
6 109
6 110
6 115
6 117
6 489
6 120
6 121
6 123
6 382
6 127
6 130
6 388
6 439
6 260
6 386
6 395
6 365
6 402
6 404
6 406
6 407
6 156
6 413
6 159
6 161
6 163
6 261
6 424
6 427
6 432
6 449
6 371
6 183
6 442
6 287
6 444
6 191
6 288
6 452
6 199
6 200
6 470
6 204
6 461
6 333
6 208
6 419
6 213
6 214
6 471
6 217
6 474
6 219
6 220
6 223
6 225
6 226
6 483
6 294
6 486
6 233
6 234
6 492
6 338
6 238
6 239
6 497
6 243
6 248
6 250
6 383
6 298
6 254
6 255
7 257
7 8
7 9
7 10
7 11
7 12
7 13
7 14
7 271
7 16
7 17
7 18
7 259
7 20
7 21
7 24
7 25
7 282
7 27
7 28
7 31
7 32
7 33
7 34
7 37
7 40
7 42
7 43
7 300
7 45
7 47
7 48
7 49
7 50
7 51
7 52
7 309
7 54
7 55
7 57
7 58
7 60
7 61
7 62
7 63
7 65
7 67
7 68
7 70
7 75
7 76
7 77
7 78
7 79
7 82
7 83
7 84
7 89
7 91
7 395
7 351
7 99
7 276
7 361
7 364
7 274
7 110
7 317
7 112
7 113
7 371
7 117
7 374
7 119
7 121
7 125
7 384
7 311
7 131
7 133
7 260
7 135
7 138
7 139
7 396
7 265
7 143
7 145
7 406
7 412
7 157
7 163
7 422
7 423
7 168
7 355
7 321
7 436
7 181
7 287
7 450
7 195
7 452
7 453
7 199
7 210
7 468
7 471
7 217
7 478
7 479
7 230
7 492
7 296
7 245
8 9
8 10
8 267
8 13
8 270
8 15
8 16
8 17
8 18
8 19
8 20
8 473
8 24
8 25
8 26
8 27
8 29
8 30
8 32
8 290
8 36
8 262
8 38
8 41
8 42
8 43
8 45
8 46
8 48
8 49
8 308
8 58
8 60
8 317
8 62
8 66
8 67
8 68
8 70
8 71
8 76
8 77
8 334
8 336
8 82
8 85
8 86
8 91
8 97
8 98
8 103
8 259
8 316
8 106
8 107
8 108
8 402
8 366
8 360
8 114
8 275
8 118
8 375
8 404
8 362
8 299
8 128
8 385
8 135
8 140
8 142
8 408
8 146
8 148
8 149
8 150
8 151
8 152
8 324
8 412
8 283
8 164
8 421
8 169
8 301
8 176
8 440
8 442
8 187
8 189
8 446
8 191
8 193
8 196
8 455
8 204
8 210
8 470
8 215
8 420
8 476
8 221
8 225
8 228
8 236
8 237
8 382
8 425
8 254
9 11
9 12
9 14
9 15
9 272
9 19
9 21
9 22
9 23
9 25
9 26
9 27
9 28
9 346
9 30
9 261
9 33
9 35
9 37
9 38
9 41
9 42
9 43
9 46
9 48
9 50
9 54
9 58
9 479
9 60
9 64
9 66
9 67
9 68
9 72
9 79
9 80
9 497
9 85
9 441
9 88
9 90
9 94
9 95
9 352
9 98
9 355
9 102
9 103
9 106
9 109
9 368
9 113
9 114
9 115
9 116
9 373
9 118
9 120
9 125
9 127
9 129
9 133
9 137
9 138
9 139
9 322
9 142
9 144
9 323
9 148
9 151
9 152
9 156
9 453
9 278
9 167
9 389
9 284
9 429
9 371
9 184
9 372
9 187
9 446
9 407
9 374
9 456
9 418
9 291
9 461
9 209
9 211
9 213
9 222
9 293
9 480
9 294
9 231
9 232
9 489
9 485
9 239
9 424
9 498
9 243
9 297
9 250
9 383
9 443
10 300
10 11
10 12
10 13
10 15
10 16
10 273
10 18
10 20
10 21
10 23
10 24
10 25
10 283
10 30
10 32
10 37
10 39
10 40
10 41
10 43
10 44
10 50
10 51
10 52
10 56
10 313
10 428
10 62
10 64
10 65
10 67
10 69
10 70
10 327
10 73
10 335
10 401
10 86
10 349
10 94
10 95
10 97
10 98
10 99
10 356
10 357
10 359
10 108
10 365
10 366
10 369
10 115
10 120
10 121
10 125
10 127
10 129
10 131
10 321
10 137
10 141
10 144
10 145
10 146
10 149
10 407
10 153
10 413
10 164
10 168
10 169
10 170
10 171
10 172
10 429
10 174
10 432
10 183
10 184
10 186
10 400
10 445
10 192
10 201
10 204
10 376
10 214
10 223
10 231
10 295
10 424
10 242
10 244
10 255
11 12
11 258
11 16
11 18
11 19
11 276
11 21
11 22
11 280
11 31
11 32
11 34
11 36
11 37
11 305
11 296
11 45
11 48
11 392
11 50
11 311
11 60
11 64
11 66
11 67
11 69
11 72
11 331
11 76
11 333
11 78
11 336
11 85
11 347
11 348
11 272
11 99
11 101
11 358
11 104
11 105
11 106
11 367
11 360
11 118
11 126
11 320
11 130
11 135
11 136
11 399
11 402
11 405
11 150
11 152
11 409
11 111
11 453
11 160
11 454
11 422
11 424
11 169
11 426
11 171
11 431
11 179
11 183
11 441
11 186
11 187
11 188
11 451
11 374
11 198
11 455
11 202
11 465
11 214
11 216
11 479
11 224
11 227
11 229
11 487
11 235
11 240
12 13
12 14
12 15
12 16
12 17
12 18
12 19
12 21
12 23
12 24
12 25
12 26
12 27
12 284
12 29
12 30
12 31
12 32
12 290
12 36
12 38
12 41
12 42
12 45
12 47
12 305
12 50
12 52
12 265
12 56
12 59
12 60
12 61
12 65
12 353
12 329
12 75
12 76
12 78
12 79
12 82
12 441
12 348
12 357
12 272
12 101
12 104
12 106
12 110
12 375
12 120
12 122
12 126
12 130
12 131
12 134
12 386
12 137
12 138
12 141
12 143
12 147
12 148
12 149
12 412
12 157
12 160
12 283
12 164
12 169
12 171
12 172
12 185
12 443
12 189
12 446
12 191
12 416
12 195
12 200
12 457
12 202
12 462
12 207
12 419
12 474
12 476
12 226
12 490
12 237
12 496
13 44
13 14
13 15
13 16
13 17
13 18
13 19
13 26
13 27
13 285
13 31
13 32
13 33
13 290
13 35
13 38
13 300
13 45
13 304
13 49
13 52
13 317
13 55
13 58
13 266
13 64
13 66
13 69
13 326
13 72
13 331
13 79
13 336
13 301
13 429
13 271
13 485
13 98
13 358
13 104
13 106
13 107
13 274
13 111
13 466
13 372
13 117
13 121
13 378
13 129
13 131
13 132
13 134
13 145
13 403
13 148
13 149
13 152
13 154
13 412
13 410
13 283
13 422
13 171
13 173
13 175
13 176
13 179
13 181
13 439
13 187
13 189
13 447
13 448
13 450
13 453
13 199
13 203
13 34
13 206
13 205
13 208
13 210
13 163
13 212
13 219
13 223
13 229
13 289
13 242
13 467
13 244
13 468
13 252
13 253
13 254
14 136
14 128
14 15
14 272
14 401
14 18
14 275
14 366
14 22
14 153
14 152
14 132
14 367
14 388
14 51
14 33
14 34
14 36
14 262
14 422
14 129
14 278
14 175
14 176
14 178
14 179
14 180
14 438
14 137
14 316
14 446
14 63
14 66
14 452
14 390
14 292
14 201
14 330
14 420
14 386
14 269
14 80
14 210
14 85
14 214
14 89
14 399
14 93
14 101
14 106
14 364
14 110
14 239
14 296
14 244
14 250
14 382
15 16
15 17
15 18
15 19
15 21
15 22
15 23
15 25
15 28
15 427
15 30
15 36
15 41
15 42
15 49
15 51
15 53
15 312
15 57
15 95
15 61
15 64
15 123
15 322
15 68
15 69
15 70
15 331
15 76
15 77
15 88
15 349
15 94
15 351
15 344
15 97
15 100
15 358
15 107
15 275
15 118
15 379
15 125
15 383
15 132
15 391
15 137
15 139
15 142
15 399
15 144
15 145
15 403
15 148
15 151
15 152
15 157
15 414
15 171
15 371
15 195
15 198
15 333
15 464
15 469
15 215
15 219
15 222
15 223
15 227
15 236
15 493
15 495
15 250
16 17
16 21
16 23
16 24
16 25
16 26
16 27
16 285
16 30
16 33
16 291
16 292
16 297
16 95
16 45
16 46
16 47
16 56
16 57
16 59
16 65
16 322
16 67
16 80
16 337
16 339
16 84
16 85
16 342
16 88
16 351
16 99
16 102
16 105
16 362
16 107
16 370
16 117
16 375
16 123
16 380
16 130
16 389
16 138
16 396
16 397
16 144
16 303
16 404
16 407
16 409
16 156
16 160
16 163
16 179
16 182
16 441
16 190
16 192
16 197
16 454
16 458
16 207
16 210
16 468
16 216
16 226
16 490
16 235
16 236
16 315
16 254
17 265
17 18
17 19
17 20
17 24
17 25
17 27
17 30
17 31
17 34
17 35
17 37
17 39
17 298
17 50
17 392
17 306
17 52
17 53
17 54
17 311
17 56
17 57
17 58
17 59
17 62
17 309
17 64
17 67
17 324
17 258
17 76
17 78
17 79
17 81
17 83
17 84
17 86
17 91
17 94
17 95
17 97
17 98
17 350
17 359
17 259
17 105
17 104
17 371
17 118
17 377
17 122
17 380
17 129
17 388
17 390
17 136
17 137
17 145
17 146
17 158
17 159
17 160
17 161
17 418
17 261
17 166
17 113
17 429
17 483
17 180
17 187
17 194
17 455
17 202
17 209
17 212
17 214
17 473
17 222
17 293
17 227
17 228
17 422
17 487
17 238
18 275
18 20
18 22
18 23
18 25
18 283
18 28
18 29
18 32
18 289
18 34
18 37
18 38
18 39
18 44
18 47
18 50
18 52
18 53
18 54
18 312
18 57
18 315
18 61
18 64
18 310
18 70
18 71
18 332
18 77
18 81
18 90
18 271
18 349
18 98
18 256
18 105
18 106
18 361
18 120
18 276
18 378
18 129
18 135
18 139
18 145
18 451
18 281
18 168
18 170
18 177
18 182
18 441
18 445
18 191
18 195
18 203
18 204
18 206
18 211
18 213
18 470
18 217
18 474
18 475
18 222
18 485
18 230
18 231
18 493
18 495
18 244
18 251
19 138
19 233
19 286
19 131
19 277
19 23
19 179
19 411
19 30
19 32
19 289
19 290
19 36
19 37
19 480
19 42
19 44
19 178
19 46
19 49
19 50
19 51
19 53
19 54
19 265
19 484
19 364
19 316
19 134
19 65
19 66
19 267
19 69
19 70
19 71
19 200
19 329
19 339
19 77
19 467
19 141
19 271
19 82
19 83
19 84
19 301
19 86
19 87
19 292
19 207
19 93
19 456
19 384
19 438
19 360
19 105
19 106
19 487
19 236
19 147
19 372
19 118
19 119
19 248
19 234
19 125
19 345
19 426
20 279
20 140
20 141
20 398
20 493
20 387
20 21
20 22
20 151
20 153
20 27
20 158
20 407
20 480
20 34
20 35
20 37
20 38
20 497
20 40
20 274
20 173
20 321
20 47
20 392
20 53
20 56
20 57
20 59
20 189
20 63
20 65
20 195
20 324
20 374
20 70
20 329
20 216
20 397
20 83
20 341
20 88
20 217
20 474
20 219
20 211
20 93
20 222
20 95
20 224
20 419
20 187
20 422
20 145
20 237
20 111
20 369
20 115
20 246
20 119
20 376
20 121
20 127
21 392
21 146
21 171
21 22
21 23
21 154
21 155
21 28
21 410
21 286
21 31
21 160
21 33
21 163
21 292
21 262
21 41
21 135
21 201
21 151
21 307
21 50
21 51
21 365
21 372
21 54
21 137
21 313
21 159
21 60
21 318
21 192
21 65
21 66
21 67
21 68
21 453
21 70
21 140
21 76
21 77
21 206
21 335
21 336
21 81
21 82
21 211
21 470
21 87
21 220
21 93
21 390
21 480
21 464
21 354
21 100
21 104
21 361
21 235
21 237
21 111
21 496
21 369
21 499
21 204
21 446
21 248
21 276
21 125
22 391
22 266
22 396
22 144
22 145
22 23
22 24
22 260
22 154
22 389
22 33
22 34
22 37
22 38
22 423
22 42
22 301
22 435
22 180
22 181
22 395
22 52
22 58
22 59
22 60
22 190
22 191
22 321
22 195
22 196
22 69
22 198
22 457
22 360
22 78
22 207
22 80
22 84
22 57
22 88
22 475
22 348
22 223
22 224
22 208
22 99
22 472
22 358
22 104
22 233
22 106
22 235
22 109
22 366
22 111
22 241
22 372
22 447
22 404
22 122
22 123
22 252
22 490
22 380
23 135
23 409
23 25
23 478
23 153
23 26
23 156
23 157
23 158
23 133
23 160
23 33
23 419
23 292
23 37
23 39
23 298
23 174
23 285
23 466
23 49
23 307
23 436
23 30
23 137
23 330
23 446
23 193
23 450
23 452
23 325
23 454
23 71
23 456
23 396
23 74
23 77
23 81
23 82
23 83
23 213
23 342
23 344
23 399
23 221
23 94
23 351
23 101
23 362
23 235
23 108
23 146
23 430
23 381
24 389
24 361
24 130
24 421
24 387
24 407
24 26
24 411
24 29
24 31
24 33
24 34
24 37
24 39
24 170
24 263
24 175
24 432
24 328
24 178
24 308
24 182
24 266
24 59
24 61
24 373
24 54
24 72
24 396
24 74
24 459
24 77
24 212
24 341
24 470
24 89
24 348
24 223
24 226
24 103
24 104
24 233
24 234
24 492
24 109
24 494
24 488
24 117
24 119
24 123
24 42
24 254
24 127
25 258
25 149
25 132
25 265
25 30
25 160
25 34
25 38
25 39
25 284
25 172
25 45
25 46
25 304
25 128
25 182
25 55
25 443
25 320
25 65
25 67
25 198
25 225
25 201
25 74
25 75
25 208
25 399
25 85
25 203
25 384
25 229
25 97
25 101
25 230
25 402
25 362
25 491
25 109
25 241
25 140
25 268
25 153
25 253
25 126
25 255
26 257
26 138
26 143
26 146
26 259
26 405
26 154
26 30
26 133
26 416
26 417
26 34
26 422
26 37
26 38
26 299
26 303
26 48
26 50
26 53
26 182
26 372
26 223
26 317
26 190
26 66
26 67
26 140
26 331
26 80
26 237
26 493
26 220
26 95
26 323
26 396
26 356
26 357
26 106
26 236
26 109
26 112
26 498
26 116
26 122
27 395
27 399
27 278
27 28
27 31
27 162
27 35
27 37
27 38
27 167
27 412
27 170
27 44
27 46
27 175
27 49
27 308
27 53
27 159
27 445
27 64
27 66
27 197
27 198
27 203
27 34
27 78
27 141
27 83
27 482
27 231
27 219
27 92
27 477
27 97
27 354
27 443
27 100
27 448
27 103
27 144
27 39
27 109
27 373
27 120
27 379
28 363
28 138
28 392
28 397
28 144
28 403
28 409
28 90
28 30
28 34
28 166
28 43
28 172
28 45
28 47
28 29
28 304
28 49
28 178
28 51
28 52
28 462
28 186
28 61
28 190
28 322
28 195
28 68
28 326
28 200
28 76
28 77
28 206
28 334
28 87
28 217
28 218
28 257
28 95
28 96
28 231
28 232
28 234
28 103
28 496
28 371
28 62
28 377
28 379
28 254
29 422
29 137
29 139
29 397
29 272
29 131
29 404
29 278
29 407
29 282
29 303
29 33
29 37
29 294
29 40
29 426
29 299
29 47
29 52
29 53
29 440
29 187
29 61
29 360
29 68
29 69
29 327
29 72
29 268
29 74
29 80
29 466
29 340
29 472
29 384
29 348
29 95
29 225
29 356
29 166
29 230
29 232
29 494
29 253
29 168
29 117
29 125
30 305
30 141
30 429
30 248
30 288
30 376
30 290
30 35
30 164
30 423
30 416
30 39
30 40
30 170
30 428
30 45
30 430
30 177
30 50
30 51
30 53
30 54
30 393
30 56
30 190
30 321
30 68
30 353
30 258
30 77
30 334
30 336
30 209
30 407
30 84
30 213
30 471
30 217
30 90
30 144
30 419
30 227
30 295
30 272
30 368
30 117
30 118
30 120
30 125
31 427
31 133
31 307
31 271
31 274
31 451
31 151
31 154
31 491
31 389
31 34
31 155
31 164
31 134
31 296
31 42
31 263
31 172
31 47
31 178
31 51
31 180
31 438
31 55
31 184
31 58
31 62
31 448
31 67
31 197
31 328
31 201
31 332
31 354
31 141
31 212
31 88
31 226
31 483
31 103
31 234
31 408
31 108
31 396
31 251
31 125
31 405
32 133
32 421
32 273
32 405
32 260
32 156
32 159
32 112
32 37
32 38
32 284
32 175
32 49
32 446
32 53
32 183
32 62
32 63
32 320
32 196
32 201
32 447
32 76
32 269
32 81
32 483
32 84
32 377
32 484
32 474
32 476
32 293
32 482
32 99
32 100
32 361
32 107
32 108
32 366
32 111
32 240
32 369
32 499
32 116
32 131
32 425
32 376
32 249
32 251
33 131
33 128
33 396
33 401
33 275
33 153
33 410
33 283
33 416
33 290
33 37
33 166
33 296
33 41
33 42
33 44
33 157
33 48
33 53
33 183
33 184
33 445
33 138
33 190
33 64
33 452
33 201
33 74
33 77
33 269
33 81
33 338
33 480
33 272
33 102
33 232
33 380
33 493
33 73
33 240
33 370
33 116
33 245
33 374
33 124
33 126
33 149
34 266
34 499
34 272
34 451
34 149
34 157
34 414
34 163
34 293
34 38
34 49
34 168
34 45
34 177
34 434
34 179
34 53
34 55
34 309
34 339
34 51
34 323
34 68
34 72
34 258
34 75
34 332
34 461
34 206
34 369
34 336
34 35
34 340
34 463
34 215
34 90
34 219
34 220
34 221
34 478
34 224
34 481
34 408
34 231
34 236
34 109
34 110
34 111
34 241
34 211
34 124
34 183
35 136
35 394
35 259
35 156
35 292
35 57
35 314
35 319
35 64
35 195
35 196
35 453
35 74
35 76
35 78
35 79
35 336
35 209
35 211
35 84
35 213
35 219
35 352
35 98
35 355
35 63
35 109
35 110
35 499
35 372
35 121
35 251
35 255
36 456
36 300
36 128
36 273
36 277
36 279
36 299
36 154
36 410
36 288
36 290
36 37
36 49
36 298
36 171
36 172
36 47
36 432
36 177
36 50
36 334
36 59
36 473
36 314
36 187
36 316
36 138
36 191
36 65
36 139
36 72
36 75
36 204
36 206
36 79
36 209
36 213
36 267
36 345
36 91
36 222
36 226
36 99
36 358
36 230
36 259
36 107
36 364
36 113
36 498
36 244
36 413
37 268
37 45
37 286
37 457
37 38
37 295
37 129
37 169
37 135
37 173
37 305
37 115
37 414
37 55
37 187
37 318
37 191
37 449
37 322
37 470
37 384
37 201
37 460
37 78
37 86
37 292
37 219
37 476
37 477
37 351
37 225
37 98
37 100
37 102
37 361
37 107
37 110
37 367
37 240
37 40
37 498
37 147
37 249
37 123
37 124
37 345
38 133
38 266
38 371
38 142
38 109
38 397
38 156
38 167
38 299
38 44
38 432
38 136
38 51
38 437
38 317
38 63
38 416
38 66
38 395
38 49
38 70
38 456
38 396
38 74
38 75
38 77
38 467
38 79
38 208
38 335
38 211
38 212
38 214
38 88
38 217
38 219
38 220
38 351
38 352
38 101
38 421
38 362
38 491
38 146
38 240
38 339
38 382
38 122
38 252
38 264
39 264
39 393
39 215
39 398
39 276
39 405
39 260
39 154
39 427
39 43
39 300
39 429
39 328
39 50
39 435
39 54
39 183
39 196
39 72
39 329
39 75
39 204
39 343
39 89
39 90
39 480
39 357
39 359
39 104
39 105
39 492
39 109
39 240
39 120
39 121
39 200
39 345
40 130
40 260
40 392
40 270
40 143
40 88
40 147
40 278
40 411
40 159
40 418
40 41
40 45
40 48
40 177
40 306
40 54
40 57
40 189
40 63
40 481
40 200
40 73
40 458
40 460
40 206
40 339
40 214
40 344
40 399
40 95
40 224
40 165
40 101
40 124
40 362
40 499
40 120
40 249
40 252
40 254
41 390
41 386
41 407
41 153
41 410
41 409
41 285
41 261
41 160
41 42
41 50
41 223
41 432
41 306
41 446
41 312
41 187
41 188
41 445
41 318
41 65
41 69
41 70
41 72
41 205
41 462
41 79
41 56
41 95
41 86
41 215
41 216
41 89
41 463
41 351
41 230
41 60
41 499
41 62
41 246
41 430
41 255
42 144
42 274
42 149
42 157
42 167
42 424
42 434
42 175
42 264
42 50
42 51
42 187
42 60
42 417
42 77
42 206
42 369
42 464
42 82
42 83
42 215
42 473
42 221
42 222
42 272
42 482
42 229
42 360
42 387
42 338
42 496
42 113
42 242
42 403
42 246
42 126
42 277
43 390
43 268
43 259
43 149
43 279
43 282
43 133
43 294
43 299
43 50
43 46
43 306
43 307
43 180
43 437
43 182
43 137
43 56
43 138
43 64
43 68
43 329
43 206
43 207
43 209
43 339
43 340
43 86
43 215
43 91
43 227
43 231
43 174
43 244
43 123
43 381
44 132
44 277
44 152
44 260
44 288
44 292
44 423
44 169
44 173
44 431
44 49
44 180
44 181
44 182
44 187
44 323
44 71
44 73
44 78
44 269
44 209
44 84
44 85
44 89
44 90
44 352
44 98
44 104
44 233
44 236
44 242
44 115
44 119
44 212
44 252
45 387
45 138
45 150
45 157
45 170
45 171
45 173
45 175
45 414
45 313
45 58
45 190
45 191
45 193
45 262
45 195
45 130
45 199
45 74
45 203
45 162
45 78
45 461
45 352
45 483
45 86
45 87
45 347
45 221
45 96
45 225
45 227
45 100
45 102
45 361
45 108
45 113
45 400
45 447
45 251
45 253
45 263
46 134
46 129
46 396
46 386
46 365
46 88
46 148
46 149
46 279
46 409
46 160
46 155
46 168
46 173
46 57
46 444
46 317
46 322
46 68
46 69
46 198
46 199
46 328
46 203
46 84
46 216
46 92
46 477
46 94
46 479
46 225
46 273
46 364
46 109
46 239
46 115
46 372
46 245
46 340
47 427
47 138
47 140
47 271
47 405
47 292
47 167
47 168
47 299
47 173
47 48
47 200
47 53
47 439
47 58
47 479
47 316
47 445
47 429
47 181
47 64
47 67
47 71
47 72
47 80
47 82
47 211
47 340
47 85
47 223
47 96
47 144
47 101
47 103
47 488
47 110
47 371
47 447
47 381
48 387
48 388
48 267
48 130
48 141
48 146
48 280
48 153
48 367
48 412
48 282
48 158
48 162
48 219
48 422
48 166
48 295
48 170
48 135
48 305
48 50
48 309
48 183
48 440
48 61
48 437
48 68
48 71
48 332
48 79
48 336
48 337
48 466
48 213
48 89
48 207
48 94
48 351
48 480
48 144
48 99
48 357
48 486
48 105
48 109
48 239
48 368
48 371
48 119
48 124
49 389
49 290
49 130
49 404
49 406
49 281
49 160
49 426
49 498
49 431
49 436
49 183
49 189
49 446
49 323
49 73
49 205
49 465
49 82
49 472
49 354
49 100
49 103
49 259
49 231
49 242
49 120
49 122
50 235
50 260
50 363
50 258
50 175
50 285
50 159
50 418
50 135
50 430
50 52
50 137
50 56
50 191
50 70
50 396
50 311
50 467
50 79
50 83
50 85
50 86
50 348
50 217
50 219
50 92
50 94
50 479
50 356
50 101
50 230
50 107
50 493
50 115
50 244
51 134
51 137
51 396
51 490
51 400
51 274
51 149
51 414
51 279
51 154
51 155
51 161
51 163
51 420
51 173
51 181
51 265
51 442
51 62
51 447
51 326
51 458
51 143
51 82
51 85
51 474
51 271
51 354
51 227
51 103
51 232
51 277
51 252
51 298
52 386
52 264
52 269
52 153
52 260
52 414
52 287
52 291
52 301
52 176
52 312
52 273
52 394
52 447
52 64
52 449
52 450
52 268
52 330
52 204
52 79
52 84
52 216
52 93
52 479
52 225
52 99
52 103
52 108
52 366
52 116
53 260
53 422
53 137
53 128
53 395
53 130
53 142
53 154
53 265
53 166
53 114
53 176
53 306
53 183
53 59
53 446
53 64
53 197
53 330
53 141
53 82
53 83
53 215
53 99
53 294
53 230
53 145
53 236
53 242
53 403
53 373
53 246
53 247
53 148
53 379
54 131
54 66
54 270
54 272
54 146
54 276
54 150
54 409
54 156
54 160
54 434
54 305
54 306
54 308
54 55
54 315
54 316
54 64
54 322
54 325
54 456
54 210
54 269
54 337
54 82
54 83
54 469
54 343
54 152
54 475
54 94
54 479
54 96
54 354
54 483
54 100
54 360
54 60
54 234
54 367
54 368
54 403
54 119
54 376
54 404
54 127
55 144
55 273
55 147
55 151
55 156
55 167
55 169
55 174
55 433
55 436
55 56
55 185
55 443
55 444
55 177
55 246
55 455
55 73
55 459
55 76
55 337
55 483
55 84
55 57
55 89
55 182
55 99
55 107
55 238
55 367
55 112
55 242
55 118
55 251
56 133
56 385
56 397
56 143
56 402
56 387
56 149
56 431
56 285
56 159
56 457
56 261
56 413
56 307
56 287
56 446
56 67
56 453
56 97
56 329
56 202
56 78
56 463
56 84
56 89
56 90
56 219
56 92
56 122
56 224
56 144
56 396
56 100
56 102
56 230
56 488
56 234
56 113
56 404
56 250
56 106
56 254
57 264
57 471
57 140
57 141
57 147
57 280
57 282
57 284
57 157
57 389
57 134
57 166
57 299
57 173
57 175
57 185
57 191
57 71
57 73
57 76
57 77
57 334
57 335
57 469
57 87
57 216
57 218
57 97
57 379
57 370
57 115
57 119
57 120
57 63
58 131
58 274
58 403
58 276
58 151
58 153
58 284
58 427
58 161
58 165
58 170
58 391
58 257
58 430
58 136
58 180
58 183
58 184
58 189
58 452
58 72
58 457
58 204
58 334
58 141
58 81
58 335
58 211
58 86
58 91
58 94
58 95
58 96
58 100
58 293
58 108
58 466
58 238
58 251
58 125
59 491
59 129
59 151
59 147
59 279
59 155
59 261
59 419
59 165
59 299
59 287
59 159
59 445
59 62
59 193
59 322
59 196
59 198
59 455
59 77
59 79
59 82
59 377
59 473
59 475
59 93
59 360
59 361
59 235
59 61
59 371
59 148
59 252
60 258
60 270
60 384
60 197
60 416
60 129
60 136
60 159
60 63
60 322
60 69
60 130
60 455
60 72
60 329
60 459
60 76
60 386
60 207
60 86
60 88
60 220
60 485
60 229
60 112
60 242
60 117
60 375
60 121
60 122
61 388
61 392
61 128
61 268
61 450
61 272
61 89
61 301
61 307
61 437
61 457
61 315
61 316
61 65
61 66
61 195
61 68
61 199
61 456
61 206
61 83
61 212
61 217
61 218
61 384
61 220
61 227
61 101
61 104
61 489
61 114
61 116
61 373
61 375
61 120
61 124
62 470
62 128
62 139
62 460
62 130
62 256
62 86
62 90
62 155
62 97
62 243
62 165
62 298
62 327
62 108
62 109
62 110
62 306
62 244
62 421
62 425
62 224
62 266
62 382
63 260
63 441
63 266
63 204
63 144
63 209
63 147
63 150
63 235
63 475
63 220
63 351
63 101
63 103
63 316
63 404
63 107
63 483
63 385
63 372
63 373
63 489
63 189
63 127
64 132
64 129
64 270
64 148
64 494
64 152
64 282
64 156
64 410
64 415
64 162
64 170
64 171
64 174
64 176
64 434
64 137
64 139
64 74
64 141
64 337
64 87
64 79
64 220
64 380
64 237
64 238
64 111
64 116
64 246
64 124
64 253
65 393
65 256
65 146
65 279
65 152
65 286
65 422
65 135
65 257
65 433
65 437
65 348
65 187
65 188
65 190
65 69
65 209
65 216
65 384
65 220
65 96
65 144
65 101
65 465
65 238
65 147
65 122
65 379
65 381
65 277
66 400
66 274
66 157
66 158
66 288
66 161
66 293
66 299
66 178
66 185
66 190
66 480
66 452
66 325
66 198
66 206
66 85
66 87
66 221
66 224
66 101
66 105
66 493
66 366
66 147
66 372
66 245
66 251
66 126
66 127
67 132
67 280
67 410
67 326
67 167
67 296
67 177
67 128
67 182
67 442
67 187
67 191
67 323
67 198
67 73
67 330
67 433
67 144
67 357
67 233
67 423
67 108
67 237
67 113
67 242
67 105
67 125
68 396
68 397
68 148
68 155
68 304
68 432
68 307
68 442
68 351
68 326
68 72
68 457
68 204
68 205
68 206
68 333
68 80
68 462
68 143
68 476
68 223
68 97
68 315
68 233
68 123
68 252
69 134
69 263
69 256
69 238
69 415
69 432
69 420
69 421
69 429
69 304
69 178
69 128
69 365
69 182
69 315
69 447
69 450
69 78
69 269
69 213
69 214
69 87
69 164
69 90
69 347
69 476
69 93
69 483
69 358
69 103
69 444
69 363
69 109
69 110
69 118
69 375
69 248
69 125
70 395
70 140
70 256
70 415
70 171
70 428
70 174
70 177
70 307
70 180
70 312
70 138
70 320
70 74
70 499
70 208
70 82
70 87
70 216
70 218
70 91
70 101
70 358
70 104
70 240
70 147
70 125
70 126
70 383
71 449
71 356
71 128
71 241
71 372
71 214
71 472
71 164
71 91
71 156
71 491
71 481
71 226
71 100
71 406
71 167
71 233
71 106
71 231
71 429
71 177
71 115
71 308
71 392
71 250
71 379
71 316
71 317
71 380
72 396
72 151
72 111
72 288
72 306
72 184
72 314
72 221
72 197
72 457
72 75
72 120
72 338
72 84
72 86
72 345
72 94
72 104
72 167
72 110
72 239
72 368
72 114
72 115
72 169
72 248
72 253
73 260
73 135
73 172
73 375
73 460
73 146
73 195
73 238
73 151
73 344
73 473
73 218
73 156
73 157
73 158
73 95
73 352
73 99
73 101
73 166
73 169
73 298
73 110
73 434
73 469
73 372
73 447
73 376
73 443
73 474
73 394
73 393
74 151
74 77
74 142
74 475
74 158
74 418
74 359
74 499
74 309
74 119
74 124
74 383
75 228
75 457
75 78
75 79
75 208
75 467
75 214
75 227
75 324
75 107
75 492
75 366
75 431
75 179
75 308
75 436
75 314
75 123
75 252
75 382
76 204
76 209
76 78
76 352
76 151
76 93
76 287
76 417
76 167
76 455
76 238
76 240
76 385
76 498
76 372
76 117
76 182
76 149
77 132
77 411
77 133
77 244
77 168
77 284
77 391
77 176
77 392
77 316
77 190
77 198
77 460
77 372
77 376
77 339
77 212
77 341
77 91
77 94
77 95
77 226
77 484
77 402
77 112
77 211
77 116
77 120
77 277
78 449
78 326
78 200
78 269
78 208
78 227
78 155
78 92
78 483
78 177
78 115
78 204
78 287
78 188
78 383
79 262
79 271
79 259
79 277
79 214
79 345
79 463
79 156
79 285
79 159
79 162
79 359
79 306
79 223
79 477
79 309
79 118
79 169
79 440
79 185
79 122
79 452
79 383
80 282
80 389
80 147
80 153
80 90
80 218
80 94
80 228
80 358
80 294
80 105
80 112
80 178
80 467
80 308
80 447
80 311
80 123
80 255
81 195
81 197
81 198
81 129
81 330
81 271
81 314
81 220
81 250
81 351
81 356
81 102
81 401
81 169
81 298
81 299
81 492
81 111
81 385
81 446
81 391
81 182
81 121
81 123
81 317
81 318
81 191
82 192
82 325
82 332
82 145
82 152
82 91
82 93
82 390
82 432
82 327
82 355
82 356
82 199
82 419
82 396
82 376
82 250
82 170
83 393
83 394
83 460
83 259
83 85
83 152
83 473
83 289
83 487
83 171
83 364
83 369
83 468
83 124
84 395
84 322
84 483
84 430
84 435
84 248
84 97
84 166
84 227
84 161
84 144
84 107
84 413
84 392
84 307
84 319
84 381
84 193
85 259
85 385
85 128
85 396
85 237
85 430
85 88
85 90
85 348
85 410
85 479
85 160
85 144
85 98
85 229
85 361
85 391
85 109
85 110
85 241
85 247
85 132
85 449
85 188
85 381
86 363
86 369
86 209
86 469
86 156
86 221
86 94
86 353
86 430
86 496
86 254
86 120
86 313
86 315
86 202
87 387
87 135
87 200
87 435
87 467
87 274
87 147
87 148
87 411
87 378
87 325
87 298
87 176
87 370
87 243
87 183
87 442
87 314
87 449
88 225
88 324
88 266
88 206
88 144
88 209
88 466
88 211
88 132
88 271
88 284
88 482
88 100
88 229
88 392
88 403
88 467
88 417
88 265
88 441
88 190
89 128
89 407
89 457
89 138
89 203
89 288
89 224
89 207
89 144
89 184
89 274
89 280
89 410
89 349
89 94
89 160
89 176
89 291
89 166
89 429
89 110
89 371
89 350
89 118
89 124
90 391
90 394
90 151
90 152
90 281
90 157
90 133
90 416
90 376
90 262
90 197
90 180
90 159
90 324
90 460
90 337
90 471
90 92
90 352
90 484
90 232
90 124
90 364
90 109
90 245
90 120
90 121
90 252
91 427
91 457
91 458
91 459
91 204
91 386
91 207
91 470
91 345
91 154
91 475
91 92
91 414
91 130
91 134
91 401
91 109
91 136
91 371
91 438
91 119
91 484
91 443
92 129
92 444
92 137
92 397
92 338
92 341
92 224
92 169
92 111
92 116
92 181
92 186
92 188
93 323
93 132
93 134
93 395
93 400
93 337
93 347
93 350
93 354
93 102
93 231
93 168
93 489
93 351
93 245
93 244
93 124
93 125
94 128
94 326
94 279
94 275
94 149
94 475
94 150
94 95
94 225
94 483
94 369
94 426
94 178
94 200
94 187
94 188
94 191
95 193
95 260
95 324
95 140
95 469
95 132
95 475
95 290
95 484
95 101
95 328
95 370
95 118
95 248
96 310
96 135
96 128
96 231
96 205
96 131
96 116
96 312
96 153
96 315
96 285
97 134
97 225
97 265
97 204
97 270
97 274
97 131
97 214
97 337
97 133
97 161
97 163
97 212
97 227
97 307
97 385
97 433
97 147
97 254
97 246
97 329
97 122
97 202
98 386
98 323
98 391
98 141
98 350
98 102
98 232
98 486
98 367
98 112
98 311
98 313
99 224
99 267
99 197
99 467
99 335
99 387
99 282
99 283
99 157
99 289
99 227
99 165
99 230
99 359
99 360
99 455
99 429
99 379
99 336
99 435
99 119
99 382
100 451
100 200
100 322
100 337
100 402
100 339
100 409
100 325
100 103
100 493
100 193
100 491
100 112
100 114
100 185
100 188
101 388
101 128
101 271
101 144
101 154
101 308
101 311
101 184
101 202
101 332
101 334
101 337
101 343
101 348
101 349
101 222
101 224
101 422
101 103
101 104
101 124
101 365
101 249
101 281
102 128
102 135
102 328
102 399
102 276
102 280
102 156
102 157
102 478
102 229
102 358
102 337
102 361
102 391
102 108
102 181
102 442
102 316
102 492
102 127
103 386
103 390
103 129
103 267
103 265
103 206
103 409
103 356
103 415
103 348
103 290
103 165
103 169
103 171
103 173
103 111
103 432
103 219
103 201
103 121
103 190
104 278
104 225
104 465
104 259
104 169
104 282
104 239
104 161
104 408
104 359
104 230
104 105
104 323
104 235
104 178
104 111
104 114
104 253
104 244
104 119
104 120
104 379
104 252
104 134
104 383
105 129
105 264
105 130
105 333
105 463
105 151
105 184
105 395
105 160
105 475
105 425
105 170
105 353
105 274
105 302
105 303
105 114
105 374
105 120
105 187
105 383
106 388
106 129
106 271
106 494
106 279
106 155
106 159
106 166
106 142
106 436
106 398
106 479
106 189
106 199
106 268
106 202
106 207
106 341
106 346
106 351
106 354
106 486
106 230
106 361
106 109
106 366
106 368
106 116
106 379
106 252
106 213
107 309
107 193
107 329
107 496
107 144
107 337
107 405
107 279
107 218
107 287
107 290
107 293
107 295
107 171
107 257
107 175
107 359
107 200
107 115
107 245
107 120
107 122
107 253
108 160
108 130
108 327
108 144
108 147
108 151
108 267
108 132
108 415
108 412
108 133
108 227
108 422
108 295
108 498
108 479
108 316
108 325
109 289
109 266
109 270
109 335
109 248
109 176
109 296
109 433
109 111
109 241
109 481
109 155
109 366
109 184
109 244
109 186
109 447
109 255
110 257
110 450
110 427
110 331
110 335
110 227
110 148
110 217
110 399
110 286
110 167
110 188
110 171
110 137
110 120
110 442
110 287
110 124
110 127
111 130
111 438
111 201
111 204
111 337
111 207
111 400
111 399
111 161
111 483
111 430
111 463
111 496
111 319
111 117
111 310
111 332
111 187
111 149
112 195
112 354
112 256
112 164
112 468
112 214
112 228
112 477
112 459
112 223
112 425
112 243
112 308
112 479
112 184
112 415
113 257
113 396
113 278
113 151
113 281
113 312
113 165
113 432
113 433
113 147
113 181
113 119
113 345
113 127
114 134
114 330
114 311
114 214
114 313
114 439
114 480
114 162
114 422
114 241
114 430
114 177
114 137
114 121
114 136
114 191
115 194
115 139
115 204
115 144
115 327
115 260
115 272
115 226
115 164
115 166
115 295
115 488
115 324
115 436
115 374
115 425
115 378
115 187
115 266
116 470
116 353
116 476
116 206
116 145
116 214
116 152
116 409
116 357
116 166
116 359
116 168
116 233
116 428
116 173
116 200
116 492
116 481
116 374
116 265
116 425
117 257
117 328
117 265
117 183
117 271
117 337
117 367
117 157
117 418
117 490
117 457
117 430
117 178
117 307
117 247
117 267
117 187
117 191
118 331
118 452
118 279
118 140
118 471
118 206
118 402
118 463
118 218
118 156
118 353
118 356
118 273
118 172
118 365
118 120
118 122
118 124
118 143
119 204
119 482
119 273
119 313
119 290
119 499
119 188
119 266
119 190
120 449
120 279
120 433
120 149
120 157
120 231
120 355
120 134
120 176
120 446
120 382
120 411
120 318
121 388
121 140
121 256
121 461
121 401
121 131
121 213
121 484
121 475
121 167
121 351
121 289
121 356
121 302
121 495
121 176
121 179
121 247
121 377
122 246
122 343
122 397
122 468
122 235
122 283
122 207
122 287
122 219
122 296
122 169
122 172
122 175
122 176
122 361
123 307
123 332
123 386
123 145
123 384
123 131
123 132
123 395
123 229
123 418
123 169
123 147
123 233
123 267
123 382
124 437
124 214
124 132
124 291
124 299
124 174
124 147
124 373
124 189
124 277
125 469
125 335
125 271
125 168
125 178
125 238
125 498
125 242
125 245
125 255
126 131
126 256
126 144
126 213
126 150
126 151
126 412
126 227
126 300
126 365
126 430
126 310
126 184
127 196
127 470
127 328
127 392
127 206
127 209
127 456
127 150
127 215
127 217
127 155
127 223
127 288
127 482
127 411
127 445
127 498
127 179
127 187
127 394
128 198
128 134
128 137
128 342
128 390
128 145
128 150
128 280
128 348
128 389
128 465
128 298
128 240
128 497
128 270
129 143
129 464
129 316
129 207
129 480
129 353
129 301
129 240
129 242
129 376
129 186
129 319
130 203
130 261
130 322
130 338
130 215
130 153
130 368
130 167
130 366
130 313
130 436
130 182
130 169
130 249
130 442
130 315
130 232
131 182
131 198
131 136
131 151
131 452
131 222
131 227
131 484
131 169
131 423
131 429
131 451
131 240
131 241
131 178
131 481
131 496
131 376
132 439
132 135
132 331
132 192
132 320
132 337
132 345
132 296
132 238
132 499
132 436
132 182
132 137
132 322
133 491
133 470
133 395
133 256
133 272
133 145
133 462
133 278
133 411
133 222
133 482
133 291
133 209
133 169
133 432
133 371
133 436
133 158
133 223
133 318
133 319
134 406
134 480
134 482
134 421
134 236
134 438
134 138
135 230
135 224
135 142
135 208
135 448
135 282
135 228
135 168
135 169
135 298
135 146
135 292
135 457
135 249
135 445
136 192
136 141
136 146
136 473
136 388
136 420
136 170
136 306
136 366
137 235
137 389
137 441
137 417
137 407
137 145
137 148
137 150
137 281
137 161
137 165
137 404
137 177
137 238
137 313
137 314
137 452
137 273
137 405
138 406
138 331
138 205
138 173
138 210
138 212
138 342
138 343
138 152
138 346
138 416
138 358
138 300
138 451
138 241
138 372
138 315
139 388
139 330
139 267
139 142
139 208
139 150
139 151
139 153
139 154
139 160
139 354
139 298
139 365
139 176
139 241
139 252
139 362
139 447
140 386
140 323
140 479
140 144
140 412
140 211
140 277
140 280
140 341
140 349
140 350
140 159
140 227
140 230
140 424
140 297
140 299
140 301
140 241
140 308
140 413
140 187
140 317
140 254
141 451
141 326
141 201
141 401
141 146
141 342
141 344
141 496
141 448
141 421
141 231
141 232
141 200
141 436
141 415
141 189
141 255
142 323
142 452
142 237
142 148
142 489
142 341
142 354
142 316
142 261
143 179
143 247
143 400
143 402
143 473
143 165
143 233
143 391
143 488
143 307
143 439
143 255
144 412
144 357
144 347
144 220
144 493
144 174
144 444
144 394
145 397
145 409
145 282
145 349
145 158
145 210
145 375
145 376
146 322
146 438
146 262
146 205
146 208
146 210
146 340
146 286
146 160
146 163
146 420
146 326
146 296
146 193
146 237
146 311
146 448
146 253
146 318
147 321
147 395
147 280
147 356
147 471
147 228
147 188
147 368
147 168
147 211
147 438
148 387
148 261
148 344
148 406
148 152
148 201
148 159
148 226
148 422
148 299
149 322
149 260
149 161
149 225
149 224
149 292
149 337
149 235
149 300
149 237
149 373
149 255
150 225
150 461
150 151
150 324
150 158
150 161
150 295
150 235
150 243
151 421
151 233
151 297
151 456
151 497
151 227
151 325
151 170
151 429
151 368
151 498
151 236
151 438
152 204
152 153
152 410
152 158
152 448
152 210
152 172
152 478
152 300
152 248
152 308
153 288
153 385
153 393
153 418
153 209
153 213
153 218
153 357
153 226
153 423
153 165
153 167
153 231
153 240
153 495
153 182
153 184
153 251
153 394
153 462
154 357
154 389
154 194
154 162
154 163
154 295
154 171
154 366
154 367
154 310
154 354
154 250
155 258
155 257
155 469
155 192
155 271
155 400
155 355
155 279
155 217
155 302
155 418
155 165
155 360
155 421
155 432
155 373
155 314
155 191
156 330
156 396
156 291
156 417
156 226
156 494
156 239
156 176
156 308
156 394
156 190
157 200
157 404
157 276
157 472
157 436
157 300
157 369
157 204
157 439
157 298
158 192
158 449
158 324
158 398
158 205
158 400
158 497
158 260
158 442
158 349
158 351
158 342
158 364
158 369
158 180
158 314
158 266
159 416
159 435
159 351
159 162
159 371
159 479
159 277
160 353
160 328
160 322
160 472
160 286
160 164
160 338
160 466
160 242
161 295
161 439
161 450
161 343
161 248
161 410
162 322
162 283
162 356
162 257
162 288
162 312
162 451
162 248
162 429
163 192
163 392
163 347
163 221
163 478
163 292
163 360
163 491
163 175
163 178
163 438
163 378
163 341
164 269
164 398
164 271
164 483
164 293
164 227
164 165
164 421
164 490
164 428
164 431
164 309
164 319
165 454
165 396
165 270
165 337
165 338
165 227
165 285
165 416
165 483
165 303
165 178
165 316
166 387
166 197
166 455
166 392
166 394
166 395
166 463
166 212
166 213
166 325
166 377
166 357
166 359
166 301
166 175
166 439
166 376
166 443
166 252
166 191
167 384
167 374
167 326
167 462
167 466
167 323
167 342
167 476
167 360
167 237
167 175
167 496
167 241
167 370
167 246
167 442
167 188
167 475
168 193
168 201
168 471
168 249
168 351
168 423
168 321
168 171
168 369
168 306
168 467
168 308
168 330
169 403
169 468
169 203
169 329
169 224
169 231
169 264
170 325
170 203
170 365
170 276
170 283
170 445
171 323
171 373
171 269
171 279
171 218
171 494
171 317
171 245
171 182
171 185
171 266
171 190
171 191
172 454
172 277
172 281
172 287
172 295
172 196
172 494
172 201
172 249
173 384
173 459
173 278
173 348
173 353
173 232
173 307
173 373
173 249
174 386
174 363
174 449
174 328
174 271
174 212
174 475
174 348
174 483
174 362
174 428
174 245
174 310
175 324
175 265
175 301
175 214
175 429
175 397
175 287
175 309
175 439
175 351
175 411
176 390
176 329
176 275
176 270
176 282
176 271
176 222
176 283
176 357
176 422
176 178
176 187
176 462
177 452
177 247
177 209
177 212
177 206
177 329
177 217
177 231
177 236
177 301
177 496
177 498
177 243
177 420
177 443
178 371
178 448
178 272
178 232
178 211
178 223
178 188
179 226
179 492
179 341
179 233
179 267
179 442
179 271
179 380
179 349
180 341
180 401
180 362
180 301
180 244
180 414
180 246
180 440
180 308
180 186
180 251
180 188
181 457
181 284
181 209
181 409
181 364
181 282
181 444
182 264
182 204
182 205
182 346
182 197
182 419
182 296
182 389
182 241
182 314
183 225
183 268
183 472
183 259
183 468
183 216
183 476
183 250
183 326
183 184
183 441
183 188
183 446
184 334
184 207
184 336
184 469
184 442
184 433
184 364
184 304
184 368
184 365
184 309
185 257
185 199
185 458
185 395
185 398
185 208
185 211
185 407
185 283
185 350
185 219
185 429
185 238
185 222
185 317
186 455
186 200
186 393
186 386
186 209
186 409
186 416
186 353
186 233
186 490
186 364
186 305
186 498
186 316
187 262
187 391
187 206
187 463
187 272
187 338
187 329
187 294
187 273
187 295
187 200
187 447
187 380
187 189
187 382
188 384
188 196
188 400
188 217
188 292
188 479
188 358
188 317
188 385
188 380
188 382
188 191
189 389
189 391
189 330
189 402
189 479
189 483
189 421
189 359
189 233
189 494
189 435
189 253
190 323
190 389
190 346
190 208
190 473
190 349
190 445
191 271
191 320
191 467
191 405
191 410
191 390
191 291
191 296
191 234
191 255
192 354
192 398
193 450
193 453
193 265
193 429
193 336
193 338
193 475
193 349
193 230
193 295
193 425
193 479
193 457
193 442
194 304
194 321
194 233
194 435
194 495
194 208
194 438
194 250
195 384
195 258
195 394
195 274
195 476
195 414
195 484
195 491
195 367
196 230
196 263
196 411
196 319
196 415
196 245
196 436
196 313
196 382
197 389
197 203
197 399
197 213
197 343
197 408
197 324
197 400
197 360
197 235
197 242
197 447
198 406
198 204
198 268
198 320
198 466
198 341
198 409
198 439
198 224
198 289
198 487
198 300
198 499
198 393
198 377
198 469
199 290
199 395
199 261
199 297
199 267
199 428
199 305
199 244
199 251
200 299
200 309
200 201
200 210
200 288
200 426
200 237
200 466
200 286
200 247
200 380
200 317
200 255
201 388
201 417
201 204
201 461
201 275
201 284
201 421
201 233
201 359
201 302
201 297
201 452
202 321
202 359
202 384
202 404
202 405
202 281
202 442
202 318
203 401
203 448
203 285
203 351
203 420
203 424
203 242
203 468
203 490
204 262
204 461
204 207
204 406
204 279
204 288
204 483
204 428
204 307
204 494
205 224
205 209
205 328
205 270
205 227
205 265
205 216
205 283
206 262
206 241
206 398
206 403
206 340
206 214
206 409
206 353
206 251
206 466
206 496
206 362
206 305
207 259
207 215
207 430
207 241
207 370
208 258
208 421
208 425
208 427
208 364
208 385
208 388
208 310
208 317
209 454
209 462
209 269
209 419
209 340
209 218
209 333
209 401
209 255
209 251
210 257
210 289
210 482
210 352
210 461
210 394
210 222
211 340
211 295
211 466
211 437
212 386
212 452
212 454
212 398
212 213
212 476
212 465
212 488
212 491
212 442
212 382
213 394
213 275
213 278
213 289
213 357
213 492
213 239
213 309
213 325
214 328
214 452
214 276
214 216
214 324
214 285
214 418
214 401
214 439
214 440
215 452
215 391
215 392
215 487
215 277
215 294
215 302
215 328
215 498
215 309
215 361
216 261
216 327
216 236
216 398
216 220
216 482
216 362
216 257
216 371
217 420
217 354
217 292
217 231
217 232
217 245
217 253
218 357
218 423
218 426
218 256
218 368
218 466
218 315
218 287
219 384
219 262
219 452
219 330
219 386
219 285
219 237
219 308
219 246
220 410
220 223
220 472
220 238
220 477
220 370
220 378
220 318
221 237
221 342
221 433
221 290
221 399
221 436
221 439
221 379
221 362
222 456
222 331
222 463
222 261
222 244
222 379
223 264
223 311
223 400
223 275
223 269
223 478
223 453
223 355
223 293
223 451
223 241
223 245
223 233
223 377
224 259
224 454
224 375
224 273
224 285
224 358
224 363
224 237
224 366
224 262
224 250
225 453
225 486
225 279
225 431
225 287
225 358
225 369
225 362
225 367
225 328
225 498
225 314
226 435
226 395
226 334
226 271
226 343
226 363
226 229
226 455
226 263
227 342
227 281
227 363
227 273
227 317
228 234
228 438
228 375
228 394
229 238
229 349
229 376
229 410
229 234
229 319
230 334
230 285
230 350
230 466
230 313
230 315
230 380
230 345
231 385
231 259
231 392
231 267
231 351
231 293
231 488
231 364
231 473
232 387
232 293
232 363
232 321
232 303
232 281
232 283
233 275
233 270
233 404
233 250
233 390
233 489
233 247
233 376
233 446
234 406
234 305
234 389
234 235
234 274
234 242
234 438
234 318
235 384
235 269
235 339
235 281
235 354
235 297
235 312
235 315
235 426
236 389
236 295
236 269
236 415
237 321
237 457
237 497
237 360
237 493
237 431
238 341
238 285
238 288
238 481
238 420
238 364
238 301
239 320
239 293
239 271
239 243
240 462
240 271
240 342
240 249
240 499
241 262
241 456
241 276
241 483
242 322
242 398
242 335
242 276
242 279
243 323
243 357
243 373
243 458
243 320
243 397
243 286
243 292
243 255
244 454
244 340
244 405
244 422
244 299
244 308
244 381
245 355
245 415
245 319
245 444
245 289
246 388
246 474
246 463
246 407
246 248
246 411
246 250
247 416
247 269
247 313
247 347
248 449
248 389
248 470
248 254
249 405
249 433
249 344
249 380
250 288
250 395
250 324
250 400
250 467
250 353
250 375
250 314
250 379
251 486
251 294
251 331
251 336
251 354
252 391
252 365
252 359
252 297
252 301
252 381
253 358
253 449
253 266
253 310
253 346
254 385
254 327
254 460
254 341
254 406
254 474
254 475
254 288
254 298
254 491
254 300
255 393
255 435
255 270
255 368
255 381
255 383
256 481
256 353
256 370
256 435
256 287
256 390
256 381
257 405
257 492
257 372
257 470
257 277
258 289
258 483
258 309
258 419
258 267
258 347
259 454
259 332
259 270
259 470
259 410
259 287
259 354
259 293
259 425
259 337
259 382
260 340
260 341
260 304
260 428
261 441
261 291
261 400
261 284
261 313
261 412
262 324
262 389
262 289
263 464
263 457
263 271
263 346
264 291
264 308
264 435
264 283
264 413
265 395
265 269
265 320
265 361
265 433
266 331
266 350
266 497
266 308
266 397
266 383
267 291
267 430
267 468
267 364
268 330
268 439
268 466
268 339
268 470
268 407
268 476
268 350
268 415
268 274
269 481
269 400
269 300
269 363
269 295
269 432
269 479
269 316
270 455
270 401
270 406
270 410
270 285
270 350
270 291
270 494
270 303
270 304
270 305
270 434
270 377
270 383
271 322
271 328
271 339
271 285
271 308
271 447
272 323
272 336
272 401
272 409
272 474
272 325
272 366
272 371
272 441
273 460
273 334
273 338
273 344
273 359
273 372
273 318
274 458
274 485
274 285
274 317
274 314
274 380
275 320
275 322
275 455
275 328
275 397
275 419
275 287
275 483
275 498
276 320
276 312
276 465
276 484
276 360
276 432
276 369
276 437
277 292
277 346
277 416
277 305
277 373
277 382
278 424
278 487
278 471
278 460
278 376
278 414
279 394
279 401
279 341
279 480
279 357
279 486
279 319
280 428
280 435
280 489
280 407
280 374
280 348
281 416
281 481
281 333
281 403
281 312
282 320
282 325
282 472
282 427
282 479
282 361
282 316
283 352
283 491
283 304
283 432
283 447
284 420
284 301
285 399
286 393
286 391
286 353
286 296
286 334
287 393
287 464
287 468
287 332
287 431
287 415
287 483
287 497
288 369
288 402
288 300
288 383
289 384
289 454
289 331
289 398
289 365
289 357
289 428
289 415
289 379
289 444
290 460
290 404
290 409
290 366
291 417
291 335
291 466
291 440
292 486
292 361
292 462
292 379
292 345
293 396
293 480
294 496
294 322
294 327
294 375
294 370
294 497
294 299
294 446
295 360
295 327
296 328
296 362
296 431
296 498
296 339
296 386
297 304
297 448
297 366
298 323
298 300
298 452
298 447
299 325
299 326
299 457
299 463
299 320
299 348
299 357
299 421
300 449
300 388
300 333
300 475
300 479
300 373
301 320
301 338
301 345
301 367
301 497
302 496
302 368
302 434
302 403
302 438
302 439
303 448
303 406
303 439
303 319
304 449
304 407
304 329
305 321
305 323
305 390
305 397
305 387
305 475
305 414
305 352
305 497
306 343
306 367
306 352
306 318
306 361
307 328
307 402
307 403
307 342
307 474
307 477
307 420
307 367
308 326
308 329
308 349
308 496
309 463
309 490
310 375
311 426
311 396
311 379
311 348
311 410
312 458
312 464
313 373
313 386
313 482
313 472
313 479
314 418
314 499
314 483
314 344
314 413
314 491
315 395
315 461
315 397
315 369
315 373
316 331
316 411
316 378
316 361
316 372
317 391
317 412
317 490
317 349
319 391
319 439
319 364
319 485
320 473
320 454
320 328
320 345
320 397
321 416
321 445
321 411
322 485
322 487
322 435
323 337
323 451
323 476
324 481
324 371
325 375
325 376
325 473
326 375
326 465
326 383
327 425
327 402
327 399
328 467
328 367
328 494
329 354
329 420
329 397
330 427
330 489
330 442
331 474
331 424
331 496
332 363
333 418
333 377
333 492
333 425
334 340
335 396
335 433
335 344
335 412
336 366
336 429
336 434
336 374
337 491
337 414
337 413
337 437
338 342
338 407
339 361
339 490
339 466
339 420
339 345
339 395
340 450
340 498
341 364
341 474
343 364
343 418
344 384
344 399
344 423
344 436
344 486
344 433
344 348
344 349
345 386
345 430
345 462
345 497
346 489
347 400
347 414
348 388
348 415
348 472
348 424
348 433
349 372
349 375
350 467
350 438
350 442
350 426
351 439
352 432
352 409
353 454
353 365
353 372
355 395
355 464
355 408
355 361
355 441
356 416
356 484
356 390
356 400
356 405
356 408
356 379
357 454
357 491
357 434
357 446
358 435
358 448
358 422
358 443
359 388
360 458
360 374
360 411
361 470
361 382
362 450
362 380
362 446
363 481
363 393
363 446
364 389
364 483
364 491
364 372
365 412
366 389
366 495
366 435
368 433
368 473
369 428
369 494
369 380
370 392
370 396
371 435
372 384
372 411
372 429
372 435
372 378
373 449
373 486
373 455
373 380
374 470
376 439
376 408
376 490
377 429
378 385
378 426
379 405
379 416
379 498
380 412
381 423
381 487
381 484
381 431
382 432
382 434
383 391
383 423
383 384
383 490
384 411
384 483
385 480
385 472
386 460
386 471
386 490
388 487
391 453
391 495
393 435
394 434
395 458
395 401
395 474
395 404
396 451
396 416
396 490
397 463
398 465
398 494
400 431
401 452
401 464
402 468
404 420
404 428
405 493
405 494
406 477
406 429
408 484
408 496
408 410
410 450
410 463
410 413
410 429
410 498
410 467
411 488
412 428
412 424
413 449
413 461
413 467
414 440
416 432
417 476
419 491
419 496
422 494
424 480
424 490
425 474
426 460
426 473
427 482
427 434
428 480
430 479
434 493
435 485
437 495
438 476
439 449
439 481
439 488
439 489
440 451
441 496
442 454
442 457
443 461
443 463
444 447
444 477
445 480
445 479
445 471
446 489
446 455
447 496
449 450
450 472
451 489
452 453
454 489
459 494
461 479
462 499
463 493
465 472
466 477
469 475
470 483
477 497
477 489
480 483
485 488
486 488
