0 1
0 2
0 3
0 4
0 5
0 6
0 7
0 8
0 9
0 10
0 11
0 12
0 13
0 14
0 15
0 16
0 17
0 18
0 19
0 20
0 21
0 22
0 23
0 24
0 25
0 26
0 27
0 28
0 29
0 30
0 31
0 32
0 33
0 34
0 35
0 36
0 37
0 38
0 39
0 40
0 41
0 42
0 43
0 44
0 45
0 46
0 47
0 48
0 49
0 50
0 51
0 52
0 53
0 54
0 55
0 56
0 57
0 58
0 59
0 60
0 61
0 62
0 63
0 64
0 65
0 66
0 67
0 68
0 69
0 70
0 71
0 72
0 73
0 74
0 75
0 76
0 77
0 78
0 79
0 80
0 81
0 82
0 83
0 84
0 85
0 87
0 88
0 89
0 90
0 92
0 93
0 94
0 95
0 96
0 97
0 98
0 99
0 100
0 101
0 102
0 104
0 105
0 106
0 108
0 110
0 111
0 113
0 115
0 116
0 117
0 119
0 120
0 121
0 122
0 126
0 127
0 128
0 130
0 132
0 133
0 134
0 135
0 136
0 138
0 140
0 142
0 143
0 144
0 145
0 146
0 147
0 148
0 150
0 151
0 152
0 155
0 156
0 157
0 158
0 159
0 160
0 161
0 162
0 163
0 164
0 166
0 167
0 168
0 169
0 171
0 173
0 175
0 176
0 177
0 180
0 181
0 183
0 184
0 185
0 188
0 190
0 192
0 193
0 198
0 201
0 202
0 204
0 205
0 207
0 208
0 211
0 212
0 214
0 215
0 216
0 218
0 219
0 221
0 223
0 227
0 229
0 230
0 231
0 233
0 240
0 249
0 250
0 259
0 264
0 267
0 268
0 269
0 272
0 273
0 284
0 288
0 289
0 290
0 292
0 295
0 297
0 301
0 303
0 309
0 312
0 313
0 317
0 320
0 321
0 332
0 333
0 334
0 339
0 346
0 347
0 349
0 350
0 363
0 364
0 368
0 369
0 375
0 380
0 381
0 389
0 393
0 407
0 409
0 421
0 422
0 424
0 425
0 426
0 427
0 428
0 431
0 435
0 437
0 439
0 442
0 443
0 444
0 447
0 451
0 454
0 461
0 473
0 474
0 478
0 485
0 487
0 497
0 498
1 2
1 3
1 4
1 5
1 6
1 7
1 8
1 9
1 10
1 11
1 12
1 13
1 14
1 15
1 16
1 17
1 18
1 19
1 20
1 21
1 22
1 23
1 24
1 25
1 26
1 27
1 28
1 29
1 30
1 31
1 32
1 33
1 34
1 35
1 36
1 37
1 38
1 39
1 40
1 41
1 42
1 43
1 44
1 45
1 46
1 47
1 48
1 49
1 50
1 51
1 308
1 53
1 54
1 55
1 56
1 57
1 58
1 59
1 60
1 61
1 63
1 64
1 68
1 309
1 70
1 71
1 275
1 74
1 76
1 482
1 79
1 337
1 83
1 85
1 86
1 344
1 484
1 91
1 348
1 350
1 95
1 97
1 99
1 100
1 103
1 108
1 110
1 317
1 113
1 114
1 115
1 116
1 391
1 375
1 120
1 276
1 378
1 123
1 124
1 299
1 127
1 128
1 129
1 132
1 133
1 135
1 136
1 395
1 141
1 280
1 146
1 152
1 153
1 156
1 413
1 347
1 454
1 166
1 168
1 425
1 428
1 174
1 285
1 176
1 179
1 467
1 182
1 184
1 186
1 287
1 288
1 262
1 195
1 198
1 199
1 460
1 206
1 207
1 464
1 210
1 419
1 471
1 475
1 223
1 226
1 228
1 488
1 490
1 235
1 236
1 466
1 239
1 496
1 385
1 243
1 244
1 382
1 250
1 351
1 341
2 3
2 4
2 5
2 6
2 7
2 8
2 9
2 10
2 11
2 12
2 13
2 14
2 15
2 16
2 17
2 18
2 19
2 20
2 21
2 22
2 23
2 24
2 25
2 26
2 27
2 28
2 29
2 30
2 31
2 288
2 33
2 34
2 35
2 292
2 390
2 38
2 487
2 40
2 41
2 42
2 43
2 45
2 46
2 47
2 49
2 51
2 54
2 57
2 58
2 59
2 60
2 318
2 63
2 66
2 67
2 68
2 316
2 465
2 78
2 79
2 80
2 82
2 83
2 85
2 343
2 91
2 92
2 95
2 96
2 315
2 273
2 105
2 106
2 107
2 365
2 366
2 367
2 368
2 115
2 116
2 119
2 475
2 123
2 277
2 129
2 132
2 133
2 134
2 136
2 394
2 407
2 398
2 286
2 323
2 148
2 278
2 153
2 156
2 158
2 162
2 163
2 170
2 428
2 429
2 178
2 181
2 183
2 372
2 347
2 444
2 446
2 191
2 451
2 203
2 461
2 206
2 271
2 209
2 334
2 216
2 219
2 263
2 482
2 229
2 486
2 231
2 235
2 239
2 241
2 498
2 339
2 246
2 252
2 253
3 4
3 5
3 6
3 7
3 8
3 9
3 10
3 11
3 12
3 13
3 14
3 15
3 16
3 17
3 18
3 19
3 20
3 21
3 22
3 23
3 25
3 282
3 283
3 28
3 29
3 30
3 31
3 32
3 33
3 34
3 35
3 37
3 38
3 49
3 296
3 41
3 43
3 44
3 45
3 46
3 47
3 305
3 50
3 317
3 54
3 265
3 314
3 266
3 319
3 68
3 328
3 330
3 476
3 78
3 336
3 81
3 270
3 344
3 347
3 92
3 351
3 362
3 107
3 109
3 61
3 112
3 117
3 375
3 383
3 130
3 137
3 394
3 146
3 404
3 152
3 26
3 161
3 175
3 286
3 440
3 441
3 196
3 197
3 204
3 209
3 472
3 217
3 220
3 293
3 225
3 306
3 493
4 5
4 6
4 7
4 8
4 9
4 10
4 11
4 12
4 13
4 14
4 15
4 16
4 17
4 18
4 19
4 21
4 22
4 23
4 24
4 25
4 26
4 27
4 28
4 30
4 31
4 33
4 35
4 37
4 38
4 40
4 297
4 42
4 43
4 50
4 49
4 306
4 54
4 55
4 57
4 58
4 59
4 318
4 64
4 65
4 67
4 70
4 72
4 74
4 76
4 77
4 79
4 80
4 83
4 85
4 89
4 351
4 353
4 100
4 104
4 365
4 110
4 360
4 114
4 115
4 118
4 122
4 129
4 392
4 393
4 138
4 396
4 265
4 151
4 160
4 170
4 171
4 430
4 176
4 439
4 416
4 197
4 455
4 456
4 460
4 206
4 214
4 222
4 293
4 227
4 232
4 238
4 498
4 339
4 252
4 426
5 133
5 6
5 7
5 8
5 9
5 10
5 11
5 12
5 13
5 14
5 320
5 146
5 20
5 21
5 235
5 419
5 25
5 26
5 155
5 28
5 427
5 158
5 31
5 32
5 161
5 35
5 363
5 262
5 38
5 40
5 41
5 171
5 44
5 45
5 432
5 177
5 371
5 414
5 182
5 55
5 58
5 59
5 316
5 138
5 279
5 322
5 390
5 72
5 409
5 205
5 78
5 79
5 83
5 334
5 215
5 169
5 346
5 94
5 97
5 226
5 187
5 100
5 102
5 361
5 107
5 366
5 111
5 369
5 114
5 115
5 119
5 120
5 127
6 7
6 8
6 9
6 10
6 11
6 268
6 130
6 15
6 16
6 17
6 146
6 19
6 20
6 149
6 22
6 23
6 24
6 196
6 175
6 28
6 29
6 185
6 31
6 161
6 35
6 386
6 487
6 297
6 42
6 43
6 47
6 48
6 49
6 50
6 179
6 52
6 53
6 475
6 312
6 57
6 59
6 60
6 61
6 190
6 181
6 68
6 71
6 304
6 73
6 74
6 239
6 363
6 207
6 271
6 81
6 341
6 463
6 87
6 217
6 91
6 92
6 224
6 327
6 99
6 100
6 103
6 379
6 106
6 107
6 108
6 274
6 111
6 113
6 243
6 121
6 136
6 273
6 443
6 469
7 135
7 8
7 9
7 11
7 12
7 13
7 365
7 16
7 18
7 19
7 21
7 457
7 24
7 132
7 27
7 28
7 30
7 31
7 133
7 33
7 34
7 163
7 326
7 177
7 40
7 41
7 42
7 43
7 173
7 287
7 49
7 50
7 432
7 496
7 55
7 348
7 58
7 59
7 192
7 64
7 288
7 67
7 130
7 268
7 75
7 76
7 77
7 78
7 79
7 156
7 459
7 344
7 89
7 218
7 91
7 92
7 222
7 482
7 131
7 230
7 106
7 295
7 109
7 112
7 373
7 118
7 126
7 127
8 9
8 10
8 11
8 12
8 142
8 16
8 22
8 23
8 25
8 156
8 29
8 30
8 38
8 129
8 28
8 46
8 53
8 57
8 58
8 138
8 190
8 191
8 279
8 65
8 73
8 75
8 76
8 79
8 398
8 122
8 351
8 272
8 356
8 229
8 103
8 105
8 119
8 332
8 250
8 381
9 393
9 10
9 11
9 140
9 15
9 22
9 279
9 25
9 47
9 28
9 37
9 166
9 39
9 298
9 175
9 304
9 177
9 50
9 53
9 182
9 185
9 58
9 59
9 452
9 195
9 324
9 73
9 247
9 206
9 207
9 211
9 214
9 216
9 348
9 459
9 226
9 231
9 105
9 365
9 111
9 119
9 120
9 251
9 253
10 391
10 11
10 12
10 13
10 15
10 16
10 17
10 21
10 151
10 25
10 29
10 30
10 31
10 48
10 162
10 292
10 42
10 175
10 176
10 435
10 54
10 137
10 60
10 61
10 194
10 195
10 374
10 289
10 329
10 34
10 141
10 84
10 215
10 267
10 92
10 96
10 481
10 483
10 484
10 486
10 105
10 108
10 365
10 317
10 113
10 245
10 118
10 281
11 12
11 386
11 14
11 145
11 146
11 19
11 21
11 151
11 24
11 25
11 26
11 156
11 282
11 30
11 34
11 419
11 420
11 129
11 28
11 427
11 44
11 49
11 56
11 168
11 138
11 451
11 455
11 200
11 73
11 297
11 339
11 212
11 41
11 257
11 98
11 131
11 102
11 106
11 466
11 238
11 61
11 113
11 246
11 119
11 378
12 134
12 393
12 130
12 14
12 17
12 403
12 21
12 22
12 281
12 27
12 30
12 36
12 37
12 39
12 45
12 177
12 51
12 53
12 315
12 445
12 190
12 449
12 201
12 13
12 338
12 84
12 473
12 101
12 487
12 360
12 423
12 125
12 245
12 380
12 253
13 441
13 268
13 151
13 194
13 256
13 16
13 17
13 18
13 19
13 164
13 23
13 24
13 132
13 152
13 27
13 28
13 94
13 159
13 416
13 208
13 67
13 131
13 421
13 40
13 105
13 43
13 82
13 46
13 292
13 184
13 88
13 460
13 437
14 326
14 75
14 17
14 18
14 21
14 22
14 25
14 26
14 27
14 29
14 222
14 479
14 160
14 48
14 357
14 102
14 144
14 338
14 112
14 52
14 183
14 379
14 380
14 446
15 45
15 16
15 17
15 146
15 19
15 20
15 21
15 25
15 282
15 28
15 26
15 160
15 162
15 291
15 293
15 42
15 427
15 301
15 47
15 49
15 182
15 60
15 394
15 63
15 69
15 84
15 213
15 215
15 90
15 54
15 95
15 131
15 114
15 370
15 374
15 122
15 85
16 265
16 143
16 386
16 77
16 144
16 18
16 20
16 85
16 23
16 28
16 286
16 224
16 33
16 99
16 293
16 65
16 412
16 492
16 82
16 47
16 336
16 370
16 310
16 56
16 377
16 138
17 391
17 200
17 212
17 145
17 259
17 20
17 66
17 23
17 216
17 28
17 30
17 198
17 32
17 289
17 419
17 164
17 37
17 465
17 105
17 170
17 431
17 115
17 53
17 213
17 185
17 314
17 255
17 313
17 21
18 139
18 66
18 81
18 67
18 21
18 320
18 24
18 25
18 26
18 29
18 30
18 33
18 98
18 35
18 421
18 358
18 296
18 233
18 171
18 71
18 428
18 46
18 434
18 180
18 54
18 88
18 60
18 446
18 405
19 73
19 67
19 276
19 214
19 23
19 271
19 441
19 454
19 38
19 42
19 52
19 53
19 343
19 121
20 324
20 129
20 332
20 75
20 76
20 78
20 21
20 414
20 24
20 89
20 152
20 155
20 118
20 30
20 223
20 288
20 34
20 35
20 100
20 37
20 38
20 44
20 434
20 114
20 116
20 261
20 54
20 218
20 58
20 59
20 149
21 64
21 259
21 86
21 179
21 335
21 223
21 34
21 37
21 44
21 237
21 303
21 241
21 403
21 128
21 117
21 54
21 148
21 59
21 381
21 190
21 255
22 197
22 273
22 339
22 349
22 97
22 162
22 37
22 104
22 42
22 238
22 393
22 57
22 58
23 467
23 74
23 439
23 398
23 499
23 146
23 84
23 320
23 28
23 30
23 35
23 101
23 102
23 42
23 491
23 370
23 435
23 116
23 182
23 134
23 57
23 251
23 394
23 126
23 191
24 171
24 66
24 209
24 213
24 203
24 224
24 26
24 395
24 29
24 130
24 32
24 100
24 129
24 43
24 82
24 115
24 308
24 56
25 198
25 192
25 153
25 271
25 231
25 42
25 300
25 173
25 114
25 115
25 55
25 378
25 190
26 260
26 289
26 72
26 210
26 85
26 342
26 409
26 68
26 156
26 350
26 159
26 32
26 165
26 36
26 101
26 104
26 298
26 109
26 47
26 48
26 49
26 132
26 250
26 490
26 160
26 383
27 75
27 140
27 79
27 158
27 34
27 483
27 293
27 294
27 486
27 111
27 372
27 30
27 329
27 62
28 83
28 149
28 408
28 388
28 29
28 479
28 290
28 419
28 168
28 106
28 107
28 108
28 483
28 113
28 437
28 375
28 121
28 314
28 428
28 170
28 296
29 455
29 448
29 149
29 155
29 92
29 95
29 34
29 50
29 45
29 206
29 178
29 128
29 117
29 383
30 69
30 77
30 153
30 488
30 37
30 360
30 109
30 238
30 72
31 73
31 322
31 334
31 144
31 178
31 84
31 149
31 361
31 325
31 157
31 134
31 65
32 66
32 198
32 493
32 341
32 54
32 156
32 159
32 35
32 39
32 453
32 109
32 49
32 114
32 116
32 182
32 123
32 254
33 194
33 207
33 141
33 471
33 219
33 423
33 233
33 110
33 112
33 50
33 499
33 53
33 312
33 249
34 76
34 462
34 143
34 79
34 284
34 162
34 189
34 433
34 121
34 59
34 61
34 190
35 384
35 205
35 398
35 80
35 209
35 148
35 219
35 348
35 37
35 167
35 298
35 178
35 57
35 63
36 392
36 454
36 71
36 168
36 263
36 237
36 174
36 190
36 206
36 296
36 51
36 116
36 94
36 54
36 126
37 135
37 209
37 472
37 415
37 102
37 170
37 43
37 46
37 479
37 60
37 127
38 263
38 108
38 76
38 104
38 50
38 182
38 247
38 212
38 204
38 92
38 273
39 411
39 196
39 101
39 41
39 388
39 151
39 45
39 47
39 468
39 84
39 377
39 154
39 155
39 192
39 223
40 315
40 70
40 194
40 175
40 45
40 120
40 323
40 182
40 439
40 56
40 355
40 90
40 111
40 186
41 97
41 237
41 48
41 67
41 414
41 56
41 217
41 282
41 126
42 67
42 492
42 75
42 205
42 401
42 79
42 92
42 68
42 480
42 162
42 195
42 103
42 488
42 108
42 463
42 147
42 245
42 376
42 58
43 203
43 141
43 272
43 497
43 219
43 60
43 317
43 63
44 97
44 71
44 413
44 387
44 53
44 58
44 127
44 167
45 337
45 134
45 110
45 48
45 120
45 306
45 403
45 56
45 356
45 90
45 69
46 132
46 167
46 263
46 300
46 256
46 173
46 471
46 484
46 217
46 314
46 92
46 381
46 69
47 198
47 485
47 142
47 206
47 361
47 89
47 251
47 65
48 354
48 454
48 72
48 143
48 109
48 142
48 118
48 345
48 185
48 59
49 72
49 480
49 304
49 386
49 256
49 145
49 309
49 88
49 135
50 67
50 111
50 121
50 87
50 184
50 68
50 251
50 260
50 247
51 64
51 361
51 138
51 93
51 244
51 266
51 79
51 348
51 125
51 62
52 321
52 104
52 137
52 74
52 139
52 205
52 146
52 233
52 56
53 229
53 338
53 84
53 120
53 382
54 204
54 81
54 150
54 152
54 286
54 299
54 364
54 173
54 239
54 183
54 404
55 161
55 128
55 333
55 272
55 307
55 84
55 118
55 317
56 108
56 64
56 367
56 110
56 250
56 60
57 139
57 110
57 324
58 227
58 331
58 226
58 64
58 339
58 313
58 284
59 496
59 498
59 265
59 404
59 476
59 94
59 65
60 465
60 392
60 454
60 305
60 307
60 84
60 271
60 266
61 198
61 421
61 457
61 440
61 127
61 415
62 336
62 290
62 100
62 421
62 427
62 109
62 78
62 317
63 101
63 172
63 269
63 208
63 146
63 84
63 267
63 121
64 395
64 392
64 135
64 204
64 289
64 312
64 370
64 260
64 92
64 257
65 261
65 166
65 107
65 429
65 440
66 69
66 81
66 128
66 140
66 80
66 276
66 192
66 280
67 96
67 69
67 183
67 385
67 73
67 88
67 420
67 90
68 427
68 396
68 242
68 99
68 148
69 325
69 445
69 75
69 236
70 419
70 352
70 72
70 90
70 247
71 486
71 362
71 395
71 142
71 371
71 196
71 154
72 201
72 75
72 498
72 280
72 127
73 133
73 135
73 106
73 424
73 84
73 216
73 345
74 206
75 100
75 136
75 242
75 337
75 405
76 247
76 119
76 132
76 318
77 401
78 155
79 142
79 309
79 122
79 154
80 157
80 131
80 205
80 434
80 133
81 182
81 455
81 461
81 270
81 435
81 156
81 159
82 448
82 137
82 427
82 92
82 110
83 162
83 96
83 418
83 378
83 189
83 446
84 100
84 200
84 117
84 95
84 153
84 158
85 453
85 458
85 140
85 113
85 217
85 190
86 168
86 395
86 121
87 277
87 119
87 405
87 156
87 93
87 325
88 98
88 346
88 271
88 284
88 190
88 221
89 321
89 131
89 132
89 169
89 497
89 91
89 347
90 97
90 170
91 409
92 93
92 424
92 132
92 320
92 100
92 186
93 273
93 100
93 472
93 349
94 187
94 170
95 229
95 121
96 132
96 133
96 156
96 395
96 368
96 188
96 125
97 411
97 245
97 123
97 157
97 158
98 243
98 340
98 373
98 141
99 195
99 245
99 311
99 125
100 201
100 158
100 220
101 187
101 214
101 127
102 448
102 383
103 171
104 384
104 130
104 310
104 135
104 493
104 208
104 151
104 249
105 128
105 295
105 491
105 124
106 200
106 168
107 303
107 165
107 117
108 473
108 268
108 230
109 113
109 144
109 254
110 131
110 117
110 217
111 450
111 124
111 237
111 381
112 160
112 132
112 227
112 298
113 199
113 248
113 137
114 165
114 309
114 230
114 393
115 174
115 349
115 186
115 250
115 453
116 286
116 174
117 226
117 374
118 159
118 154
118 127
119 131
119 136
119 332
119 364
119 187
120 137
120 256
120 208
120 370
120 377
121 137
122 395
122 149
122 279
122 270
123 226
124 450
125 208
125 446
126 155
126 341
126 468
127 128
127 311
127 266
128 168
128 412
129 365
129 369
129 178
129 456
129 168
129 382
130 489
130 331
130 163
130 403
130 459
131 451
131 486
131 332
131 145
132 135
132 461
132 496
133 294
133 450
133 367
133 343
134 258
136 181
137 183
137 239
138 465
138 423
138 148
138 485
139 228
139 293
139 358
139 298
139 399
139 149
139 426
139 221
139 213
140 177
140 356
140 295
140 415
141 320
141 471
142 259
142 318
143 497
143 154
143 183
144 307
144 324
144 398
144 481
144 329
144 495
145 161
145 459
145 304
146 369
146 259
146 313
146 399
146 166
147 176
147 197
148 217
149 290
149 491
149 324
149 185
150 192
150 444
150 350
150 271
152 177
152 235
152 256
152 211
153 490
153 155
154 395
154 437
154 188
155 369
156 342
157 422
158 471
158 200
158 239
159 411
159 186
159 312
159 247
160 354
160 483
160 237
161 360
162 284
163 174
164 470
164 169
166 496
166 310
166 460
166 337
167 252
167 492
168 430
169 437
170 256
170 293
170 427
170 207
170 342
171 330
172 346
172 215
172 389
173 230
173 363
174 197
175 482
175 333
175 190
176 283
177 451
177 239
179 343
180 265
181 332
182 489
182 292
183 254
183 223
183 332
183 274
185 250
186 290
186 369
186 188
186 429
187 193
187 265
187 209
188 342
190 250
191 400
191 407
191 379
192 417
192 211
192 324
192 426
193 491
193 494
193 334
193 447
194 208
195 243
196 208
198 217
198 460
199 442
199 303
199 297
200 226
200 435
200 452
200 314
201 385
201 354
201 259
201 342
201 279
201 379
201 355
202 218
202 346
202 290
202 342
203 253
204 240
204 469
205 306
205 362
205 355
205 338
206 361
209 312
209 234
209 467
211 224
213 291
214 396
215 338
215 373
215 329
215 450
216 227
217 388
217 237
217 291
217 251
218 360
220 245
220 495
220 316
220 453
222 234
223 327
225 358
226 486
226 401
226 405
228 290
229 266
230 349
232 489
233 479
235 404
236 408
236 491
237 264
237 315
238 271
239 396
240 345
240 391
241 365
242 466
242 310
244 255
245 317
245 248
245 303
246 420
246 356
247 344
248 457
248 324
248 249
249 361
250 375
250 284
252 384
252 419
253 256
253 460
254 263
257 282
259 400
259 338
260 316
264 425
264 492
268 380
269 471
270 424
272 468
272 378
276 401
277 457
280 344
281 334
282 302
283 436
285 316
286 300
286 303
287 366
288 443
288 370
289 446
290 469
292 412
294 297
294 479
297 434
297 474
298 305
298 322
299 451
300 306
307 379
311 384
311 452
312 458
315 376
316 404
317 393
317 333
318 409
321 454
322 335
323 355
324 419
324 422
324 458
325 360
328 443
330 415
331 400
332 378
337 383
340 416
340 446
346 384
346 499
347 468
347 449
347 376
347 392
348 440
353 402
353 395
359 365
363 384
369 482
369 469
371 408
371 442
374 393
374 438
380 476
380 397
382 490
383 441
385 394
387 410
387 438
389 392
410 478
410 459
410 499
426 492
427 457
429 445
432 479
445 489
459 486
