0 1
0 2
0 3
0 4
0 5
0 6
0 7
0 8
0 9
0 10
0 11
0 12
0 13
0 14
0 15
0 16
0 17
0 18
0 19
0 20
0 21
0 22
0 23
0 24
0 25
0 26
0 27
0 28
0 29
0 30
0 31
0 32
0 33
0 34
0 35
0 36
0 37
0 38
0 39
0 40
0 41
0 42
0 43
0 44
0 45
0 46
0 47
0 48
0 49
0 50
0 51
0 52
0 53
0 54
0 55
0 56
0 57
0 58
0 59
0 60
0 61
0 62
0 63
0 64
0 65
0 66
0 67
0 68
0 69
0 70
0 71
0 72
0 73
0 74
0 75
0 76
0 77
0 78
0 79
0 80
0 81
0 82
0 83
0 84
0 85
0 86
0 87
0 88
0 89
0 90
0 91
0 92
0 93
0 94
0 95
0 96
0 97
0 98
0 99
0 100
0 101
0 102
0 103
0 104
0 105
0 106
0 107
0 108
0 109
0 110
0 111
0 112
0 113
0 114
0 115
0 116
0 117
0 118
0 120
0 121
0 122
0 123
0 124
0 125
0 126
0 130
0 131
0 132
0 133
0 135
0 136
0 137
0 138
0 139
0 140
0 141
0 142
0 143
0 146
0 147
0 148
0 149
0 152
0 154
0 155
0 157
0 158
0 160
0 161
0 163
0 164
0 165
0 166
0 168
0 169
0 170
0 172
0 173
0 174
0 175
0 176
0 177
0 179
0 180
0 182
0 183
0 184
0 185
0 186
0 189
0 190
0 192
0 193
0 196
0 199
0 200
0 204
0 205
0 206
0 209
0 212
0 216
0 217
0 218
0 219
0 221
0 222
0 223
0 224
0 225
0 229
0 230
0 231
0 232
0 233
0 235
0 240
0 241
0 243
0 244
0 245
0 247
0 248
0 251
0 252
0 253
0 255
0 257
0 260
0 261
0 262
0 267
0 268
0 269
0 270
0 272
0 273
0 274
0 275
0 280
0 282
0 285
0 288
0 289
0 291
0 300
0 302
0 303
0 305
0 306
0 307
0 308
0 311
0 313
0 314
0 317
0 319
0 322
0 323
0 324
0 327
0 334
0 335
0 336
0 341
0 346
0 350
0 354
0 356
0 357
0 359
0 360
0 362
0 367
0 371
0 374
0 375
0 376
0 377
0 379
0 381
0 383
0 387
0 391
0 392
0 393
0 396
0 397
0 398
0 400
0 401
0 402
0 403
0 404
0 408
0 410
0 411
0 412
0 417
0 419
0 421
0 423
0 428
0 430
0 433
0 436
0 437
0 438
0 442
0 443
0 445
0 448
0 449
0 450
0 452
0 455
0 457
0 458
0 462
0 463
0 468
0 470
0 471
0 472
0 473
0 478
0 479
0 481
0 482
0 483
0 486
0 487
0 488
0 496
0 499
1 2
1 3
1 4
1 5
1 6
1 7
1 8
1 9
1 10
1 11
1 12
1 13
1 14
1 15
1 16
1 17
1 18
1 19
1 20
1 21
1 22
1 23
1 24
1 25
1 26
1 27
1 28
1 29
1 30
1 31
1 32
1 33
1 34
1 35
1 36
1 37
1 38
1 39
1 40
1 41
1 42
1 43
1 44
1 45
1 46
1 47
1 48
1 50
1 51
1 52
1 53
1 54
1 55
1 56
1 57
1 58
1 59
1 60
1 61
1 62
1 64
1 65
1 66
1 67
1 68
1 69
1 70
1 71
1 72
1 75
1 78
1 79
1 80
1 81
1 82
1 84
1 85
1 89
1 90
1 93
1 94
1 95
1 96
1 98
1 102
1 105
1 107
1 108
1 109
1 110
1 111
1 112
1 113
1 114
1 116
1 118
1 125
1 127
1 132
1 136
1 137
1 138
1 142
1 145
1 146
1 147
1 154
1 156
1 160
1 163
1 174
1 175
1 179
1 180
1 181
1 182
1 183
1 186
1 191
1 196
1 197
1 201
1 207
1 213
1 214
1 218
1 219
1 222
1 226
1 227
1 236
1 244
1 245
1 246
1 248
1 249
1 253
1 254
1 260
1 261
1 263
1 264
1 269
1 270
1 271
1 274
1 276
1 280
1 284
1 285
1 286
1 287
1 295
1 299
1 300
1 301
1 302
1 303
1 306
1 310
1 311
1 319
1 320
1 323
1 324
1 328
1 331
1 332
1 337
1 339
1 343
1 344
1 350
1 356
1 360
1 361
1 362
1 381
1 388
1 392
1 393
1 395
1 400
1 412
1 413
1 419
1 422
1 423
1 426
1 431
1 438
1 444
1 447
1 453
1 458
1 460
1 464
1 466
1 467
1 489
1 493
1 494
2 3
2 4
2 5
2 6
2 7
2 8
2 9
2 10
2 11
2 12
2 13
2 14
2 15
2 16
2 17
2 18
2 19
2 20
2 21
2 22
2 23
2 24
2 25
2 26
2 27
2 28
2 29
2 30
2 31
2 32
2 34
2 35
2 36
2 37
2 39
2 40
2 42
2 43
2 44
2 45
2 46
2 47
2 48
2 50
2 52
2 54
2 55
2 57
2 59
2 60
2 61
2 62
2 63
2 65
2 69
2 70
2 75
2 76
2 77
2 78
2 79
2 80
2 81
2 84
2 85
2 87
2 88
2 90
2 92
2 93
2 96
2 97
2 100
2 101
2 102
2 103
2 105
2 107
2 110
2 111
2 113
2 114
2 118
2 119
2 120
2 121
2 123
2 126
2 128
2 131
2 132
2 133
2 137
2 139
2 145
2 152
2 154
2 161
2 166
2 169
2 171
2 172
2 175
2 177
2 179
2 183
2 184
2 185
2 187
2 188
2 189
2 193
2 196
2 197
2 199
2 200
2 201
2 206
2 212
2 214
2 217
2 219
2 220
2 221
2 225
2 226
2 227
2 228
2 233
2 239
2 244
2 245
2 248
2 253
2 256
2 257
2 260
2 262
2 263
2 264
2 265
2 269
2 272
2 277
2 281
2 290
2 292
2 299
2 301
2 303
2 306
2 308
2 312
2 318
2 319
2 322
2 323
2 328
2 329
2 330
2 331
2 332
2 333
2 336
2 341
2 342
2 352
2 353
2 366
2 371
2 373
2 379
2 384
2 385
2 397
2 398
2 412
2 416
2 418
2 422
2 426
2 428
2 432
2 438
2 439
2 451
2 458
2 465
2 475
2 478
2 482
2 494
2 496
2 499
3 259
3 4
3 5
3 6
3 7
3 8
3 9
3 10
3 11
3 12
3 13
3 14
3 15
3 16
3 17
3 18
3 19
3 20
3 21
3 22
3 23
3 280
3 26
3 27
3 28
3 474
3 30
3 31
3 33
3 34
3 35
3 36
3 37
3 38
3 39
3 297
3 42
3 45
3 46
3 47
3 48
3 52
3 309
3 54
3 55
3 57
3 58
3 59
3 60
3 61
3 63
3 64
3 67
3 68
3 69
3 70
3 71
3 72
3 311
3 418
3 333
3 78
3 79
3 336
3 81
3 83
3 85
3 86
3 87
3 89
3 90
3 347
3 314
3 95
3 97
3 354
3 99
3 100
3 357
3 102
3 359
3 104
3 105
3 106
3 108
3 109
3 366
3 111
3 360
3 114
3 302
3 116
3 118
3 375
3 378
3 380
3 479
3 385
3 130
3 131
3 386
3 393
3 467
3 279
3 396
3 398
3 303
3 146
3 149
3 401
3 410
3 412
3 160
3 417
3 162
3 419
3 420
3 425
3 426
3 432
3 177
3 371
3 180
3 342
3 183
3 184
3 187
3 458
3 191
3 193
3 262
3 331
3 308
3 197
3 454
3 200
3 202
3 205
3 462
3 210
3 211
3 212
3 213
3 215
3 216
3 217
3 218
3 475
3 223
3 224
3 226
3 227
3 484
3 229
3 486
3 231
3 236
3 237
3 495
3 440
3 243
3 244
3 468
3 298
3 253
4 260
4 5
4 6
4 7
4 8
4 9
4 10
4 11
4 12
4 13
4 14
4 15
4 16
4 17
4 18
4 19
4 20
4 21
4 22
4 23
4 24
4 25
4 26
4 27
4 28
4 29
4 30
4 261
4 32
4 35
4 36
4 37
4 39
4 40
4 41
4 487
4 43
4 44
4 46
4 303
4 48
4 49
4 50
4 51
4 52
4 53
4 55
4 57
4 58
4 59
4 62
4 63
4 64
4 480
4 66
4 68
4 309
4 73
4 330
4 75
4 76
4 77
4 78
4 79
4 440
4 82
4 497
4 85
4 86
4 88
4 92
4 93
4 97
4 98
4 259
4 362
4 107
4 109
4 389
4 287
4 275
4 116
4 125
4 127
4 129
4 132
4 133
4 311
4 392
4 137
4 143
4 144
4 494
4 150
4 324
4 156
4 325
4 164
4 167
4 168
4 176
4 433
4 435
4 437
4 182
4 184
4 187
4 458
4 191
4 192
4 194
4 308
4 453
4 390
4 455
4 200
4 332
4 202
4 211
4 212
4 213
4 214
4 471
4 292
4 219
4 479
4 263
4 226
4 483
4 229
4 307
4 232
4 238
4 385
4 467
4 247
4 251
4 252
4 253
5 6
5 7
5 8
5 9
5 10
5 11
5 12
5 13
5 14
5 15
5 16
5 17
5 18
5 19
5 20
5 21
5 22
5 23
5 24
5 25
5 26
5 27
5 28
5 29
5 30
5 31
5 32
5 34
5 36
5 37
5 38
5 39
5 43
5 45
5 47
5 48
5 49
5 51
5 54
5 265
5 56
5 57
5 58
5 316
5 62
5 64
5 352
5 322
5 69
5 70
5 71
5 73
5 74
5 311
5 76
5 333
5 78
5 80
5 83
5 345
5 301
5 89
5 347
5 93
5 94
5 96
5 97
5 98
5 99
5 102
5 401
5 364
5 353
5 112
5 369
5 119
5 123
5 125
5 299
5 384
5 132
5 133
5 134
5 135
5 393
5 388
5 140
5 141
5 142
5 399
5 144
5 145
5 402
5 148
5 149
5 150
5 151
5 157
5 159
5 160
5 163
5 423
5 272
5 284
5 170
5 171
5 175
5 286
5 329
5 184
5 447
5 449
5 196
5 204
5 290
5 206
5 461
5 467
5 469
5 471
5 217
5 280
5 481
5 483
5 228
5 431
5 327
5 238
5 240
5 243
5 349
6 262
6 7
6 8
6 9
6 10
6 11
6 12
6 13
6 14
6 16
6 17
6 19
6 21
6 22
6 23
6 24
6 25
6 27
6 28
6 29
6 30
6 261
6 33
6 34
6 35
6 293
6 38
6 42
6 43
6 44
6 45
6 302
6 264
6 51
6 53
6 55
6 312
6 57
6 58
6 351
6 63
6 64
6 321
6 68
6 73
6 74
6 75
6 332
6 81
6 82
6 339
6 85
6 91
6 94
6 95
6 96
6 97
6 472
6 101
6 358
6 103
6 259
6 107
6 108
6 109
6 112
6 118
6 119
6 374
6 124
6 490
6 130
6 133
6 134
6 391
6 137
6 141
6 144
6 280
6 147
6 352
6 324
6 155
6 413
6 158
6 260
6 284
6 171
6 173
6 483
6 359
6 180
6 189
6 447
6 194
6 452
6 197
6 457
6 202
6 463
6 210
6 212
6 216
6 218
6 257
6 222
6 481
6 482
6 227
6 294
6 487
6 234
6 499
6 254
7 263
7 8
7 9
7 266
7 13
7 14
7 15
7 20
7 277
7 22
7 25
7 27
7 31
7 33
7 34
7 35
7 36
7 295
7 41
7 42
7 45
7 50
7 307
7 308
7 53
7 54
7 55
7 58
7 60
7 62
7 63
7 64
7 66
7 70
7 71
7 258
7 333
7 141
7 80
7 82
7 83
7 270
7 86
7 343
7 89
7 271
7 92
7 349
7 94
7 354
7 256
7 358
7 106
7 366
7 371
7 116
7 373
7 379
7 381
7 128
7 132
7 278
7 134
7 136
7 322
7 145
7 402
7 404
7 150
7 152
7 156
7 158
7 161
7 164
7 167
7 168
7 426
7 174
7 432
7 178
7 180
7 441
7 186
7 447
7 196
7 205
7 206
7 464
7 212
7 482
7 471
7 217
7 474
7 478
7 226
7 39
7 493
7 434
7 242
7 297
7 341
8 9
8 10
8 11
8 12
8 13
8 14
8 15
8 16
8 17
8 18
8 19
8 21
8 278
8 23
8 25
8 28
8 29
8 30
8 31
8 32
8 33
8 34
8 35
8 37
8 38
8 39
8 296
8 41
8 44
8 45
8 303
8 51
8 309
8 54
8 300
8 59
8 61
8 62
8 437
8 65
8 67
8 69
8 256
8 74
8 75
8 79
8 81
8 355
8 270
8 344
8 95
8 97
8 98
8 99
8 102
8 103
8 106
8 108
8 110
8 113
8 258
8 118
8 378
8 123
8 124
8 126
8 405
8 128
8 448
8 260
8 135
8 395
8 141
8 398
8 145
8 149
8 153
8 156
8 325
8 416
8 454
8 170
8 327
8 321
8 176
8 177
8 178
8 286
8 457
8 186
8 187
8 475
8 192
8 449
8 194
8 451
8 197
8 198
8 199
8 201
8 291
8 211
8 471
8 218
8 219
8 379
8 487
8 490
8 495
9 265
9 10
9 12
9 13
9 14
9 15
9 16
9 17
9 18
9 20
9 21
9 22
9 24
9 288
9 289
9 34
9 35
9 37
9 38
9 39
9 40
9 42
9 44
9 45
9 48
9 264
9 50
9 309
9 55
9 56
9 57
9 59
9 60
9 62
9 321
9 66
9 68
9 70
9 72
9 258
9 77
9 80
9 312
9 343
9 94
9 95
9 272
9 99
9 361
9 109
9 383
9 128
9 385
9 387
9 133
9 134
9 146
9 149
9 409
9 153
9 159
9 161
9 278
9 164
9 166
9 171
9 179
9 180
9 182
9 439
9 184
9 185
9 442
9 187
9 190
9 192
9 194
9 198
9 202
9 460
9 462
9 464
9 420
9 220
9 221
9 222
9 224
9 225
9 233
9 498
9 244
10 11
10 12
10 13
10 14
10 15
10 16
10 17
10 18
10 19
10 22
10 24
10 282
10 27
10 284
10 32
10 37
10 38
10 41
10 43
10 44
10 45
10 48
10 52
10 55
10 58
10 62
10 63
10 66
10 71
10 73
10 78
10 80
10 83
10 86
10 88
10 90
10 352
10 98
10 102
10 104
10 105
10 369
10 318
10 118
10 120
10 121
10 124
10 129
10 131
10 278
10 134
10 391
10 395
10 147
10 148
10 149
10 150
10 411
10 412
10 413
10 158
10 160
10 406
10 428
10 430
10 435
10 193
10 456
10 205
10 206
10 464
10 209
10 472
10 219
10 230
10 232
10 238
10 244
10 254
11 12
11 13
11 14
11 16
11 17
11 18
11 19
11 20
11 21
11 22
11 24
11 27
11 29
11 30
11 31
11 32
11 33
11 41
11 43
11 302
11 48
11 307
11 308
11 56
11 59
11 61
11 318
11 64
11 65
11 66
11 69
11 329
11 74
11 334
11 338
11 84
11 89
11 349
11 94
11 98
11 99
11 273
11 259
11 105
11 362
11 274
11 113
11 115
11 285
11 117
11 120
11 123
11 125
11 278
11 390
11 492
11 142
11 451
11 148
11 149
11 156
11 133
11 161
11 420
11 412
11 428
11 175
11 433
11 178
11 181
11 73
11 190
11 193
11 195
11 455
11 457
11 203
11 204
11 464
11 416
11 470
11 475
11 229
11 236
11 82
11 495
11 499
11 244
11 246
11 425
12 263
12 13
12 15
12 16
12 17
12 21
12 22
12 25
12 28
12 31
12 32
12 35
12 37
12 38
12 41
12 300
12 46
12 48
12 50
12 51
12 265
12 56
12 57
12 60
12 266
12 62
12 480
12 67
12 70
12 75
12 77
12 88
12 92
12 358
12 104
12 362
12 363
12 111
12 116
12 376
12 404
12 122
12 381
12 126
12 127
12 384
12 130
12 131
12 392
12 148
12 405
12 420
12 165
12 284
12 428
12 432
12 178
12 179
12 436
12 192
12 288
12 195
12 452
12 457
12 459
12 205
12 474
12 220
12 224
12 225
12 226
12 227
12 125
12 169
12 254
13 14
13 15
13 17
13 18
13 20
13 21
13 22
13 24
13 281
13 28
13 30
13 287
13 32
13 33
13 35
13 36
13 37
13 41
13 43
13 44
13 47
13 49
13 54
13 55
13 312
13 57
13 59
13 66
13 67
13 68
13 332
13 77
13 336
13 338
13 88
13 429
13 91
13 93
13 359
13 109
13 370
13 119
13 382
13 128
13 385
13 386
13 134
13 136
13 394
13 139
13 399
13 401
13 151
13 324
13 410
13 155
13 420
13 168
13 170
13 114
13 176
13 181
13 188
13 193
13 407
13 205
13 209
13 466
13 218
13 476
13 225
13 228
13 230
13 489
13 235
13 126
13 249
13 250
13 252
14 256
14 143
14 16
14 280
14 18
14 19
14 23
14 24
14 409
14 154
14 30
14 389
14 289
14 163
14 36
14 37
14 369
14 168
14 453
14 135
14 428
14 48
14 180
14 183
14 56
14 57
14 58
14 394
14 321
14 139
14 197
14 198
14 481
14 456
14 73
14 74
14 331
14 204
14 440
14 378
14 83
14 213
14 86
14 377
14 88
14 89
14 92
14 93
14 165
14 224
14 323
14 98
14 131
14 358
14 360
14 106
14 363
14 236
14 109
14 240
14 296
14 472
14 267
14 245
14 246
14 376
14 121
14 217
14 123
14 382
14 127
15 134
15 144
15 17
15 384
15 131
15 300
15 21
15 24
15 25
15 393
15 33
15 34
15 35
15 166
15 40
15 43
15 172
15 483
15 347
15 306
15 179
15 52
15 309
15 265
15 184
15 57
15 58
15 95
15 317
15 475
15 64
15 197
15 70
15 161
15 439
15 76
15 78
15 211
15 485
15 89
15 152
15 314
15 220
15 93
15 94
15 130
15 224
15 277
15 187
15 100
15 229
15 102
15 103
15 171
15 359
15 493
15 111
15 116
15 120
15 121
15 255
15 149
16 173
16 146
16 147
16 350
16 238
16 24
16 153
16 27
16 28
16 29
16 312
16 289
16 290
16 155
16 308
16 168
16 301
16 43
16 172
16 45
16 46
16 47
16 180
16 309
16 310
16 55
16 132
16 57
16 59
16 138
16 190
16 63
16 194
16 67
16 196
16 69
16 455
16 73
16 75
16 204
16 334
16 331
16 81
16 82
16 339
16 84
16 213
16 214
16 185
16 472
16 90
16 395
16 222
16 226
16 230
16 360
16 234
16 110
16 61
16 496
16 246
16 239
16 469
17 256
17 450
17 482
17 323
17 23
17 24
17 26
17 303
17 28
17 282
17 51
17 33
17 35
17 37
17 38
17 39
17 296
17 348
17 42
17 44
17 429
17 47
17 48
17 434
17 128
17 201
17 58
17 428
17 64
17 65
17 322
17 195
17 70
17 140
17 458
17 204
17 224
17 334
17 80
17 209
17 82
17 85
17 86
17 343
17 92
17 186
17 478
17 198
17 96
17 336
17 226
17 423
17 108
17 210
17 494
17 115
17 244
17 349
17 120
17 121
17 379
17 382
18 134
18 396
18 143
18 216
18 146
18 20
18 21
18 22
18 153
18 26
18 284
18 410
18 30
18 289
18 34
18 347
18 293
18 39
18 169
18 42
18 43
18 172
18 45
18 174
18 128
18 54
18 439
18 56
18 186
18 59
18 451
18 324
18 197
18 70
18 199
18 73
18 75
18 418
18 173
18 210
18 83
18 220
18 398
18 86
18 87
18 88
18 91
18 92
18 225
18 100
18 101
18 465
18 340
18 106
18 107
18 236
18 338
18 110
18 495
18 115
18 256
18 118
18 148
18 378
18 362
18 126
18 127
19 135
19 130
19 45
19 24
19 26
19 411
19 284
19 29
19 286
19 51
19 35
19 423
19 424
19 173
19 46
19 49
19 128
19 310
19 56
19 138
19 215
19 65
19 194
19 68
19 76
19 78
19 79
19 440
19 87
19 217
19 347
19 477
19 96
19 482
19 230
19 381
19 244
19 117
19 374
19 124
19 125
19 383
20 469
20 45
20 147
20 277
20 235
20 25
20 491
20 29
20 30
20 389
20 289
20 36
20 166
20 39
20 297
20 480
20 427
20 173
20 46
20 175
20 48
20 49
20 435
20 438
20 137
20 440
20 318
20 191
20 64
20 449
20 75
20 471
20 73
20 74
20 203
20 460
20 269
20 80
20 82
20 211
20 85
20 343
20 216
20 219
20 349
20 96
20 379
20 294
20 195
20 233
20 107
20 241
20 116
20 122
20 255
20 183
20 213
21 135
21 388
21 398
21 147
21 174
21 23
21 24
21 25
21 29
21 286
21 34
21 291
21 134
21 169
21 171
21 46
21 177
21 50
21 55
21 57
21 347
21 194
21 67
21 70
21 204
21 439
21 76
21 418
21 466
21 227
21 84
21 341
21 143
21 476
21 221
21 94
21 390
21 482
21 99
21 100
21 104
21 105
21 237
21 110
21 360
21 242
21 297
21 379
22 398
22 344
22 23
22 24
22 25
22 29
22 31
22 32
22 290
22 36
22 165
22 308
22 389
22 426
22 46
22 431
22 48
22 49
22 50
22 51
22 52
22 54
22 183
22 56
22 185
22 58
22 59
22 444
22 189
22 134
22 139
22 407
22 438
22 198
22 336
22 440
22 210
22 211
22 86
22 88
22 420
22 218
22 347
22 293
22 354
22 230
22 359
22 488
22 105
22 107
22 318
22 248
22 249
22 132
22 383
23 137
23 128
23 139
23 386
23 301
23 144
23 145
23 280
23 292
23 423
23 39
23 348
23 299
23 45
23 49
23 308
23 53
23 54
23 59
23 316
23 64
23 66
23 67
23 68
23 310
23 70
23 256
23 328
23 74
23 333
23 397
23 210
23 342
23 343
23 267
23 474
23 475
23 220
23 478
23 229
23 226
23 443
23 101
23 230
23 361
23 103
23 109
23 110
23 495
23 243
23 373
23 381
23 455
24 135
24 276
24 281
24 26
24 156
24 157
24 32
24 34
24 419
24 292
24 167
24 28
24 170
24 285
24 53
24 55
24 56
24 65
24 66
24 395
24 68
24 199
24 74
24 75
24 290
24 386
24 463
24 440
24 340
24 471
24 92
24 222
24 485
24 98
24 484
24 357
24 230
24 423
24 494
24 113
24 117
24 246
24 297
24 354
24 404
24 253
25 142
25 147
25 282
25 412
25 158
25 287
25 420
25 262
25 167
25 424
25 169
25 173
25 54
25 186
25 64
25 70
25 353
25 457
25 459
25 461
25 209
25 211
25 399
25 270
25 342
25 215
25 217
25 91
25 479
25 225
25 227
25 228
25 103
25 363
25 236
25 496
25 148
25 124
25 213
26 134
26 391
26 392
26 396
26 130
26 150
26 279
26 27
26 284
26 427
26 30
26 415
26 33
26 36
26 37
26 167
26 412
26 170
26 171
26 177
26 183
26 57
26 58
26 189
26 194
26 454
26 332
26 459
26 204
26 207
26 209
26 338
26 339
26 84
26 382
26 43
26 90
26 476
26 478
26 421
26 97
26 482
26 228
26 101
26 360
26 107
26 111
26 275
26 116
26 131
26 246
26 376
26 377
26 124
26 125
26 126
27 136
27 435
27 398
27 146
27 131
27 277
27 409
27 28
27 29
27 31
27 160
27 33
27 70
27 39
27 169
27 43
27 428
27 221
27 385
27 51
27 308
27 54
27 189
27 448
27 65
27 262
27 198
27 289
27 72
27 330
27 85
27 284
27 472
27 347
27 476
27 93
27 95
27 96
27 97
27 427
27 229
27 455
27 384
27 144
27 235
27 110
27 116
27 297
27 255
27 125
27 382
27 127
28 128
28 132
28 29
28 159
28 33
28 418
28 475
28 261
28 37
28 295
28 470
28 41
28 298
28 431
28 136
28 435
28 478
28 201
28 58
28 443
28 321
28 67
28 71
28 72
28 73
28 55
28 462
28 141
28 85
28 86
28 472
28 89
28 463
28 94
28 223
28 293
28 484
28 101
28 361
28 106
28 423
28 239
28 117
28 297
28 376
28 121
28 250
28 126
28 127
29 131
29 266
29 407
29 154
29 158
29 51
29 475
29 41
29 177
29 50
29 307
29 53
29 56
29 443
29 317
29 190
29 373
29 139
29 325
29 455
29 329
29 440
29 82
29 341
29 344
29 91
29 378
29 98
29 357
29 235
29 366
29 414
29 117
29 297
29 120
29 136
29 379
29 124
30 137
30 138
30 144
30 259
30 149
30 478
30 388
30 413
30 158
30 31
30 304
30 34
30 35
30 36
30 37
30 167
30 41
30 42
30 48
30 392
30 53
30 58
30 59
30 60
30 62
30 447
30 262
30 325
30 256
30 72
30 162
30 79
30 208
30 84
30 142
30 94
30 223
30 482
30 99
30 100
30 102
30 491
30 110
30 240
30 190
30 255
31 398
31 147
31 154
31 157
31 261
31 432
31 162
31 411
31 293
31 451
31 40
31 172
31 45
31 47
31 385
31 50
31 179
31 52
31 111
31 185
31 479
31 444
31 62
31 65
31 450
31 267
31 197
31 71
31 202
31 206
31 94
31 101
31 228
31 229
31 380
31 238
31 239
31 113
31 248
31 121
31 123
31 124
31 255
32 400
32 146
32 388
32 461
32 411
32 133
32 37
32 39
32 425
32 171
32 44
32 173
32 46
32 48
32 177
32 180
32 183
32 415
32 394
32 70
32 71
32 72
32 201
32 332
32 205
32 206
32 397
32 80
32 472
32 91
32 93
32 95
32 96
32 354
32 484
32 455
32 362
32 167
32 402
32 366
32 495
32 120
33 398
33 146
33 408
33 34
33 163
33 422
33 423
33 41
33 402
33 48
33 50
33 53
33 87
33 68
33 69
33 455
33 73
33 458
33 290
33 78
33 35
33 471
33 88
33 223
33 96
33 482
33 227
33 488
33 295
33 108
33 109
33 339
34 132
34 266
34 386
34 144
34 276
34 156
34 157
34 35
34 36
34 39
34 425
34 42
34 391
34 172
34 173
34 432
34 52
34 350
34 182
34 55
34 186
34 62
34 65
34 323
34 54
34 204
34 81
34 82
34 215
34 216
34 89
34 271
34 442
34 222
34 489
34 110
35 395
35 142
35 239
35 163
35 39
35 263
35 45
35 302
35 53
35 137
35 442
35 429
35 319
35 96
35 66
35 67
35 196
35 337
35 456
35 439
35 81
35 291
35 270
35 342
35 217
35 95
35 224
35 323
35 98
35 145
35 106
35 359
35 111
35 496
35 247
35 120
35 379
35 362
36 140
36 274
36 164
36 37
36 129
36 47
36 433
36 50
36 435
36 58
36 59
36 60
36 61
36 192
36 451
36 456
36 268
36 75
36 80
36 471
36 88
36 218
36 93
36 480
36 102
36 103
36 106
36 402
36 494
36 369
36 119
37 260
37 392
37 274
37 387
37 405
37 132
37 154
37 161
37 326
37 43
37 338
37 175
37 328
37 61
37 70
37 72
37 332
37 76
37 77
37 79
37 80
37 82
37 212
37 142
37 86
37 215
37 473
37 91
37 221
37 351
37 492
37 146
37 373
37 375
37 120
37 460
37 125
37 213
38 450
38 139
38 141
38 269
38 156
38 84
38 149
38 316
38 88
38 299
38 346
38 493
38 92
38 93
38 478
38 99
38 101
38 102
38 103
38 64
38 42
38 43
38 377
38 349
38 50
38 51
38 439
38 276
38 58
38 362
38 252
38 273
38 213
39 390
39 270
39 109
39 277
39 278
39 260
39 474
39 286
39 159
39 168
39 297
39 299
39 48
39 49
39 182
39 183
39 283
39 59
39 60
39 54
39 72
39 457
39 418
39 333
39 79
39 83
39 213
39 88
39 90
39 463
39 348
39 477
39 274
39 366
39 115
39 119
39 120
39 124
40 195
40 261
40 129
40 435
40 418
40 144
40 378
40 381
40 252
40 216
40 90
40 91
40 346
40 186
40 159
40 224
40 289
40 98
40 485
40 393
40 105
40 480
40 425
40 44
40 237
40 111
40 240
40 172
40 308
40 53
40 137
40 468
40 58
40 188
40 125
40 127
41 388
41 151
41 153
41 415
41 167
41 48
41 427
41 257
41 45
41 304
41 136
41 179
41 52
41 414
41 312
41 185
41 61
41 62
41 195
41 196
41 198
41 397
41 82
41 85
41 57
41 90
41 221
41 222
41 352
41 227
41 110
41 116
41 245
41 375
41 124
42 471
42 275
42 430
42 152
42 411
42 284
42 288
42 170
42 44
42 46
42 306
42 180
42 55
42 56
42 52
42 58
42 428
42 61
42 441
42 200
42 76
42 208
42 82
42 84
42 57
42 90
42 93
42 224
42 225
42 228
42 485
42 401
42 380
42 106
42 366
42 111
42 496
42 119
42 124
42 426
42 255
43 290
43 198
43 300
43 173
43 47
43 436
43 438
43 55
43 186
43 61
43 395
43 310
43 326
43 331
43 79
43 464
43 85
43 87
43 474
43 165
43 100
43 101
43 102
43 361
43 106
43 107
43 239
43 183
43 213
44 387
44 193
44 192
44 386
44 146
44 68
44 90
44 413
44 94
44 360
44 292
44 358
44 174
44 189
44 385
44 200
44 371
44 52
44 53
44 138
44 201
44 372
44 396
44 61
44 264
44 117
45 132
45 268
45 386
45 256
45 271
45 158
45 160
45 70
45 302
45 136
45 181
45 54
45 137
45 193
45 322
45 459
45 326
45 331
45 80
45 81
45 163
45 86
45 87
45 472
45 473
45 93
45 351
45 225
45 357
45 359
45 104
45 363
45 146
45 497
45 464
45 381
46 133
46 134
46 64
46 74
46 267
46 76
46 461
46 164
46 83
46 88
46 132
46 157
46 414
46 144
46 98
46 355
46 131
46 166
46 104
46 356
46 111
46 336
46 368
46 204
46 312
46 212
46 250
46 371
47 243
47 456
47 74
47 371
47 396
47 206
47 211
47 431
47 375
47 155
47 480
47 99
47 488
47 105
47 298
47 387
47 239
47 240
47 49
47 362
47 115
47 311
47 442
47 380
47 125
47 127
48 264
48 499
48 131
48 260
48 156
48 164
48 173
48 306
48 435
48 54
48 59
48 61
48 330
48 467
48 80
48 81
48 211
48 471
48 95
48 224
48 50
48 357
48 401
48 232
48 491
48 387
48 238
48 111
48 147
48 244
48 379
49 65
49 134
49 327
49 72
49 74
49 140
49 397
49 376
49 175
49 156
49 222
49 287
49 96
49 354
49 419
49 399
49 296
49 169
49 236
49 304
49 433
49 114
49 499
49 478
49 246
49 312
49 340
49 61
49 62
49 127
50 134
50 136
50 397
50 282
50 326
50 296
50 391
50 264
50 393
50 314
50 59
50 492
50 64
50 65
50 67
50 196
50 453
50 70
50 78
50 208
50 338
50 472
50 345
50 92
50 102
50 230
50 103
50 359
50 236
50 367
50 369
50 252
51 129
51 393
51 203
51 80
51 82
51 85
51 88
51 388
51 474
51 286
51 453
51 98
51 420
51 359
51 104
51 277
51 237
51 264
51 370
51 181
51 310
51 55
51 460
51 445
51 245
52 393
52 260
52 156
52 157
52 497
52 176
52 305
52 178
52 53
52 55
52 57
52 58
52 317
52 67
52 68
52 197
52 71
52 201
52 80
52 465
52 211
52 90
52 399
52 92
52 223
52 358
52 360
52 234
52 366
52 369
52 498
52 243
52 106
53 258
53 131
53 300
53 266
53 407
53 140
53 429
53 408
53 171
53 306
53 157
53 178
53 138
53 317
53 62
53 69
53 72
53 329
53 74
53 75
53 204
53 205
53 82
53 227
53 85
53 221
53 94
53 99
53 210
53 111
53 124
53 126
54 357
54 203
54 237
54 211
54 487
54 152
54 282
54 165
54 163
54 391
54 101
54 298
54 167
54 239
54 369
54 181
54 120
54 355
54 186
54 60
54 62
54 383
55 401
55 269
55 388
55 303
55 168
55 391
55 431
55 179
55 440
55 58
55 61
55 447
55 320
55 198
55 71
55 460
55 79
55 56
55 94
55 97
55 231
55 236
55 424
55 123
55 426
56 194
56 211
56 481
56 258
56 301
56 146
56 270
56 152
56 154
56 493
56 96
56 97
56 102
56 488
56 105
56 364
56 179
56 124
56 499
56 318
56 191
57 384
57 279
57 153
57 157
57 292
57 431
57 318
57 322
57 198
57 327
57 72
57 77
57 339
57 142
57 249
57 420
57 143
57 477
57 481
57 354
57 229
57 102
57 365
57 370
57 243
57 116
57 247
57 120
57 121
57 281
57 469
58 136
58 272
58 384
58 388
58 282
58 417
58 418
58 369
58 129
58 302
58 349
58 177
58 307
58 362
58 232
58 193
58 199
58 456
58 470
58 209
58 83
58 86
58 143
58 93
58 351
58 400
58 231
58 104
58 106
58 241
58 114
58 377
58 378
58 125
59 257
59 130
59 153
59 421
59 428
59 136
59 180
59 439
59 184
59 308
59 444
59 330
59 395
59 74
59 76
59 78
59 81
59 210
59 99
59 84
59 216
59 484
59 225
59 355
59 100
59 104
59 109
59 110
59 241
59 243
59 383
60 246
60 70
60 66
60 207
60 339
60 472
60 463
60 348
60 421
60 96
60 165
60 306
60 184
60 322
60 62
61 260
61 135
61 256
61 146
61 405
61 151
61 158
61 287
61 298
61 263
61 430
61 415
61 317
61 62
61 63
61 68
61 70
61 77
61 78
61 336
61 465
61 338
61 340
61 88
61 346
61 464
61 98
61 100
61 234
61 494
61 111
61 240
61 118
62 67
62 341
62 65
62 499
62 209
62 403
62 85
62 214
62 315
62 88
62 132
62 436
62 118
62 123
62 231
62 298
62 128
62 204
62 73
62 278
62 95
62 63
63 391
63 200
63 356
63 140
63 78
63 148
63 132
63 410
63 284
63 99
63 164
63 359
63 425
63 71
63 236
63 177
63 115
63 180
63 254
63 183
63 120
63 404
63 138
64 266
64 397
64 274
64 403
64 413
64 292
64 424
64 179
64 440
64 187
64 70
64 74
64 77
64 208
64 340
64 348
64 478
64 96
64 227
64 166
64 103
64 104
64 112
64 373
64 251
64 120
64 379
64 127
65 330
65 141
65 148
65 85
65 214
65 153
65 186
65 416
65 104
65 170
65 247
65 136
66 343
66 341
66 72
66 76
66 256
66 269
66 280
66 85
66 86
66 367
66 288
66 161
66 166
66 361
66 71
66 353
66 238
66 303
66 136
66 118
66 394
66 313
66 122
66 251
66 138
66 126
66 127
67 454
67 129
67 266
67 331
67 205
67 195
67 344
67 92
67 93
67 287
67 318
67 97
67 295
67 424
67 106
67 108
67 289
67 221
67 309
67 381
67 125
68 142
68 399
68 272
68 150
68 279
68 155
68 413
68 415
68 436
68 287
68 189
68 319
68 322
68 325
68 326
68 330
68 207
68 336
68 213
68 470
68 185
68 221
68 96
68 355
68 131
68 106
68 374
68 251
68 253
68 469
69 260
69 373
69 265
69 194
69 334
69 80
69 154
69 351
69 165
69 166
69 167
69 208
69 109
69 200
69 116
69 300
69 312
69 250
70 75
70 386
70 144
70 323
70 218
70 348
70 478
70 133
70 419
70 283
70 82
70 81
70 71
70 369
70 392
70 140
71 392
71 437
71 75
71 322
71 205
71 399
71 272
71 82
71 84
71 86
71 420
71 346
71 431
71 457
71 228
71 193
71 210
71 302
71 303
71 304
71 242
71 373
71 120
71 377
71 202
72 129
72 139
72 76
72 224
72 79
72 323
72 468
72 382
72 165
72 162
72 229
72 166
72 105
72 487
72 236
72 460
72 322
72 475
72 380
72 317
72 126
72 245
73 129
73 136
73 311
73 211
73 88
73 157
73 261
73 416
73 425
73 103
73 284
73 106
73 274
73 110
73 180
73 297
73 308
73 315
73 127
74 130
74 451
74 393
74 205
74 337
74 86
74 153
74 283
74 92
74 96
74 354
74 217
74 100
74 427
74 496
74 374
74 375
74 122
74 373
75 385
75 132
75 163
75 455
75 431
75 478
75 192
75 448
75 324
75 325
75 333
75 81
75 468
75 87
75 345
75 90
75 92
75 94
75 479
75 480
75 97
75 102
75 209
75 362
75 231
75 146
75 110
75 496
75 248
75 124
76 192
76 198
76 458
76 371
76 79
76 144
76 146
76 216
76 196
76 90
76 143
76 260
76 355
76 228
76 167
76 296
76 364
76 239
76 241
76 443
76 243
76 397
76 252
76 234
76 426
77 245
77 198
77 200
77 459
77 141
77 467
77 279
77 280
77 89
77 157
77 352
77 427
77 111
77 113
77 179
77 181
77 440
77 122
77 123
77 250
77 191
78 257
78 265
78 79
78 401
78 273
78 448
78 445
78 218
78 350
78 133
78 288
78 99
78 163
78 416
78 178
78 361
78 107
78 109
78 366
78 189
78 293
78 275
78 309
78 246
78 183
78 441
78 266
78 124
78 126
79 133
79 135
79 457
79 388
79 183
79 141
79 210
79 448
79 357
79 199
79 132
79 303
79 229
79 263
79 416
79 418
79 227
79 484
79 294
79 257
79 109
79 239
79 243
79 473
79 315
79 458
79 215
80 259
80 260
80 129
80 324
80 267
80 141
80 144
80 211
80 326
80 317
80 363
80 156
80 481
80 163
80 455
80 177
80 239
80 113
80 115
80 309
80 312
80 266
80 254
81 179
81 194
81 142
81 482
81 86
81 407
81 89
81 91
81 286
81 123
81 164
81 298
81 366
81 456
81 178
81 115
81 371
81 315
81 122
81 420
82 387
82 309
82 214
82 154
82 419
82 305
82 104
82 232
82 186
82 298
82 170
82 318
82 181
83 129
83 388
83 197
83 200
83 205
83 85
83 408
83 224
83 246
83 251
83 373
83 294
83 102
83 169
83 295
83 428
83 422
83 245
83 118
83 313
83 95
83 381
83 319
84 391
84 197
84 226
84 367
84 118
84 216
84 381
84 223
85 325
85 137
85 138
85 204
85 143
85 215
85 88
85 196
85 152
85 477
85 475
85 359
85 321
85 115
85 446
85 479
85 468
85 223
85 117
86 390
86 201
86 274
86 407
86 154
86 478
86 95
86 455
86 380
86 234
86 113
86 178
86 316
87 133
87 326
87 463
87 273
87 139
87 222
87 351
87 162
87 165
87 167
87 124
87 426
87 251
87 188
88 235
88 400
88 212
88 90
88 91
88 92
88 154
88 95
88 96
88 230
88 220
88 142
88 231
88 369
88 318
88 184
88 234
89 262
89 336
89 275
89 470
89 407
89 335
89 415
89 234
89 113
89 307
89 151
90 134
90 263
90 456
90 108
90 269
90 259
90 473
90 218
90 475
90 412
90 95
90 304
90 483
90 112
91 198
91 259
91 262
91 203
91 149
91 214
91 343
91 350
91 293
91 422
91 170
91 249
91 447
92 428
92 194
92 335
92 407
92 152
92 159
92 108
92 117
92 376
93 392
93 258
93 378
93 286
93 159
93 290
93 422
93 489
93 239
93 114
93 243
93 372
93 309
93 310
93 379
93 253
94 450
94 452
94 200
94 418
94 398
94 145
94 384
94 352
94 199
94 96
94 393
94 98
94 261
94 209
94 197
94 182
94 188
94 446
94 213
95 268
95 206
95 155
95 221
95 162
95 369
95 314
95 427
95 483
95 211
95 374
95 122
95 123
96 291
96 278
96 120
96 154
96 98
96 188
96 352
96 243
96 182
96 183
96 251
97 311
97 333
97 273
97 210
97 149
97 214
97 267
97 219
97 352
97 481
97 433
97 113
97 114
97 182
97 252
98 193
98 201
98 147
98 276
98 150
98 132
98 474
98 418
98 165
98 103
98 275
98 171
98 200
98 250
98 264
98 255
99 193
99 257
99 464
99 338
99 387
99 206
99 221
99 222
99 481
99 360
99 236
99 319
99 172
99 477
99 381
100 141
100 259
100 171
100 343
100 363
100 357
100 166
100 295
100 234
100 387
100 339
100 317
100 126
101 131
101 328
101 142
101 211
101 149
101 409
101 155
101 355
101 106
101 492
101 109
101 366
101 375
102 205
102 334
102 333
102 215
102 228
102 331
102 219
102 395
102 224
102 425
102 426
102 492
102 494
102 136
102 245
102 311
103 195
103 394
103 450
103 208
103 292
103 348
103 288
103 423
103 380
103 426
103 124
104 197
104 366
104 144
104 337
104 276
104 219
104 220
104 442
104 160
104 448
104 361
104 298
104 244
104 181
104 383
105 326
105 152
105 259
105 214
105 267
105 155
105 312
105 123
105 295
105 492
105 168
105 347
105 187
105 213
106 215
106 151
106 324
106 157
106 479
106 226
106 466
106 174
106 179
106 126
107 129
107 328
107 364
107 205
107 146
107 462
107 260
107 155
107 221
107 225
107 172
107 366
107 239
107 305
108 291
108 166
108 259
108 110
108 179
108 117
108 416
109 267
109 256
109 276
109 213
109 406
109 397
109 412
109 414
109 168
109 299
109 302
109 307
109 313
109 186
109 316
109 317
110 196
110 454
110 141
110 137
110 185
111 129
111 136
111 460
111 202
111 276
111 238
111 153
111 154
111 350
111 172
111 424
111 244
111 118
111 183
111 376
111 250
111 315
112 132
112 169
112 421
112 305
112 283
112 284
112 122
112 328
113 387
113 428
113 386
113 403
113 340
113 163
113 488
113 172
113 237
113 367
113 370
113 115
113 246
113 119
113 191
114 196
114 140
114 130
114 208
114 209
114 149
114 151
114 232
114 427
114 494
114 184
114 125
114 255
115 256
115 195
115 198
115 135
115 140
115 269
115 142
115 487
115 245
115 347
115 414
115 411
115 166
115 233
115 298
115 235
115 243
115 117
115 183
115 376
115 255
116 393
116 142
116 144
116 312
116 259
116 406
116 221
116 159
116 166
116 491
116 287
116 436
116 375
116 248
116 251
116 254
117 458
117 430
117 298
117 397
117 368
117 305
117 498
117 139
117 311
117 313
118 198
118 395
118 213
118 281
118 431
118 350
118 287
118 161
118 419
118 493
118 304
118 370
118 128
118 247
118 381
118 379
118 124
118 149
119 355
119 380
119 471
119 237
119 178
119 343
119 152
119 188
119 479
120 140
120 322
120 471
120 485
120 162
120 428
121 197
121 328
121 428
121 395
121 148
121 469
121 352
121 289
121 233
121 172
121 365
121 302
121 497
121 442
122 384
122 385
122 332
122 145
122 425
122 455
122 429
122 177
122 436
122 312
122 316
122 254
122 319
123 451
123 261
123 469
123 289
123 300
123 245
123 310
123 440
123 126
124 321
124 135
124 140
124 466
124 149
124 218
124 219
124 471
124 364
124 285
124 433
124 495
124 425
124 251
124 189
125 337
125 478
125 357
125 226
125 169
125 177
125 178
125 185
125 168
125 380
126 257
126 469
126 459
126 194
126 142
126 154
126 416
126 206
126 334
126 185
126 149
127 491
127 133
127 267
127 349
127 399
127 206
127 153
127 157
127 325
127 170
127 299
127 452
127 435
127 182
127 183
127 234
128 224
128 227
128 179
128 203
128 338
128 239
128 365
128 280
128 317
129 321
129 132
129 292
129 461
129 207
129 145
129 404
129 171
129 410
129 222
129 225
129 227
129 485
129 369
129 429
129 238
129 168
129 202
130 160
130 469
130 415
130 139
130 146
130 269
130 213
130 316
130 314
130 255
131 459
131 346
131 402
131 403
131 212
131 284
131 285
131 478
131 161
131 292
131 166
131 173
131 441
131 330
132 195
132 138
132 465
132 146
132 147
132 281
132 152
132 260
132 477
132 459
132 161
132 483
132 257
132 478
132 310
132 184
132 187
132 188
133 256
133 145
133 270
133 444
133 341
133 354
133 291
133 295
133 316
133 246
133 393
133 251
133 252
133 253
134 385
134 195
134 196
134 332
134 141
134 279
134 197
134 333
134 240
134 372
134 202
134 378
134 460
134 138
134 405
135 258
135 323
135 459
135 147
135 344
135 154
135 476
135 169
135 363
135 175
135 436
135 425
135 379
135 213
136 267
136 388
136 392
136 203
136 209
136 468
136 377
136 216
136 227
136 490
136 179
136 185
136 444
137 421
137 199
137 353
137 288
137 435
137 148
137 157
137 245
138 411
138 461
138 190
138 400
138 415
139 363
139 246
139 458
139 189
139 177
139 216
139 358
139 476
140 288
140 188
140 204
140 416
140 239
140 374
140 152
140 273
140 154
141 175
141 161
141 170
141 428
141 207
141 365
141 196
142 311
142 241
142 348
142 235
142 315
143 193
143 456
143 465
143 274
143 152
143 347
143 478
143 421
143 160
143 411
143 165
143 231
143 494
143 176
143 308
143 315
144 258
144 450
144 210
144 404
144 355
144 146
144 305
144 190
145 258
145 460
145 194
145 208
145 210
145 473
145 229
145 234
145 327
145 236
145 296
145 238
145 175
145 177
145 449
145 188
145 381
145 190
145 191
146 202
146 301
146 277
146 343
146 153
146 287
146 298
146 495
146 180
146 185
147 269
147 320
147 337
147 281
147 417
147 433
147 427
147 368
147 439
147 187
148 205
148 256
148 271
148 400
148 210
148 149
148 278
148 461
148 294
148 295
148 364
148 495
148 183
149 198
149 482
149 400
149 339
149 215
149 182
149 162
149 355
149 359
149 175
149 240
149 329
149 276
150 259
150 358
150 324
150 297
150 327
150 207
150 487
150 407
150 447
150 252
150 191
151 481
151 417
151 228
151 359
151 170
151 460
151 403
151 468
151 217
152 322
152 376
152 473
152 415
152 481
152 484
152 357
152 303
152 177
152 178
152 372
152 251
152 170
153 160
153 376
153 178
153 199
153 499
153 287
153 416
153 373
153 344
154 200
154 354
154 194
154 333
154 280
154 276
154 345
154 303
154 162
154 167
154 297
154 304
154 264
154 379
155 203
155 264
155 497
155 244
155 277
155 377
155 281
155 351
155 166
155 475
156 459
156 454
156 205
156 467
156 196
156 285
156 291
156 426
156 306
156 314
157 257
157 198
157 266
157 204
157 226
157 338
157 280
157 219
157 367
157 368
157 497
157 440
157 381
158 224
158 354
158 263
158 352
158 277
158 278
158 493
158 444
158 373
159 256
159 474
159 194
159 205
159 207
159 400
159 296
159 334
159 186
159 187
159 479
160 269
160 320
160 337
160 470
160 365
160 397
160 227
160 229
160 298
160 241
160 244
160 183
161 311
161 326
161 264
161 492
161 178
161 213
161 233
161 283
161 255
162 384
162 385
162 390
162 463
162 355
162 406
162 283
162 412
162 419
162 167
162 423
162 374
162 249
163 197
163 225
163 205
163 409
163 169
163 462
163 250
163 253
163 446
163 191
164 198
164 339
164 295
164 242
164 275
164 340
164 356
164 430
164 319
165 496
165 195
165 407
165 199
165 470
165 176
165 221
166 452
166 224
166 354
166 422
166 175
166 246
166 188
167 436
167 365
167 196
167 324
167 481
167 358
167 199
167 178
167 477
167 242
167 308
167 439
167 440
167 327
167 189
168 331
168 232
168 189
168 269
168 309
168 278
168 495
169 288
169 416
169 447
169 226
169 247
169 376
169 441
170 461
170 207
170 338
170 341
170 343
170 299
170 177
170 365
171 294
171 373
171 423
171 472
171 467
171 216
171 217
171 255
172 258
172 338
172 187
172 271
172 461
172 188
173 196
173 232
173 490
173 305
173 273
173 183
173 427
174 328
174 265
174 237
174 449
174 175
174 219
174 284
174 434
174 469
175 364
175 204
175 176
175 225
175 308
175 189
176 264
176 457
176 330
176 300
176 324
176 188
177 326
177 496
177 372
177 188
178 385
178 197
178 486
178 338
178 351
178 482
178 355
178 421
178 406
178 427
178 264
178 242
178 308
178 241
178 318
179 387
179 261
179 473
179 288
179 432
179 355
179 421
179 301
179 240
179 316
180 359
180 275
180 206
180 280
180 361
180 221
180 329
181 197
181 358
181 417
181 297
181 240
181 328
181 216
181 278
181 413
182 392
182 359
182 237
182 223
182 368
182 209
182 242
182 374
182 324
182 191
183 406
183 469
183 194
183 275
183 279
183 344
183 281
183 234
183 244
184 225
184 367
184 200
184 476
184 398
184 275
184 470
184 343
185 321
185 214
185 364
185 258
185 413
185 446
185 346
185 265
186 487
186 210
186 341
186 217
186 423
186 321
186 446
187 224
187 427
187 238
187 480
188 470
188 401
188 403
188 214
188 421
188 238
188 211
188 437
188 380
188 232
189 256
189 451
189 391
189 465
189 466
189 409
189 348
189 474
189 350
189 422
189 294
189 253
189 447
190 359
190 273
190 205
190 272
190 443
190 410
190 472
190 378
190 383
190 316
190 287
191 320
191 263
191 385
191 444
191 479
192 416
192 427
192 324
192 304
192 432
192 457
192 216
192 292
193 260
193 300
193 209
193 249
193 411
193 299
193 479
194 459
194 393
194 217
194 290
194 236
195 384
195 271
195 268
195 299
195 197
196 298
196 306
196 308
196 310
196 249
196 378
196 446
197 321
197 208
197 473
197 399
197 212
197 449
197 446
198 262
198 458
198 274
198 419
198 404
198 345
198 346
198 286
198 358
198 362
199 455
199 435
199 226
199 402
199 339
199 329
199 219
199 229
200 265
200 212
200 280
200 348
200 304
200 368
200 438
200 249
201 206
201 269
201 402
201 469
201 474
201 446
202 379
202 234
202 451
202 438
202 219
202 317
203 450
203 232
204 396
204 338
204 206
204 389
204 432
204 308
205 257
205 389
205 271
205 336
205 277
205 223
205 359
205 415
206 262
206 258
206 335
206 399
206 292
206 327
206 373
206 249
206 381
207 392
207 476
207 271
207 415
207 349
208 480
208 230
208 235
208 273
208 461
208 371
208 426
209 418
209 420
209 463
209 247
209 344
209 298
209 405
210 237
210 312
210 474
211 395
211 284
211 465
211 234
212 274
212 275
212 405
212 216
212 218
212 293
212 295
212 232
212 323
212 402
212 370
212 308
212 442
213 456
213 457
213 344
213 346
213 410
213 223
213 304
213 499
213 311
213 312
213 485
214 328
214 240
214 238
214 333
214 218
215 422
215 227
215 328
215 265
215 459
215 418
215 273
215 279
215 218
216 449
216 371
216 350
217 413
217 478
217 319
218 359
218 444
218 400
218 488
218 454
219 488
219 258
219 277
219 280
219 355
219 484
219 231
219 425
219 235
219 241
219 371
219 366
220 288
220 239
220 472
220 315
220 415
221 260
221 394
221 367
221 375
221 244
222 325
222 296
222 258
223 452
223 364
223 479
224 394
224 401
224 241
224 435
224 314
224 317
225 344
225 448
225 393
225 283
225 376
226 261
226 263
226 333
226 339
226 363
226 495
226 489
226 319
227 239
227 427
227 303
227 264
227 318
228 464
228 470
228 346
228 246
228 356
228 361
228 310
228 377
228 250
228 252
228 298
229 321
229 481
229 361
229 478
230 425
230 237
230 249
231 384
231 434
231 308
231 431
231 279
231 477
232 452
233 357
233 438
233 399
233 305
233 277
233 374
233 318
234 440
234 398
235 358
235 295
235 340
235 425
235 271
235 360
235 439
235 315
235 286
236 449
236 237
236 379
236 380
236 286
237 307
237 462
237 318
238 474
238 255
238 309
238 381
238 293
238 369
239 257
239 395
239 335
239 426
239 300
240 290
240 317
240 267
240 375
240 409
240 442
240 380
241 496
241 273
241 430
241 278
241 437
242 425
242 387
242 430
242 495
242 275
242 372
242 292
242 378
242 492
243 392
243 323
243 397
243 451
243 476
243 319
244 344
244 259
244 306
244 470
244 314
245 397
245 445
246 385
246 272
246 292
246 304
246 400
246 432
246 439
246 316
246 382
247 377
247 250
247 349
247 319
248 371
248 341
248 378
248 365
249 348
249 332
249 466
249 396
249 252
250 384
250 358
250 430
250 373
250 261
251 259
251 353
251 335
251 405
251 411
252 263
252 421
252 439
252 400
252 481
252 389
253 328
253 323
253 395
253 483
253 374
253 303
253 254
254 327
254 366
254 430
254 280
254 284
255 324
255 472
255 414
255 355
255 359
255 296
255 497
255 340
256 274
256 459
256 266
256 439
257 385
257 389
257 295
257 331
257 309
257 347
258 390
258 330
258 466
258 350
258 433
259 266
259 451
259 494
259 280
259 452
259 331
259 353
259 302
260 262
260 442
261 359
261 321
261 362
261 327
261 419
261 424
261 264
261 415
262 272
262 365
262 274
262 341
262 316
262 485
263 455
263 488
263 346
263 467
263 292
263 463
264 403
264 269
264 418
264 355
264 471
264 360
264 376
265 456
265 332
265 442
265 447
266 407
267 448
268 294
268 459
268 329
268 447
268 387
268 372
269 453
269 455
269 403
269 338
269 282
269 410
269 287
269 353
269 296
269 310
270 426
270 366
270 416
270 406
271 362
271 386
272 483
272 301
272 486
272 429
272 389
273 481
273 328
273 351
274 482
274 365
274 304
274 450
274 430
274 473
274 411
275 485
275 372
275 407
275 338
275 469
276 453
276 310
276 410
277 393
277 395
277 284
277 381
278 449
278 290
278 431
279 353
280 484
280 440
280 436
281 354
281 303
281 432
281 301
282 290
282 406
282 295
282 402
282 403
282 308
282 443
282 349
283 379
283 489
283 410
283 385
284 406
284 358
284 295
284 360
284 443
285 487
285 316
285 371
286 498
286 338
286 470
286 488
287 424
287 298
287 367
287 377
288 423
288 318
288 447
289 458
289 383
290 384
290 292
290 359
290 452
290 398
290 306
290 339
290 391
290 347
291 356
291 360
291 419
291 340
292 304
292 387
292 313
292 354
293 481
293 431
293 473
294 344
294 490
295 324
295 330
295 385
296 382
296 376
297 406
297 302
297 431
297 412
297 440
297 467
297 377
298 374
298 489
299 305
299 453
299 372
300 379
300 362
300 419
300 404
300 407
300 376
300 475
301 449
302 402
302 408
302 348
302 413
303 312
304 489
305 326
305 455
305 311
305 404
306 419
306 451
306 457
306 380
307 336
308 418
308 373
309 455
309 349
309 457
309 344
309 431
309 318
309 405
310 355
311 373
311 334
311 318
312 321
312 423
312 322
313 352
313 391
313 447
314 461
314 369
314 376
314 474
314 463
315 384
315 423
315 339
315 350
316 447
317 357
317 326
318 480
318 377
318 483
318 487
318 430
319 320
320 356
320 325
320 341
320 321
321 323
321 447
321 348
322 365
323 394
323 463
323 342
323 471
323 344
323 358
323 465
323 372
323 379
324 349
325 484
325 397
325 369
325 415
325 379
326 480
326 488
326 397
327 486
327 429
327 402
327 468
327 430
328 363
328 456
328 399
328 415
329 359
329 387
329 377
329 349
330 344
331 478
332 422
332 461
332 435
333 414
333 350
334 468
334 440
335 459
335 399
335 381
336 352
336 387
336 338
337 378
337 372
337 419
337 429
340 455
340 355
341 463
341 410
342 375
342 460
343 429
343 466
344 391
344 383
345 424
346 384
346 464
346 387
348 379
349 437
349 411
349 390
353 384
354 489
355 453
355 386
356 390
357 481
357 371
357 411
358 365
358 445
358 370
358 457
358 428
359 407
359 440
362 491
363 423
364 406
365 452
365 450
365 448
366 470
367 458
368 490
368 403
368 421
369 396
370 466
371 452
371 472
371 437
371 409
372 482
372 471
372 412
373 400
373 473
374 413
374 401
374 444
376 435
377 429
377 468
378 491
378 456
378 411
379 392
379 428
381 394
381 432
381 436
382 466
382 430
384 480
384 420
385 444
385 410
386 497
386 460
387 399
387 466
388 424
389 414
390 467
390 495
391 493
391 401
392 493
393 465
394 413
394 492
395 476
396 424
397 449
397 429
398 432
398 472
398 468
399 470
399 476
400 401
402 427
402 485
403 472
404 489
405 446
408 409
408 429
409 465
409 421
410 418
412 481
412 419
412 436
412 478
413 487
414 477
414 426
418 450
418 451
419 497
420 437
424 457
424 445
425 426
425 469
425 441
426 467
427 450
427 487
428 493
432 459
433 468
434 448
435 475
438 452
438 456
438 457
439 474
440 484
440 478
442 447
444 449
446 484
448 479
449 458
450 473
451 483
451 470
452 457
453 485
453 496
453 484
455 494
456 485
456 462
457 470
461 464
475 496
476 486
481 489
484 488
488 495
495 499
