0 1
0 2
0 3
0 4
0 5
0 6
0 7
0 8
0 9
0 10
0 11
0 12
0 13
0 14
0 15
0 16
0 17
0 18
0 19
0 20
0 21
0 22
0 23
0 24
0 25
0 26
0 27
0 28
0 29
0 30
0 31
0 32
0 33
0 34
0 35
0 36
0 37
0 38
0 39
0 40
0 41
0 42
0 43
0 44
0 45
0 46
0 47
0 48
0 49
0 50
0 51
0 52
0 53
0 54
0 55
0 56
0 57
0 58
0 59
0 60
0 61
0 62
0 63
0 64
0 65
0 66
0 67
0 68
0 69
0 70
0 71
0 72
0 73
0 74
0 75
0 76
0 77
0 78
0 79
0 80
0 81
0 82
0 83
0 84
0 85
0 87
0 88
0 89
0 91
0 92
0 93
0 94
0 95
0 96
0 97
0 98
0 99
0 100
0 101
0 102
0 104
0 105
0 106
0 108
0 109
0 112
0 113
0 114
0 115
0 116
0 117
0 118
0 119
0 121
0 122
0 123
0 124
0 126
0 127
0 128
0 129
0 130
0 132
0 133
0 135
0 138
0 140
0 142
0 143
0 144
0 149
0 150
0 152
0 153
0 157
0 159
0 163
0 164
0 165
0 166
0 167
0 168
0 170
0 171
0 173
0 175
0 176
0 179
0 182
0 185
0 186
0 187
0 189
0 190
0 191
0 193
0 195
0 196
0 198
0 199
0 201
0 202
0 203
0 204
0 207
0 210
0 212
0 213
0 214
0 216
0 218
0 220
0 223
0 226
0 227
0 229
0 239
0 241
0 246
0 249
0 250
0 251
0 253
0 257
0 259
0 260
0 262
0 265
0 268
0 269
0 271
0 272
0 273
0 276
0 281
0 285
0 286
0 293
0 295
0 297
0 298
0 299
0 301
0 305
0 308
0 309
0 310
0 313
0 317
0 318
0 319
0 321
0 323
0 328
0 329
0 330
0 332
0 333
0 335
0 337
0 338
0 339
0 341
0 343
0 344
0 346
0 347
0 348
0 350
0 352
0 355
0 356
0 358
0 359
0 364
0 370
0 372
0 373
0 378
0 385
0 386
0 389
0 393
0 394
0 399
0 401
0 402
0 404
0 406
0 409
0 410
0 412
0 413
0 414
0 415
0 419
0 425
0 426
0 428
0 429
0 430
0 432
0 435
0 439
0 443
0 445
0 449
0 455
0 457
0 458
0 459
0 460
0 462
0 465
0 470
0 473
0 477
0 480
0 483
0 487
0 490
0 491
0 493
1 2
1 3
1 4
1 5
1 6
1 7
1 8
1 9
1 10
1 11
1 12
1 13
1 14
1 15
1 16
1 17
1 18
1 19
1 20
1 21
1 22
1 23
1 24
1 25
1 26
1 27
1 28
1 29
1 30
1 31
1 32
1 33
1 34
1 35
1 36
1 37
1 38
1 39
1 40
1 41
1 42
1 43
1 44
1 46
1 48
1 50
1 51
1 52
1 53
1 54
1 55
1 56
1 58
1 59
1 60
1 61
1 62
1 64
1 65
1 66
1 67
1 70
1 71
1 73
1 74
1 75
1 78
1 79
1 80
1 81
1 82
1 83
1 84
1 85
1 87
1 88
1 89
1 90
1 91
1 92
1 93
1 94
1 95
1 99
1 100
1 101
1 102
1 105
1 108
1 109
1 110
1 113
1 116
1 119
1 121
1 122
1 124
1 127
1 129
1 132
1 136
1 137
1 138
1 140
1 143
1 148
1 152
1 157
1 160
1 161
1 163
1 166
1 167
1 169
1 172
1 175
1 179
1 181
1 183
1 185
1 186
1 187
1 189
1 193
1 196
1 199
1 203
1 207
1 208
1 217
1 224
1 229
1 236
1 237
1 244
1 248
1 255
1 262
1 266
1 268
1 271
1 272
1 277
1 280
1 281
1 282
1 289
1 292
1 296
1 297
1 300
1 310
1 311
1 313
1 317
1 319
1 326
1 333
1 338
1 354
1 355
1 357
1 363
1 371
1 373
1 374
1 378
1 383
1 385
1 388
1 389
1 392
1 401
1 411
1 413
1 416
1 425
1 426
1 428
1 433
1 435
1 446
1 452
1 456
1 458
1 468
1 475
1 478
1 481
1 490
2 3
2 4
2 5
2 6
2 7
2 8
2 9
2 10
2 11
2 12
2 13
2 14
2 15
2 16
2 17
2 18
2 19
2 20
2 21
2 22
2 23
2 24
2 25
2 26
2 27
2 28
2 29
2 30
2 31
2 32
2 33
2 34
2 35
2 36
2 262
2 39
2 40
2 41
2 43
2 45
2 302
2 47
2 440
2 49
2 50
2 307
2 52
2 53
2 312
2 57
2 58
2 59
2 60
2 62
2 64
2 321
2 66
2 67
2 68
2 69
2 481
2 71
2 72
2 268
2 74
2 75
2 336
2 81
2 82
2 84
2 301
2 342
2 313
2 88
2 89
2 91
2 92
2 93
2 350
2 357
2 344
2 353
2 100
2 101
2 401
2 104
2 105
2 106
2 363
2 450
2 274
2 366
2 111
2 113
2 370
2 115
2 116
2 318
2 120
2 276
2 123
2 125
2 345
2 127
2 129
2 133
2 390
2 135
2 322
2 145
2 149
2 151
2 161
2 163
2 261
2 166
2 168
2 425
2 172
2 175
2 432
2 328
2 179
2 436
2 181
2 438
2 184
2 445
2 194
2 451
2 205
2 467
2 271
2 433
2 210
2 211
2 468
2 303
2 419
2 292
2 218
2 476
2 221
2 223
2 224
2 225
2 226
2 379
2 228
2 488
2 431
2 306
2 236
2 493
2 424
2 243
2 252
2 253
3 259
3 4
3 5
3 6
3 7
3 8
3 9
3 10
3 11
3 12
3 13
3 14
3 15
3 16
3 17
3 18
3 19
3 20
3 21
3 22
3 24
3 26
3 27
3 28
3 29
3 30
3 32
3 289
3 34
3 36
3 38
3 39
3 40
3 41
3 298
3 43
3 44
3 46
3 48
3 264
3 351
3 51
3 52
3 53
3 311
3 59
3 60
3 61
3 62
3 63
3 258
3 65
3 68
3 325
3 73
3 74
3 331
3 77
3 79
3 81
3 83
3 84
3 343
3 344
3 90
3 384
3 94
3 95
3 97
3 98
3 103
3 106
3 107
3 108
3 109
3 110
3 368
3 319
3 115
3 446
3 374
3 123
3 124
3 128
3 130
3 439
3 137
3 399
3 147
3 406
3 151
3 409
3 156
3 329
3 415
3 419
3 164
3 165
3 422
3 168
3 174
3 433
3 180
3 286
3 182
3 183
3 184
3 189
3 190
3 288
3 194
3 437
3 456
3 290
3 468
3 470
3 471
3 474
3 221
3 482
3 379
3 492
3 440
3 340
4 5
4 6
4 7
4 8
4 9
4 10
4 11
4 12
4 13
4 14
4 15
4 16
4 17
4 18
4 19
4 20
4 21
4 24
4 25
4 26
4 27
4 28
4 29
4 286
4 31
4 32
4 304
4 36
4 37
4 38
4 39
4 40
4 41
4 42
4 43
4 46
4 303
4 48
4 49
4 50
4 51
4 53
4 55
4 57
4 314
4 59
4 316
4 63
4 320
4 66
4 69
4 268
4 74
4 75
4 76
4 333
4 79
4 80
4 83
4 84
4 85
4 89
4 90
4 92
4 93
4 97
4 355
4 103
4 360
4 404
4 107
4 366
4 113
4 120
4 276
4 122
4 123
4 124
4 126
4 384
4 129
4 131
4 132
4 389
4 134
4 138
4 491
4 399
4 144
4 145
4 148
4 281
4 153
4 155
4 346
4 159
4 161
4 162
4 163
4 420
4 165
4 166
4 284
4 429
4 430
4 363
4 181
4 443
4 445
4 288
4 201
4 459
4 206
4 209
4 210
4 471
4 493
4 378
4 280
4 484
4 294
4 230
4 231
4 490
4 235
4 466
4 272
4 239
4 241
4 246
4 248
4 252
5 6
5 7
5 8
5 9
5 10
5 11
5 12
5 13
5 15
5 17
5 19
5 20
5 277
5 22
5 345
5 25
5 282
5 27
5 28
5 29
5 30
5 32
5 33
5 35
5 36
5 37
5 38
5 40
5 297
5 42
5 301
5 402
5 306
5 311
5 57
5 59
5 62
5 319
5 325
5 70
5 396
5 334
5 89
5 90
5 348
5 95
5 352
5 353
5 100
5 104
5 106
5 365
5 368
5 369
5 370
5 318
5 120
5 122
5 379
5 384
5 385
5 449
5 137
5 140
5 143
5 146
5 151
5 410
5 26
5 416
5 161
5 283
5 172
5 189
5 193
5 194
5 199
5 456
5 112
5 109
5 466
5 419
5 78
5 221
5 223
5 232
5 490
5 236
5 495
5 242
5 255
5 213
6 7
6 8
6 9
6 10
6 11
6 12
6 13
6 14
6 15
6 16
6 17
6 18
6 19
6 20
6 23
6 25
6 26
6 27
6 28
6 29
6 30
6 31
6 32
6 33
6 34
6 35
6 39
6 41
6 298
6 43
6 50
6 46
6 47
6 306
6 51
6 52
6 309
6 54
6 311
6 57
6 58
6 62
6 320
6 66
6 67
6 68
6 256
6 328
6 73
6 77
6 86
6 90
6 92
6 95
6 97
6 354
6 99
6 276
6 360
6 361
6 107
6 366
6 111
6 112
6 374
6 121
6 384
6 388
6 396
6 401
6 148
6 153
6 164
6 166
6 284
6 426
6 172
6 173
6 179
6 442
6 188
6 191
6 449
6 195
6 289
6 209
6 211
6 348
6 474
6 220
6 222
6 229
6 233
6 499
7 8
7 9
7 10
7 11
7 12
7 13
7 14
7 16
7 17
7 18
7 19
7 20
7 22
7 23
7 196
7 27
7 286
7 133
7 35
7 342
7 37
7 38
7 433
7 40
7 42
7 428
7 45
7 174
7 303
7 48
7 305
7 192
7 52
7 53
7 182
7 56
7 57
7 443
7 316
7 189
7 190
7 146
7 64
7 279
7 67
7 68
7 69
7 70
7 459
7 76
7 77
7 206
7 461
7 309
7 339
7 86
7 343
7 88
7 90
7 130
7 95
7 225
7 98
7 102
7 259
7 362
7 107
7 108
7 109
7 366
7 111
7 118
7 395
7 123
7 426
7 216
8 264
8 9
8 10
8 11
8 12
8 13
8 14
8 15
8 16
8 17
8 274
8 19
8 21
8 278
8 279
8 24
8 25
8 28
8 29
8 30
8 31
8 36
8 37
8 296
8 299
8 45
8 48
8 51
8 55
8 312
8 57
8 60
8 61
8 62
8 319
8 64
8 321
8 66
8 67
8 68
8 70
8 328
8 268
8 78
8 86
8 87
8 90
8 94
8 96
8 97
8 363
8 365
8 112
8 117
8 119
8 378
8 128
8 387
8 389
8 138
8 396
8 109
8 280
8 146
8 156
8 157
8 417
8 180
8 181
8 186
8 445
8 191
8 193
8 455
8 206
8 211
8 214
8 220
8 223
8 231
8 233
8 236
8 498
9 137
9 10
9 11
9 12
9 13
9 14
9 15
9 16
9 472
9 18
9 276
9 23
9 27
9 317
9 32
9 33
9 34
9 35
9 163
9 166
9 39
9 40
9 42
9 45
9 174
9 347
9 136
9 306
9 179
9 436
9 53
9 54
9 290
9 186
9 418
9 61
9 320
9 288
9 194
9 67
9 68
9 197
9 130
9 129
9 204
9 162
9 336
9 83
9 469
9 482
9 343
9 344
9 90
9 91
9 94
9 96
9 354
9 355
9 102
9 167
9 493
9 111
9 385
9 114
9 499
9 247
9 125
9 426
10 394
10 11
10 13
10 14
10 15
10 16
10 18
10 19
10 20
10 277
10 278
10 23
10 397
10 132
10 26
10 27
10 312
10 29
10 30
10 31
10 162
10 35
10 420
10 497
10 40
10 220
10 301
10 151
10 432
10 49
10 50
10 55
10 56
10 60
10 245
10 320
10 452
10 72
10 354
10 79
10 209
10 466
10 83
10 84
10 85
10 86
10 87
10 92
10 478
10 95
10 352
10 225
10 226
10 100
10 102
10 259
10 387
10 111
10 112
10 241
10 131
10 118
10 297
10 248
10 121
10 378
10 213
11 450
11 271
11 16
11 18
11 19
11 448
11 21
11 22
11 23
11 137
11 132
11 27
11 346
11 29
11 414
11 31
11 160
11 33
11 36
11 37
11 168
11 263
11 45
11 46
11 47
11 392
11 306
11 180
11 53
11 55
11 57
11 302
11 194
11 67
11 353
11 332
11 74
11 76
11 463
11 320
11 355
11 84
11 313
11 345
11 90
11 347
11 92
11 93
11 421
11 272
11 99
11 356
11 101
11 486
11 233
11 236
11 237
11 494
11 112
11 242
11 115
11 248
11 123
11 460
11 127
12 23
12 192
12 13
12 142
12 17
12 18
12 19
12 269
12 405
12 278
12 151
12 24
12 155
12 28
12 157
12 30
12 289
12 34
12 163
12 134
12 38
12 129
12 169
12 44
12 45
12 285
12 50
12 179
12 52
12 54
12 56
12 58
12 315
12 62
12 64
12 65
12 194
12 451
12 182
12 70
12 71
12 329
12 354
12 162
12 207
12 336
12 465
12 466
12 471
12 88
12 90
12 216
12 350
12 479
12 352
12 98
12 387
12 402
12 428
12 111
12 116
12 376
12 381
12 254
13 386
13 15
13 16
13 18
13 277
13 151
13 25
13 27
13 284
13 29
13 30
13 409
13 33
13 40
13 28
13 426
13 301
13 303
13 176
13 449
13 308
13 54
13 457
13 317
13 191
13 64
13 321
13 323
13 69
13 70
13 201
13 75
13 77
13 333
13 81
13 495
13 91
13 354
13 483
13 485
13 438
13 362
13 189
13 241
13 372
13 375
14 278
14 130
14 142
14 15
14 18
14 19
14 20
14 46
14 22
14 152
14 25
14 26
14 283
14 156
14 29
14 30
14 415
14 33
14 34
14 35
14 164
14 40
14 169
14 44
14 242
14 174
14 47
14 179
14 265
14 184
14 57
14 266
14 62
14 435
14 324
14 75
14 204
14 78
14 312
14 206
14 86
14 36
14 92
14 349
14 228
14 234
14 110
14 114
14 115
15 391
15 407
15 396
15 16
15 17
15 20
15 22
15 23
15 27
15 412
15 158
15 31
15 32
15 33
15 457
15 164
15 133
15 39
15 296
15 41
15 406
15 430
15 303
15 48
15 49
15 179
15 53
15 54
15 55
15 393
15 63
15 64
15 323
15 196
15 326
15 289
15 437
15 77
15 205
15 464
15 465
15 84
15 88
15 36
15 347
15 476
15 233
15 112
15 424
15 114
15 126
16 272
16 145
16 276
16 21
16 22
16 23
16 24
16 25
16 26
16 30
16 32
16 33
16 35
16 164
16 38
16 39
16 41
16 426
16 43
16 301
16 174
16 175
16 48
16 177
16 52
16 310
16 313
16 186
16 59
16 188
16 190
16 447
16 321
16 70
16 203
16 269
16 401
16 83
16 176
16 90
16 219
16 442
16 94
16 98
16 443
16 100
16 17
16 235
16 493
16 110
16 238
16 114
16 211
16 117
16 120
16 494
16 264
16 149
17 398
17 145
17 20
17 21
17 23
17 280
17 281
17 284
17 31
17 37
17 42
17 49
17 180
17 53
17 438
17 56
17 59
17 60
17 447
17 192
17 198
17 72
17 75
17 143
17 334
17 464
17 83
17 85
17 494
17 88
17 217
17 91
17 350
17 223
17 353
17 102
17 444
17 238
17 121
17 250
17 251
17 381
17 149
18 261
18 20
18 21
18 278
18 407
18 155
18 28
18 29
18 287
18 288
18 33
18 35
18 129
18 42
18 45
18 46
18 47
18 180
18 187
18 63
18 199
18 73
18 75
18 460
18 141
18 464
18 209
18 291
18 85
18 220
18 221
18 354
18 59
18 484
18 233
18 491
18 371
18 374
18 247
18 250
18 170
19 143
19 20
19 278
19 281
19 25
19 154
19 27
19 28
19 30
19 260
19 163
19 37
19 166
19 39
19 129
19 41
19 43
19 44
19 305
19 308
19 53
19 440
19 415
19 188
19 189
19 134
19 437
19 196
19 72
19 75
19 77
19 433
19 342
19 344
19 222
19 421
19 101
19 105
19 368
19 40
19 120
20 130
20 400
20 22
20 24
20 452
20 282
20 411
20 312
20 410
20 31
20 219
20 36
20 37
20 38
20 39
20 40
20 41
20 321
20 50
20 371
20 55
20 184
20 57
20 159
20 189
20 193
20 326
20 325
20 70
20 375
20 77
20 78
20 79
20 271
20 56
20 291
20 463
20 216
20 90
20 91
20 476
20 489
20 484
20 101
20 230
20 487
20 232
20 361
20 146
20 439
20 498
20 115
20 119
20 251
20 380
21 406
21 198
21 225
21 258
21 332
21 66
21 142
21 141
21 67
21 22
21 24
21 25
21 91
21 477
21 459
21 161
21 240
21 219
21 324
21 166
21 488
21 41
21 108
21 146
21 375
21 48
21 49
21 50
21 432
21 244
21 118
21 55
21 377
22 409
22 137
22 256
22 145
22 387
22 23
22 25
22 154
22 283
22 28
22 32
22 33
22 34
22 36
22 65
22 41
22 170
22 46
22 308
22 55
22 316
22 62
22 193
22 324
22 455
22 73
22 76
22 79
22 339
22 212
22 87
22 143
22 340
22 490
22 370
22 243
22 246
22 148
22 252
22 125
23 195
23 133
23 418
23 147
23 148
23 24
23 217
23 265
23 285
23 478
23 197
23 33
23 98
23 422
23 134
23 294
23 39
23 232
23 135
23 208
23 46
23 304
23 48
23 370
23 435
23 180
23 119
23 56
24 134
24 263
24 141
24 146
24 150
24 260
24 26
24 159
24 161
24 162
24 291
24 114
24 431
24 136
24 351
24 320
24 66
24 67
24 199
24 201
24 463
24 336
24 82
24 469
24 92
24 221
24 350
24 95
24 144
24 226
24 357
24 232
24 210
24 353
24 417
24 242
24 117
24 276
24 448
25 67
25 128
25 479
25 337
25 146
25 91
25 284
25 221
25 30
25 223
25 224
25 161
25 35
25 342
25 163
25 246
25 103
25 357
25 387
25 177
25 211
25 53
25 54
25 183
25 59
25 191
26 257
26 437
26 459
26 143
26 273
26 212
26 78
26 151
26 281
26 28
26 93
26 30
26 31
26 336
26 34
26 37
26 422
26 40
26 44
26 128
26 52
26 53
26 276
26 95
26 127
27 78
27 280
27 430
27 66
27 137
27 90
27 91
27 28
27 33
27 34
27 472
27 369
27 104
27 170
27 172
27 366
27 495
27 176
27 177
27 270
27 83
27 52
27 55
27 354
27 57
27 58
27 316
27 234
28 71
28 75
28 208
28 482
28 149
28 344
28 474
28 95
28 32
28 34
28 347
28 36
28 37
28 102
28 103
28 259
28 44
28 47
28 497
28 242
28 117
28 119
28 224
28 441
28 187
28 62
29 137
29 201
29 99
29 329
29 90
29 476
29 94
29 261
29 497
29 98
29 35
29 101
29 230
29 39
29 372
29 170
29 235
29 402
29 49
29 52
29 119
29 312
29 180
29 59
30 393
30 410
30 158
30 58
30 418
30 342
30 37
30 38
30 425
30 49
30 308
30 182
30 442
30 319
30 452
30 197
30 200
30 74
30 205
30 355
30 341
30 86
30 91
30 221
30 223
30 225
30 227
30 100
30 101
31 131
31 130
31 403
31 149
31 33
31 419
31 165
31 46
31 50
31 51
31 182
31 58
31 351
31 189
31 451
31 198
31 72
31 187
31 203
31 77
31 78
31 397
31 464
31 209
31 466
31 342
31 121
31 93
31 222
31 95
31 482
31 227
31 484
31 145
31 235
31 371
31 117
31 276
31 378
31 381
32 392
32 202
32 130
32 77
32 78
32 84
32 149
32 87
32 397
32 132
32 155
32 92
32 150
32 69
32 354
32 99
32 37
32 230
32 41
32 490
32 327
32 257
32 110
32 431
32 179
32 180
32 53
32 153
32 330
32 343
32 255
33 132
33 335
33 79
33 312
33 84
33 88
33 156
33 414
33 480
33 97
33 197
33 134
33 167
33 168
33 170
33 299
33 44
33 46
33 112
33 55
33 184
33 121
33 58
33 95
33 127
34 487
34 325
34 455
34 407
34 66
34 79
34 299
34 149
34 235
34 250
34 93
34 96
34 35
34 420
34 300
34 103
34 104
34 167
34 108
34 237
34 477
34 296
34 382
34 201
34 249
34 58
34 411
34 253
34 190
35 267
35 332
35 79
35 86
35 457
35 218
35 410
35 208
35 165
35 103
35 105
35 359
35 236
35 497
35 128
35 116
35 310
35 137
35 185
35 58
35 330
35 266
35 255
36 386
36 330
36 269
36 75
36 213
36 348
36 271
36 197
36 224
36 418
36 163
36 164
36 105
36 480
36 43
36 466
36 241
36 342
36 53
36 120
36 84
36 126
37 322
37 74
37 75
37 140
37 277
37 68
37 475
37 69
37 290
37 166
37 64
37 42
37 302
37 47
37 385
37 434
37 116
37 310
37 452
37 318
38 66
38 70
38 393
38 333
38 256
38 271
38 131
38 85
38 216
38 284
38 58
38 158
38 69
38 353
38 226
38 39
38 488
38 348
38 490
38 423
38 437
38 176
38 361
38 184
38 494
38 122
38 316
38 61
38 149
39 71
39 194
39 330
39 139
39 499
39 77
39 398
39 209
39 196
39 335
39 350
39 130
39 480
39 100
39 230
39 488
39 169
39 46
39 114
39 179
39 382
39 121
39 317
39 254
39 447
40 262
40 183
40 460
40 365
40 259
40 87
40 473
40 261
40 97
40 163
40 357
40 241
40 104
40 172
40 178
40 46
40 168
40 50
40 147
40 116
40 73
40 312
40 185
40 442
40 251
41 492
41 330
41 461
41 153
41 207
41 284
41 349
41 283
41 165
41 167
41 236
41 173
41 369
41 439
41 124
41 255
42 412
42 439
42 204
42 476
42 145
42 148
42 57
42 153
42 90
42 91
42 220
42 223
42 484
42 103
42 348
42 238
42 175
42 369
42 52
42 137
42 332
42 121
42 188
42 341
43 261
43 135
43 138
43 375
43 76
43 273
43 82
43 259
43 68
43 350
43 228
43 230
43 359
43 348
43 338
43 496
43 403
43 115
43 182
43 183
43 266
43 479
43 61
43 447
44 66
44 260
44 326
44 75
44 76
44 141
44 81
44 342
44 279
44 281
44 96
44 162
44 292
44 170
44 235
44 493
44 118
44 343
44 56
44 313
44 186
44 254
45 51
45 131
45 325
45 253
45 194
45 78
45 207
45 147
45 149
45 151
45 472
45 345
45 378
45 442
45 98
45 99
45 485
45 166
45 104
45 297
45 193
45 172
45 302
45 47
45 496
45 498
45 115
45 52
45 117
45 310
45 247
45 57
45 58
45 234
46 258
46 97
46 79
46 144
46 209
46 139
46 405
46 164
46 154
46 219
46 395
46 478
46 480
46 100
46 65
46 247
46 185
46 188
46 61
46 62
47 320
47 265
47 84
47 78
47 217
47 94
47 176
47 291
47 484
47 165
47 104
47 220
47 490
47 107
47 364
47 48
47 50
47 180
47 119
47 56
47 95
47 188
47 262
47 127
48 69
48 458
48 137
48 74
48 203
48 331
48 84
48 345
48 90
48 282
48 293
48 64
48 428
48 238
48 496
48 115
48 265
48 122
48 445
48 191
49 65
49 67
49 70
49 129
49 201
49 139
49 192
49 206
49 86
49 292
49 143
49 96
49 353
49 207
49 357
49 174
49 56
49 441
49 58
49 252
49 381
50 286
50 415
50 227
50 448
50 167
50 173
50 287
50 60
50 192
50 255
51 321
51 331
51 328
51 335
51 82
51 220
51 338
51 418
51 99
51 295
51 92
51 106
51 172
51 177
51 121
51 123
51 316
51 445
51 318
52 346
52 386
52 84
52 85
52 150
52 407
52 90
52 155
52 220
52 94
52 416
52 272
52 226
52 349
52 440
52 298
52 234
53 198
53 130
53 206
53 245
53 148
53 153
53 143
53 90
53 260
53 289
53 226
53 483
53 166
53 359
53 492
53 117
53 185
53 195
54 258
54 103
54 136
54 231
54 352
54 172
54 446
54 150
54 119
54 280
54 381
54 429
54 471
55 131
55 197
55 260
55 457
55 144
55 488
55 384
55 83
55 217
55 90
55 348
55 286
55 96
55 291
55 84
55 296
55 363
55 493
55 72
55 383
55 121
55 379
55 60
55 63
56 323
56 111
56 270
56 214
56 154
56 155
56 257
56 103
56 233
56 487
56 498
56 297
56 248
56 59
57 73
57 138
57 143
57 144
57 82
57 274
57 88
57 94
57 95
57 161
57 162
57 411
57 293
57 103
57 263
57 117
57 118
57 379
58 68
58 135
58 128
58 173
58 83
58 278
58 90
58 477
58 304
58 417
58 186
59 70
59 327
59 138
59 75
59 333
59 153
59 91
59 166
59 167
59 362
59 237
59 349
59 381
59 62
60 485
60 136
60 361
60 172
60 175
60 119
60 154
60 187
60 395
60 330
60 459
61 262
61 69
61 71
61 429
61 296
61 499
61 84
61 85
61 446
61 344
61 180
61 158
62 201
62 84
62 472
62 219
62 93
62 98
62 421
62 102
62 296
62 308
62 309
62 329
62 255
63 257
63 482
63 104
63 247
63 178
63 488
63 244
63 86
63 372
63 154
63 316
63 429
63 255
64 259
64 70
64 384
64 211
64 87
64 89
64 221
64 288
64 354
64 355
64 102
64 234
64 300
64 255
64 72
64 377
64 442
64 187
64 380
64 190
64 166
65 258
65 305
65 232
65 316
65 424
65 222
65 242
65 275
65 213
65 120
65 188
65 94
66 203
66 276
66 281
66 430
66 233
66 238
66 247
66 376
66 313
66 448
66 253
66 85
67 198
67 144
67 280
67 148
67 221
67 159
67 344
67 336
67 427
67 236
67 385
67 177
67 434
67 115
67 485
68 384
68 72
68 77
68 208
68 148
68 73
68 121
68 123
68 157
69 483
69 234
69 107
69 301
69 145
69 211
69 91
69 348
69 95
70 334
70 288
70 87
70 287
70 160
70 292
70 167
70 296
70 231
70 111
70 439
70 248
70 84
71 227
71 132
71 448
71 134
71 106
71 76
71 93
71 148
71 310
71 152
71 244
71 91
72 390
72 104
72 139
72 403
72 255
72 149
72 159
72 298
73 470
73 79
73 342
73 284
73 94
73 356
73 92
73 106
73 364
73 109
73 176
73 436
73 117
73 186
73 316
74 168
74 332
74 397
74 142
74 376
74 131
74 424
74 312
75 131
75 133
75 200
75 394
75 256
75 91
75 355
75 489
75 82
75 316
75 85
76 390
76 363
76 304
76 243
76 405
76 151
76 408
76 123
76 427
76 222
77 262
77 364
77 353
77 431
77 235
77 250
77 223
77 380
78 96
78 267
78 209
78 495
78 217
78 419
78 422
78 361
78 108
78 306
78 441
78 250
79 453
79 262
79 321
79 375
79 204
79 399
79 82
79 291
79 216
79 477
79 96
79 101
79 416
79 169
79 490
79 137
80 343
80 168
80 201
80 183
80 192
80 384
80 274
80 416
80 87
80 292
80 187
80 364
81 100
81 198
81 395
81 301
81 208
81 163
81 84
81 441
81 345
81 282
82 237
82 194
82 110
82 482
82 249
82 303
82 124
83 130
83 389
83 141
83 399
83 151
83 280
83 132
83 464
83 158
83 96
83 97
83 357
83 361
83 364
83 237
83 110
83 436
83 121
83 380
84 133
84 321
84 212
84 217
84 132
84 349
84 376
84 438
84 248
85 171
85 133
85 226
85 274
85 343
85 484
86 139
86 268
86 207
86 433
86 214
86 87
86 152
86 219
86 159
86 357
86 231
86 423
86 109
86 243
86 373
86 138
87 194
87 103
87 354
87 206
87 242
87 371
87 169
87 176
87 330
87 101
88 134
88 264
88 396
88 466
88 143
88 476
88 95
88 224
88 293
88 178
88 435
88 184
88 122
88 191
89 227
89 486
89 393
89 235
89 428
89 237
89 176
89 149
89 246
89 152
89 283
89 459
89 117
90 141
90 214
90 94
90 300
90 148
91 139
91 136
91 469
91 206
91 210
91 158
91 123
91 428
91 236
91 447
92 104
92 301
92 307
92 215
92 217
92 233
92 394
92 95
93 233
93 138
93 271
93 336
93 273
93 210
93 180
93 117
93 216
93 429
93 123
94 453
94 256
94 270
94 150
94 281
94 101
94 103
94 168
94 469
95 139
95 205
95 131
95 148
95 283
95 218
95 98
95 187
95 103
95 251
95 445
96 293
96 263
96 469
96 246
96 186
96 155
96 188
97 102
97 327
97 359
97 288
97 116
97 280
97 180
97 186
97 283
97 476
97 312
98 324
98 211
98 469
98 282
98 351
98 416
98 327
98 157
98 246
98 223
98 380
98 318
99 194
99 164
99 357
99 104
99 274
99 364
99 256
99 367
99 242
99 414
100 422
100 237
100 301
100 177
100 464
100 247
101 325
101 135
101 202
101 334
101 402
101 432
101 424
101 302
101 304
101 254
101 126
102 293
102 166
102 273
102 335
102 124
102 169
102 123
102 297
102 453
103 192
103 374
103 148
103 283
103 289
103 166
103 487
103 179
103 445
104 132
104 294
104 444
104 108
104 340
104 341
104 408
104 153
105 179
105 487
105 403
105 109
105 146
105 309
105 473
105 383
106 480
106 487
106 235
106 332
106 270
106 152
106 251
107 202
107 142
107 175
107 373
107 246
107 119
107 380
107 261
108 266
108 331
108 482
108 264
108 306
108 147
108 246
108 281
108 373
109 183
109 269
109 239
109 338
109 468
109 213
109 249
109 271
110 169
110 203
110 178
110 303
110 115
110 118
110 249
110 187
110 220
110 255
111 128
111 353
111 196
111 200
111 247
111 205
111 151
111 184
111 228
111 233
111 452
112 258
112 131
112 193
112 425
112 139
112 142
112 295
113 375
113 300
113 130
113 142
113 320
113 115
113 151
113 324
113 155
113 125
113 254
114 290
114 325
114 173
114 207
114 305
114 498
114 401
114 223
115 331
115 466
115 344
115 218
115 284
115 221
115 222
115 223
115 423
115 425
115 171
115 181
115 182
115 314
116 460
116 334
116 349
116 401
116 416
116 308
116 150
116 192
117 149
117 418
117 316
117 425
117 267
117 192
117 472
117 148
118 193
118 288
118 496
118 402
118 243
118 308
118 409
118 248
118 444
118 317
119 258
119 165
119 144
119 275
119 378
119 123
120 160
120 375
120 389
120 169
120 234
120 139
120 143
120 427
120 213
120 345
120 122
120 189
120 357
121 146
121 405
121 407
121 281
121 209
121 223
121 230
121 166
121 171
121 173
121 178
121 314
122 128
122 208
122 224
122 399
122 148
122 478
123 228
123 307
123 427
123 345
123 229
124 169
124 247
124 144
124 209
124 244
124 438
124 132
124 188
124 351
125 464
125 183
125 232
125 331
125 257
125 337
126 449
126 132
126 423
126 204
126 304
126 286
126 344
126 469
127 357
127 376
127 152
127 348
128 326
128 227
128 298
128 493
128 334
128 208
128 430
128 279
128 250
129 427
129 133
129 134
129 231
129 274
129 423
129 224
129 362
129 349
130 161
130 437
130 234
130 499
130 176
130 233
131 203
131 285
131 465
131 283
131 158
132 136
132 336
132 467
132 476
132 174
132 306
132 307
132 186
132 254
133 260
133 357
133 233
133 256
133 179
134 226
134 458
134 135
134 246
135 225
135 200
135 330
135 366
135 347
136 194
136 246
136 166
136 408
136 146
137 196
137 177
137 221
138 267
138 361
138 172
138 328
138 318
138 223
139 260
139 199
139 202
140 386
140 234
141 424
141 195
141 430
141 221
141 302
142 176
142 197
142 173
142 242
142 191
143 328
143 199
143 460
143 242
143 350
143 184
144 441
144 233
144 268
144 253
144 287
145 289
145 194
145 459
145 205
145 430
145 495
145 276
145 247
145 356
146 230
146 279
146 488
146 184
146 329
147 370
147 164
147 405
147 190
148 406
148 262
148 161
148 341
148 248
148 159
149 354
149 206
149 365
149 222
149 217
149 286
149 465
149 182
149 445
150 425
150 205
151 192
151 280
151 222
152 423
152 166
152 263
152 283
153 323
153 389
153 171
153 224
153 342
153 249
154 187
154 473
154 170
154 159
154 463
155 455
155 457
155 366
155 435
155 302
156 451
156 197
156 407
156 444
156 269
156 296
157 470
157 177
157 279
158 289
158 469
158 243
158 388
159 470
159 404
159 429
159 238
159 272
159 488
159 259
159 174
159 441
159 475
160 324
160 421
160 167
160 203
160 205
160 184
160 181
160 188
161 488
161 299
161 204
161 281
162 471
162 429
162 440
162 210
162 403
162 249
162 314
162 303
162 266
162 254
163 387
163 495
163 468
163 343
164 199
164 171
165 400
165 185
166 424
166 192
166 421
167 439
167 395
167 455
168 432
168 417
169 256
169 386
169 262
169 311
169 240
169 243
169 308
169 282
169 379
170 386
170 453
170 432
170 469
170 376
171 288
171 362
171 173
171 205
171 415
171 185
171 255
172 454
172 267
172 173
172 400
172 435
172 442
173 441
173 351
174 257
174 364
174 279
174 376
174 347
174 187
175 324
175 487
175 367
175 218
175 303
176 211
177 487
177 221
178 424
178 358
178 282
179 193
179 237
179 184
179 361
179 295
180 183
180 345
181 421
181 391
181 185
181 495
182 236
182 483
182 277
183 226
183 389
183 298
183 204
183 408
183 476
184 301
184 370
184 194
184 245
184 398
184 411
185 350
185 333
186 363
186 430
186 374
186 346
186 282
186 223
187 450
187 230
187 447
187 268
187 425
187 281
187 318
188 328
189 457
189 256
189 401
189 308
190 340
190 414
191 194
191 215
191 332
192 258
192 210
193 283
193 218
194 311
194 243
194 261
195 465
196 205
196 466
196 310
196 218
196 220
197 352
197 363
197 263
197 306
198 226
198 361
198 491
198 374
198 247
199 209
199 396
200 272
200 303
200 229
200 333
201 249
201 475
202 280
202 316
202 367
203 330
203 367
203 243
204 242
204 296
205 293
205 305
205 369
205 324
205 477
206 302
206 343
207 264
207 461
207 310
207 440
208 392
208 308
209 320
209 225
209 210
209 237
211 330
211 281
211 286
212 321
212 357
212 219
213 391
213 364
213 495
214 260
214 297
214 443
214 336
215 377
215 319
215 462
215 335
216 399
216 263
217 449
217 334
217 314
218 432
218 269
218 272
218 408
218 248
218 349
219 354
219 264
219 333
220 224
220 264
220 341
221 273
221 360
221 234
221 450
221 316
222 417
222 288
223 395
223 261
224 488
224 404
224 246
225 463
225 378
225 271
226 335
227 309
227 250
227 399
227 265
228 264
228 281
229 415
229 454
229 433
229 239
230 283
230 260
230 490
230 237
231 347
231 361
231 387
231 371
232 286
234 300
235 325
235 425
235 388
235 475
235 298
236 395
236 244
236 380
236 445
237 263
237 496
237 437
237 247
238 416
238 324
238 424
238 386
238 307
238 415
239 375
239 393
239 479
239 428
239 365
240 478
241 339
241 265
242 385
242 427
243 323
243 264
243 429
243 370
243 246
243 280
243 315
244 309
244 299
245 249
247 489
247 311
247 414
248 376
248 499
249 282
249 252
250 356
250 467
250 255
250 351
251 261
251 325
251 401
252 304
252 341
252 474
252 319
253 417
253 357
253 361
253 465
253 307
253 438
254 320
254 284
255 417
256 328
256 277
256 317
258 290
258 484
258 486
260 297
262 449
263 340
264 297
264 466
264 431
264 283
264 469
265 292
265 318
266 357
266 394
266 426
268 293
268 331
268 309
268 421
269 400
269 380
269 471
269 472
269 383
270 301
271 359
271 274
271 467
272 335
272 429
273 331
274 385
274 299
274 284
276 379
276 325
276 426
276 431
276 315
276 490
277 479
277 334
278 490
278 308
282 469
283 408
283 369
283 304
283 305
283 489
285 391
286 299
286 371
286 388
286 316
286 427
287 407
288 400
288 405
289 386
289 490
289 429
290 343
290 419
290 345
291 487
292 345
292 364
292 337
293 295
294 362
295 499
297 483
297 308
297 341
298 489
298 483
299 439
299 492
299 367
300 317
301 335
301 394
302 319
303 365
304 320
304 329
304 375
304 380
304 345
305 438
306 343
306 408
307 421
307 312
307 458
309 432
309 327
309 441
310 339
310 379
311 490
312 378
314 480
314 470
316 489
317 449
317 387
318 447
319 394
319 375
319 396
319 490
321 452
321 421
321 428
321 384
322 434
323 496
323 359
326 357
328 344
329 455
330 344
333 494
333 429
334 442
334 445
336 412
336 382
337 480
337 393
337 408
338 432
338 407
338 355
338 379
339 482
339 344
339 380
340 397
340 399
341 342
342 372
342 443
343 487
344 376
345 491
345 488
345 457
346 496
346 361
347 407
347 485
348 370
348 411
349 473
351 468
351 483
354 455
354 397
355 389
356 434
356 465
356 424
357 460
358 433
358 464
358 481
359 452
362 423
362 367
363 439
363 396
363 365
363 496
364 479
366 389
366 420
366 495
368 454
368 431
369 495
370 378
370 390
371 402
372 457
373 419
373 397
374 403
375 475
376 480
376 491
378 433
379 432
381 483
384 434
384 440
385 406
391 464
391 423
392 414
399 420
400 478
401 416
405 450
406 420
408 487
408 417
408 441
412 421
415 416
416 439
421 464
426 458
427 492
430 446
433 453
434 437
440 464
447 477
448 471
452 497
463 484
465 487
465 479
466 491
467 495
470 475
