0 1
0 2
0 3
0 4
0 5
0 6
0 7
0 8
0 9
0 10
0 11
0 12
0 13
0 14
0 15
0 16
0 17
0 18
0 19
0 20
0 21
0 22
0 23
0 24
0 25
0 26
0 27
0 28
0 29
0 30
0 31
0 32
0 33
0 34
0 35
0 36
0 37
0 38
0 39
0 40
0 41
0 42
0 43
0 44
0 45
0 46
0 47
0 48
0 49
0 50
0 51
0 52
0 53
0 54
0 55
0 56
0 57
0 58
0 59
0 60
0 61
0 62
0 63
0 64
0 65
0 66
0 67
0 68
0 69
0 70
0 71
0 72
0 73
0 74
0 75
0 76
0 77
0 78
0 79
0 80
0 81
0 82
0 83
0 84
0 85
0 86
0 87
0 88
0 89
0 90
0 93
0 94
0 95
0 96
0 97
0 98
0 99
0 100
0 101
0 102
0 103
0 104
0 105
0 107
0 108
0 110
0 111
0 112
0 113
0 114
0 115
0 116
0 117
0 118
0 119
0 120
0 122
0 123
0 124
0 125
0 126
0 127
0 128
0 129
0 130
0 131
0 132
0 133
0 135
0 136
0 137
0 138
0 140
0 142
0 144
0 147
0 149
0 151
0 152
0 154
0 159
0 160
0 161
0 162
0 163
0 164
0 168
0 169
0 170
0 171
0 174
0 176
0 177
0 178
0 181
0 182
0 183
0 184
0 185
0 188
0 190
0 193
0 194
0 198
0 199
0 200
0 202
0 204
0 205
0 206
0 212
0 213
0 214
0 215
0 217
0 219
0 220
0 221
0 222
0 223
0 225
0 226
0 229
0 232
0 236
0 238
0 240
0 242
0 244
0 245
0 246
0 249
0 251
0 253
0 255
0 257
0 258
0 260
0 261
0 263
0 265
0 266
0 267
0 268
0 270
0 271
0 272
0 273
0 274
0 275
0 276
0 277
0 278
0 280
0 282
0 283
0 285
0 291
0 292
0 295
0 297
0 299
0 303
0 305
0 309
0 312
0 313
0 314
0 315
0 316
0 317
0 319
0 321
0 322
0 325
0 332
0 333
0 337
0 339
0 340
0 342
0 344
0 348
0 349
0 351
0 352
0 354
0 355
0 356
0 357
0 358
0 361
0 364
0 366
0 368
0 372
0 374
0 378
0 379
0 380
0 382
0 383
0 384
0 385
0 388
0 389
0 393
0 395
0 398
0 405
0 407
0 409
0 411
0 415
0 420
0 424
0 426
0 428
0 429
0 431
0 432
0 436
0 437
0 439
0 443
0 444
0 445
0 452
0 459
0 464
0 465
0 466
0 468
0 471
0 472
0 473
0 475
0 476
0 478
0 480
0 482
0 483
0 485
0 489
0 494
0 495
0 497
0 498
0 499
1 2
1 3
1 4
1 5
1 6
1 7
1 8
1 9
1 10
1 11
1 12
1 13
1 14
1 15
1 16
1 17
1 18
1 19
1 20
1 21
1 22
1 23
1 24
1 25
1 26
1 27
1 28
1 29
1 30
1 31
1 32
1 33
1 34
1 35
1 36
1 37
1 38
1 39
1 40
1 41
1 42
1 43
1 44
1 45
1 46
1 47
1 48
1 49
1 50
1 51
1 52
1 55
1 56
1 57
1 58
1 60
1 61
1 62
1 63
1 64
1 65
1 66
1 67
1 68
1 70
1 72
1 73
1 74
1 75
1 76
1 77
1 78
1 79
1 80
1 81
1 82
1 83
1 84
1 86
1 87
1 89
1 90
1 91
1 92
1 94
1 96
1 97
1 98
1 100
1 101
1 102
1 103
1 106
1 107
1 110
1 111
1 113
1 115
1 116
1 117
1 119
1 121
1 125
1 127
1 128
1 129
1 130
1 131
1 133
1 135
1 138
1 139
1 140
1 147
1 148
1 157
1 160
1 161
1 162
1 163
1 164
1 165
1 167
1 168
1 169
1 172
1 175
1 176
1 179
1 180
1 182
1 186
1 188
1 189
1 193
1 195
1 198
1 199
1 202
1 205
1 208
1 209
1 211
1 213
1 217
1 219
1 220
1 224
1 229
1 230
1 233
1 234
1 235
1 237
1 238
1 240
1 241
1 242
1 243
1 244
1 246
1 247
1 250
1 251
1 253
1 261
1 264
1 266
1 271
1 273
1 278
1 280
1 291
1 294
1 296
1 297
1 301
1 302
1 303
1 307
1 308
1 314
1 316
1 318
1 329
1 331
1 332
1 333
1 334
1 337
1 345
1 348
1 352
1 358
1 366
1 371
1 372
1 380
1 383
1 387
1 393
1 397
1 399
1 401
1 402
1 403
1 407
1 410
1 417
1 422
1 423
1 424
1 432
1 434
1 435
1 437
1 442
1 453
1 455
1 459
1 462
1 463
1 465
1 466
1 467
1 483
1 484
1 488
1 490
1 492
2 3
2 4
2 5
2 6
2 7
2 8
2 9
2 10
2 11
2 12
2 13
2 14
2 15
2 16
2 17
2 18
2 19
2 20
2 21
2 22
2 23
2 24
2 25
2 26
2 27
2 28
2 29
2 30
2 31
2 32
2 33
2 34
2 35
2 36
2 37
2 38
2 39
2 40
2 41
2 42
2 43
2 44
2 46
2 47
2 48
2 49
2 50
2 51
2 52
2 53
2 54
2 55
2 56
2 58
2 59
2 61
2 63
2 65
2 66
2 69
2 71
2 74
2 75
2 76
2 78
2 80
2 81
2 82
2 83
2 84
2 86
2 88
2 89
2 90
2 94
2 95
2 96
2 97
2 99
2 100
2 101
2 102
2 106
2 108
2 109
2 112
2 114
2 115
2 116
2 118
2 122
2 124
2 126
2 128
2 133
2 135
2 137
2 138
2 140
2 144
2 148
2 149
2 151
2 152
2 154
2 161
2 165
2 166
2 168
2 170
2 176
2 183
2 185
2 186
2 190
2 203
2 204
2 212
2 217
2 218
2 226
2 228
2 230
2 234
2 247
2 255
2 256
2 258
2 259
2 260
2 263
2 269
2 271
2 277
2 281
2 283
2 285
2 290
2 291
2 294
2 303
2 309
2 320
2 322
2 332
2 334
2 339
2 351
2 360
2 364
2 368
2 370
2 378
2 389
2 397
2 405
2 406
2 407
2 408
2 411
2 412
2 419
2 430
2 433
2 446
2 449
2 450
2 452
2 455
2 460
2 461
2 463
2 464
2 465
2 470
2 479
2 483
2 488
2 491
2 493
2 496
2 497
3 4
3 5
3 6
3 7
3 8
3 9
3 10
3 11
3 12
3 13
3 14
3 15
3 16
3 17
3 18
3 19
3 20
3 21
3 22
3 23
3 24
3 25
3 26
3 27
3 28
3 29
3 30
3 31
3 32
3 33
3 34
3 35
3 37
3 294
3 39
3 40
3 41
3 298
3 43
3 44
3 45
3 46
3 47
3 351
3 51
3 53
3 54
3 300
3 283
3 59
3 60
3 61
3 63
3 64
3 66
3 67
3 68
3 69
3 73
3 74
3 479
3 476
3 334
3 79
3 80
3 81
3 341
3 86
3 87
3 88
3 89
3 267
3 91
3 92
3 93
3 95
3 97
3 99
3 293
3 104
3 110
3 112
3 114
3 116
3 119
3 276
3 378
3 320
3 132
3 136
3 138
3 139
3 145
3 146
3 366
3 150
3 151
3 408
3 153
3 154
3 346
3 157
3 158
3 159
3 460
3 163
3 165
3 272
3 168
3 169
3 173
3 174
3 285
3 432
3 178
3 388
3 180
3 182
3 329
3 185
3 190
3 279
3 193
3 262
3 412
3 407
3 289
3 457
3 203
3 204
3 207
3 470
3 463
3 220
3 478
3 223
3 481
3 229
3 452
3 489
3 234
3 491
3 237
3 238
3 434
3 240
3 251
3 281
4 5
4 6
4 7
4 8
4 9
4 10
4 11
4 12
4 13
4 14
4 15
4 16
4 17
4 18
4 19
4 278
4 23
4 24
4 25
4 26
4 27
4 28
4 29
4 30
4 261
4 288
4 33
4 35
4 38
4 39
4 40
4 41
4 42
4 46
4 47
4 50
4 51
4 52
4 53
4 54
4 265
4 57
4 59
4 61
4 62
4 63
4 469
4 323
4 69
4 353
4 311
4 334
4 269
4 81
4 335
4 83
4 84
4 86
4 87
4 88
4 90
4 91
4 92
4 94
4 95
4 97
4 310
4 273
4 379
4 105
4 106
4 109
4 366
4 114
4 117
4 118
4 119
4 120
4 319
4 384
4 133
4 390
4 135
4 136
4 138
4 139
4 397
4 365
4 145
4 150
4 409
4 154
4 156
4 325
4 162
4 163
4 421
4 166
4 423
4 427
4 173
4 431
4 440
4 441
4 443
4 445
4 190
4 447
4 448
4 451
4 452
4 375
4 204
4 205
4 207
4 271
4 210
4 291
4 212
4 213
4 472
4 219
4 464
4 226
4 227
4 229
4 490
4 272
4 495
4 242
4 339
4 315
4 298
4 255
5 6
5 7
5 8
5 9
5 10
5 11
5 12
5 13
5 14
5 15
5 17
5 18
5 19
5 276
5 21
5 23
5 24
5 25
5 26
5 27
5 28
5 29
5 30
5 31
5 288
5 33
5 35
5 37
5 38
5 39
5 40
5 41
5 43
5 46
5 47
5 48
5 49
5 306
5 51
5 52
5 53
5 311
5 56
5 314
5 63
5 67
5 68
5 69
5 256
5 72
5 73
5 258
5 331
5 332
5 78
5 79
5 81
5 82
5 85
5 356
5 90
5 93
5 97
5 98
5 100
5 357
5 104
5 361
5 109
5 366
5 111
5 112
5 360
5 119
5 125
5 277
5 328
5 385
5 143
5 401
5 403
5 149
5 407
5 152
5 410
5 413
5 416
5 164
5 422
5 173
5 430
5 175
5 177
5 178
5 180
5 181
5 185
5 188
5 189
5 447
5 194
5 195
5 289
5 200
5 201
5 461
5 206
5 465
5 210
5 365
5 218
5 220
5 478
5 228
5 230
5 451
5 240
5 242
5 244
5 349
6 7
6 8
6 9
6 10
6 11
6 12
6 13
6 14
6 15
6 16
6 17
6 18
6 19
6 20
6 24
6 25
6 285
6 30
6 32
6 33
6 35
6 36
6 37
6 433
6 263
6 45
6 46
6 305
6 50
6 54
6 312
6 58
6 315
6 266
6 394
6 63
6 68
6 71
6 328
6 479
6 333
6 78
6 79
6 80
6 84
6 341
6 89
6 90
6 93
6 95
6 98
6 359
6 362
6 107
6 108
6 274
6 445
6 113
6 115
6 464
6 118
6 120
6 125
6 127
6 138
6 403
6 149
6 412
6 157
6 159
6 164
6 169
6 327
6 172
6 72
6 437
6 438
6 441
6 188
6 189
6 194
6 196
6 198
6 456
6 205
6 208
6 209
6 469
6 217
6 220
6 293
6 225
6 485
6 231
6 499
6 250
6 383
7 263
7 8
7 9
7 10
7 11
7 12
7 13
7 14
7 15
7 18
7 20
7 21
7 22
7 24
7 260
7 29
7 31
7 289
7 34
7 38
7 49
7 40
7 41
7 42
7 43
7 44
7 45
7 305
7 50
7 307
7 350
7 56
7 57
7 60
7 266
7 319
7 65
7 69
7 71
7 72
7 258
7 75
7 77
7 335
7 312
7 86
7 313
7 88
7 348
7 93
7 94
7 96
7 97
7 100
7 358
7 105
7 106
7 61
7 369
7 117
7 121
7 362
7 299
7 395
7 142
7 152
7 153
7 51
7 157
7 162
7 168
7 169
7 170
7 327
7 173
7 177
7 180
7 438
7 184
7 187
7 196
7 453
7 418
7 206
7 466
7 212
7 219
7 222
7 485
7 337
7 240
7 242
8 10
8 11
8 17
8 18
8 19
8 21
8 23
8 25
8 26
8 283
8 29
8 30
8 261
8 33
8 290
8 35
8 37
8 39
8 40
8 291
8 43
8 302
8 47
8 309
8 59
8 138
8 64
8 267
8 69
8 71
8 72
8 332
8 335
8 81
8 82
8 339
8 341
8 90
8 92
8 94
8 95
8 357
8 103
8 104
8 106
8 364
8 370
8 119
8 299
8 384
8 131
8 134
8 108
8 394
8 151
8 154
8 155
8 496
8 162
8 114
8 176
8 433
8 442
8 188
8 390
8 456
8 205
8 463
8 467
8 468
8 217
8 219
8 478
8 263
8 487
8 295
8 239
8 240
8 248
8 252
9 10
9 11
9 13
9 256
9 15
9 16
9 17
9 18
9 276
9 21
9 22
9 25
9 27
9 28
9 29
9 36
9 37
9 38
9 295
9 470
9 298
9 300
9 45
9 50
9 309
9 55
9 58
9 266
9 65
9 70
9 72
9 79
9 82
9 84
9 85
9 87
9 89
9 349
9 96
9 97
9 99
9 108
9 373
9 122
9 124
9 385
9 131
9 132
9 260
9 139
9 140
9 491
9 398
9 408
9 146
9 147
9 152
9 154
9 157
9 453
9 162
9 167
9 455
9 438
9 186
9 448
9 452
9 197
9 199
9 457
9 203
9 207
9 209
9 214
9 216
9 473
9 480
9 226
9 227
9 486
9 235
9 237
9 497
9 243
9 248
9 249
9 251
10 11
10 12
10 14
10 16
10 17
10 22
10 25
10 26
10 28
10 29
10 30
10 31
10 32
10 34
10 35
10 342
10 294
10 44
10 48
10 49
10 50
10 52
10 56
10 57
10 58
10 318
10 65
10 66
10 67
10 69
10 70
10 327
10 72
10 74
10 76
10 78
10 352
10 86
10 91
10 348
10 96
10 272
10 99
10 100
10 101
10 104
10 361
10 106
10 368
10 369
10 370
10 115
10 116
10 120
10 122
10 128
10 133
10 393
10 139
10 322
10 399
10 151
10 154
10 156
10 282
10 424
10 425
10 174
10 328
10 178
10 182
10 439
10 188
10 191
10 194
10 195
10 197
10 290
10 206
10 205
10 210
10 469
10 470
10 217
10 257
10 222
10 226
10 484
10 488
10 496
10 254
10 264
11 151
11 12
11 13
11 14
11 15
11 303
11 195
11 23
11 24
11 25
11 26
11 27
11 28
11 154
11 133
11 393
11 33
11 163
11 37
11 169
11 326
11 43
11 45
11 285
11 385
11 177
11 50
11 265
11 56
11 267
11 58
11 287
11 61
11 62
11 447
11 320
11 193
11 311
11 67
11 196
11 130
11 199
11 460
11 74
11 75
11 322
11 206
11 79
11 291
11 84
11 270
11 86
11 87
11 216
11 90
11 91
11 94
11 293
11 263
11 315
11 100
11 101
11 455
11 104
11 107
11 417
11 242
11 119
11 153
11 378
11 124
11 125
11 283
11 247
12 300
12 268
12 301
12 272
12 17
12 18
12 21
12 22
12 25
12 26
12 286
12 33
12 36
12 262
12 295
12 40
12 41
12 43
12 44
12 45
12 46
12 303
12 48
12 49
12 306
12 53
12 310
12 312
12 266
12 62
12 65
12 322
12 70
12 337
12 94
12 351
12 97
12 354
12 100
12 104
12 105
12 109
12 366
12 317
12 112
12 116
12 121
12 124
12 125
12 129
12 133
12 136
12 137
12 395
12 141
12 143
12 404
12 149
12 153
12 164
12 422
12 434
12 179
12 439
12 184
12 442
12 188
12 190
12 191
12 449
12 454
12 202
12 205
12 462
12 207
12 474
12 225
12 50
12 228
12 494
12 496
12 241
13 258
13 14
13 15
13 16
13 323
13 148
13 406
13 26
13 28
13 30
13 33
13 34
13 35
13 38
13 39
13 412
13 193
13 43
13 178
13 175
13 48
13 50
13 180
13 437
13 182
13 55
13 56
13 441
13 60
13 189
13 475
13 63
13 65
13 194
13 195
13 452
13 70
13 199
13 202
13 75
13 78
13 237
13 212
13 85
13 88
13 143
13 92
13 93
13 350
13 95
13 240
13 227
13 484
13 381
13 358
13 361
13 364
13 109
13 111
13 112
13 499
13 246
13 247
13 253
14 136
14 393
14 398
14 15
14 16
14 456
14 20
14 21
14 406
14 23
14 26
14 27
14 28
14 30
14 32
14 283
14 139
14 41
14 426
14 43
14 172
14 45
14 47
14 48
14 49
14 434
14 181
14 473
14 187
14 60
14 189
14 175
14 67
14 198
14 71
14 72
14 75
14 205
14 78
14 79
14 141
14 82
14 84
14 284
14 87
14 267
14 89
14 474
14 357
14 96
14 101
14 230
14 359
14 106
14 110
14 367
14 370
14 371
14 119
14 122
14 123
14 252
15 282
15 278
15 218
15 153
15 154
15 28
15 157
15 31
15 33
15 162
15 262
15 167
15 40
15 156
15 42
15 45
15 284
15 50
15 308
15 182
15 183
15 56
15 364
15 315
15 61
15 190
15 63
15 192
15 449
15 67
15 374
15 454
15 72
15 73
15 330
15 75
15 76
15 83
15 212
15 142
15 86
15 90
15 91
15 395
15 378
15 351
15 96
15 227
15 358
15 231
15 488
15 108
15 365
15 339
15 285
15 118
15 41
15 376
15 121
15 122
15 119
15 125
16 407
16 140
16 43
16 146
16 20
16 23
16 25
16 27
16 265
16 285
16 33
16 162
16 292
16 37
16 38
16 49
16 42
16 199
16 44
16 177
16 437
16 137
16 56
16 57
16 314
16 59
16 70
16 67
16 69
16 198
16 71
16 457
16 75
16 79
16 464
16 440
16 398
16 86
16 215
16 88
16 331
16 427
16 348
16 222
16 361
16 484
16 357
16 465
16 161
16 423
16 492
16 111
16 373
16 299
16 250
16 126
17 151
17 256
17 144
17 248
17 20
17 21
17 23
17 408
17 25
17 27
17 328
17 157
17 260
17 32
17 162
17 36
17 38
17 40
17 274
17 44
17 49
17 52
17 55
17 308
17 58
17 444
17 63
17 331
17 70
17 72
17 268
17 458
17 119
17 464
17 81
17 82
17 87
17 344
17 218
17 395
17 480
17 422
17 488
17 252
17 109
17 113
17 116
17 247
17 120
17 251
17 124
17 255
18 143
18 43
18 19
18 20
18 22
18 260
18 282
18 412
18 29
18 410
18 31
18 32
18 289
18 278
18 35
18 36
18 37
18 39
18 41
18 171
18 44
18 45
18 46
18 175
18 50
18 51
18 181
18 438
18 198
18 65
18 66
18 324
18 70
18 71
18 454
18 140
18 332
18 77
18 416
18 85
18 88
18 345
18 223
18 225
18 98
18 100
18 229
18 233
18 485
18 112
18 244
18 245
18 118
18 119
18 248
18 448
18 299
19 321
19 137
19 473
19 270
19 45
19 131
19 20
19 21
19 22
19 279
19 132
19 28
19 29
19 31
19 133
19 161
19 35
19 261
19 390
19 297
19 173
19 176
19 200
19 50
19 53
19 438
19 55
19 184
19 57
19 187
19 61
19 63
19 64
19 65
19 452
19 71
19 72
19 76
19 476
19 462
19 80
19 85
19 471
19 89
19 90
19 399
19 220
19 336
19 99
19 361
19 110
19 317
19 112
19 246
19 121
19 252
20 132
20 265
20 266
20 258
20 148
20 21
20 30
20 160
20 35
20 37
20 38
20 296
20 257
20 45
20 46
20 50
20 179
20 309
20 59
20 189
20 190
20 63
20 64
20 32
20 435
20 67
20 326
20 70
20 72
20 82
20 446
20 473
20 96
20 97
20 354
20 315
20 485
20 230
20 402
20 365
20 434
20 117
20 375
20 121
20 253
20 126
21 266
21 450
21 406
21 279
21 24
21 153
21 282
21 28
21 26
21 389
21 160
21 37
21 40
21 284
21 300
21 301
21 302
21 29
21 178
21 307
21 58
21 59
21 447
21 65
21 194
21 451
21 68
21 80
21 210
21 340
21 90
21 221
21 96
21 105
21 367
21 168
21 403
21 169
21 121
22 139
22 130
22 398
22 275
22 277
22 406
22 153
22 282
22 27
22 26
22 288
22 34
22 37
22 166
22 39
22 40
22 426
22 157
22 177
22 308
22 446
22 63
22 192
22 450
22 68
22 453
22 326
22 75
22 76
22 77
22 78
22 473
22 219
22 93
22 97
22 231
22 108
22 424
22 242
22 374
22 251
22 253
22 405
23 130
23 271
23 151
23 25
23 26
23 157
23 30
23 35
23 37
23 38
23 425
23 299
23 46
23 29
23 158
23 54
23 55
23 313
23 59
23 60
23 317
23 190
23 72
23 459
23 204
23 335
23 337
23 467
23 43
23 344
23 220
23 422
23 103
23 360
23 491
23 108
23 110
23 111
23 112
23 255
24 266
24 270
24 273
24 131
24 151
24 26
24 158
24 163
24 168
24 41
24 43
24 429
24 46
24 432
24 309
24 182
24 311
24 312
24 185
24 187
24 188
24 189
24 66
24 67
24 54
24 455
24 460
24 76
24 79
24 80
24 376
24 210
24 398
24 315
24 484
24 60
24 61
24 240
24 243
24 374
24 120
24 121
24 122
24 382
25 271
25 205
25 46
25 388
25 26
25 27
25 346
25 158
25 261
25 34
25 35
25 294
25 39
25 40
25 299
25 174
25 136
25 438
25 55
25 190
25 322
25 68
25 326
25 199
25 366
25 77
25 79
25 211
25 264
25 473
25 90
25 223
25 144
25 232
25 108
25 402
25 238
25 495
25 368
25 243
25 116
25 117
25 247
25 381
25 126
26 388
26 399
26 408
26 31
26 33
26 36
26 166
26 39
26 41
26 170
26 301
26 177
26 51
26 308
26 183
26 58
26 287
26 189
26 279
26 67
26 70
26 459
26 205
26 83
26 270
26 88
26 89
26 222
26 100
26 61
26 243
26 382
26 255
27 263
27 141
27 387
27 281
27 28
27 31
27 34
27 37
27 38
27 40
27 43
27 433
27 180
27 54
27 187
27 191
27 65
27 66
27 69
27 198
27 389
27 162
27 339
27 135
27 145
27 107
27 495
27 112
27 126
27 247
27 124
27 254
28 391
28 136
28 144
28 404
28 155
28 157
28 31
28 33
28 467
28 163
28 39
28 425
28 338
28 45
28 302
28 392
28 435
28 52
28 55
28 184
28 187
28 188
28 266
28 139
28 452
28 241
28 206
28 82
28 35
28 429
28 90
28 476
28 221
28 95
28 225
28 227
28 195
28 232
28 295
28 109
28 496
28 113
28 211
28 245
28 247
28 121
28 122
28 253
28 382
29 270
29 145
29 156
29 30
29 35
29 295
29 129
29 171
29 44
29 429
29 50
29 414
29 310
29 393
29 56
29 441
29 186
29 67
29 72
29 73
29 77
29 80
29 81
29 216
29 345
29 58
29 362
29 39
29 236
29 434
29 112
29 147
29 376
29 122
29 123
29 252
29 127
30 162
30 44
30 146
30 259
30 46
30 31
30 34
30 37
30 40
30 42
30 263
30 172
30 174
30 308
30 185
30 63
30 65
30 262
30 451
30 196
30 453
30 130
30 199
30 77
30 79
30 208
30 83
30 213
30 87
30 95
30 229
30 358
30 359
30 366
30 368
30 498
30 116
30 319
30 252
31 134
31 379
31 141
31 142
31 145
31 148
31 417
31 291
31 38
31 423
31 41
31 172
31 45
31 54
31 56
31 442
31 59
31 191
31 66
31 69
31 71
31 457
31 75
31 461
31 78
31 463
31 355
31 398
31 87
31 89
31 91
31 223
31 224
31 99
31 360
31 380
31 120
31 276
31 63
31 124
31 126
32 136
32 392
32 195
32 151
32 153
32 432
32 33
32 35
32 40
32 169
32 42
32 48
32 305
32 179
32 189
32 117
32 67
32 70
32 72
32 330
32 77
32 205
32 80
32 424
32 215
32 230
32 145
32 107
32 108
32 369
32 498
32 373
32 297
32 63
32 170
32 127
33 394
33 274
33 157
33 410
33 287
33 35
33 167
33 176
33 306
33 58
33 192
33 416
33 203
33 325
33 72
33 140
33 75
33 76
33 82
33 83
33 85
33 470
33 471
33 267
33 378
33 479
33 485
33 232
33 234
33 295
33 364
33 494
33 111
33 115
33 375
33 250
33 460
34 452
34 128
34 335
34 247
34 66
34 462
34 81
34 82
34 275
34 412
34 220
34 93
34 224
34 97
34 164
34 38
34 465
34 41
34 298
34 235
34 146
34 111
34 51
34 350
34 105
34 126
35 263
35 219
35 37
35 166
35 327
35 300
35 388
35 180
35 181
35 317
35 320
35 130
35 161
35 72
35 76
35 213
35 87
35 218
35 91
35 165
35 97
35 131
35 231
35 232
35 490
35 189
35 123
36 67
36 339
36 322
36 450
36 81
36 195
36 84
36 345
36 348
36 282
36 350
36 482
36 99
36 100
36 230
36 103
36 340
36 169
36 106
36 428
36 173
36 46
36 47
36 48
36 241
36 51
36 180
36 268
36 121
36 443
36 426
37 128
37 142
37 259
37 133
37 166
37 43
37 44
37 301
37 46
37 47
37 308
37 158
37 55
37 279
37 194
37 471
37 328
37 74
37 207
37 82
37 85
37 215
37 472
37 89
37 218
37 95
37 484
37 107
37 111
37 113
37 123
37 253
38 457
38 266
38 83
38 480
38 176
38 196
38 71
38 414
38 453
38 80
38 379
38 293
38 42
38 43
38 240
38 46
38 112
38 243
38 52
38 247
38 57
38 122
38 187
38 234
38 62
39 148
39 397
39 388
39 160
39 496
39 40
39 429
39 46
39 157
39 48
39 51
39 52
39 182
39 447
39 480
39 67
39 73
39 331
39 460
39 141
39 338
39 212
39 85
39 478
39 352
39 225
39 103
39 361
39 108
39 365
39 112
39 114
39 499
39 372
39 245
39 122
39 380
39 469
40 265
40 139
40 131
40 151
40 282
40 163
40 174
40 385
40 306
40 56
40 60
40 61
40 64
40 67
40 324
40 71
40 202
40 81
40 87
40 217
40 271
40 221
40 353
40 484
40 229
40 273
40 104
40 105
40 107
40 492
40 243
40 248
41 471
41 65
41 136
41 396
41 459
41 77
41 144
41 461
41 279
41 169
41 111
41 491
41 93
41 251
41 164
41 423
41 105
41 47
41 497
41 51
41 52
41 55
41 57
41 442
41 223
41 127
42 130
42 282
42 285
42 287
42 164
42 129
42 299
42 172
42 47
42 304
42 50
42 52
42 55
42 56
42 441
42 60
42 61
42 318
42 63
42 194
42 71
42 74
42 482
42 207
42 84
42 88
42 225
42 98
42 102
42 230
42 491
42 238
42 374
42 248
42 251
43 172
43 323
43 154
43 167
43 300
43 46
43 52
43 312
43 186
43 444
43 317
43 193
43 67
43 256
43 341
43 86
43 89
43 91
43 92
43 350
43 400
43 98
43 355
43 484
43 485
43 358
43 105
43 107
43 492
43 121
44 265
44 109
44 387
44 152
44 282
44 419
44 47
44 48
44 328
44 179
44 53
44 55
44 57
44 186
44 65
44 200
44 459
44 76
44 205
44 207
44 336
44 337
44 338
44 467
44 84
44 89
44 90
44 384
44 93
44 144
44 362
44 274
44 378
44 254
45 68
45 395
45 90
45 75
45 352
45 225
45 170
45 299
45 468
45 429
45 497
45 438
45 313
45 351
46 128
46 271
46 259
46 389
46 163
46 291
46 172
46 52
46 182
46 415
46 64
46 147
46 54
46 198
46 337
46 83
46 89
46 93
46 223
46 96
46 97
46 356
46 423
46 110
46 371
47 199
47 128
47 75
47 205
47 207
47 144
47 83
47 174
47 153
47 89
47 347
47 285
47 261
47 161
47 291
47 100
47 104
47 455
47 289
47 110
47 303
47 496
47 114
47 324
47 119
47 120
47 57
47 60
47 345
48 387
48 456
48 356
48 143
48 82
48 467
48 78
48 86
48 164
48 410
48 157
48 415
48 370
48 237
48 317
48 240
48 49
48 242
48 258
48 418
48 253
48 429
49 68
49 137
49 435
49 66
49 205
49 210
49 467
49 343
49 144
49 99
49 165
49 81
49 466
49 50
49 243
49 372
49 245
49 310
49 55
49 187
49 189
50 194
50 206
50 321
50 86
50 92
50 231
50 160
50 416
50 103
50 220
50 71
50 108
50 174
50 93
50 112
50 242
50 172
50 376
50 106
50 382
51 262
51 72
51 375
51 79
51 468
51 151
51 152
51 155
51 285
51 133
51 353
51 379
51 390
51 294
51 168
51 223
51 175
51 232
51 435
51 361
51 120
51 185
51 58
51 59
51 443
52 262
52 193
52 72
52 173
52 82
52 84
52 438
52 463
52 377
52 88
52 68
52 474
52 103
52 158
52 327
52 212
52 166
52 470
52 338
52 146
52 175
52 113
52 373
52 118
52 119
52 121
52 62
53 129
53 199
53 172
53 77
53 142
53 273
53 83
53 277
53 150
53 132
53 97
53 485
53 231
53 168
53 107
53 259
53 111
53 112
53 424
53 449
53 236
53 329
53 56
53 58
53 428
53 252
53 254
53 437
54 201
54 459
54 140
54 77
54 270
54 141
54 144
54 408
54 467
54 340
54 342
54 196
54 471
54 93
54 94
54 130
54 251
54 421
54 358
54 168
54 425
54 106
54 221
54 113
54 438
54 445
54 250
54 234
54 126
55 193
55 156
55 458
55 151
55 493
55 365
55 146
55 468
55 341
55 91
55 162
55 281
55 226
55 239
55 385
55 115
55 180
55 310
55 201
55 372
55 122
55 60
55 125
55 62
56 67
56 130
56 137
56 82
56 84
56 405
56 151
56 488
56 360
56 228
56 358
56 365
56 367
56 104
56 116
56 311
56 308
56 58
56 60
56 62
56 437
57 451
57 132
57 68
57 72
57 265
57 332
57 77
57 146
57 89
57 408
57 156
57 96
57 102
57 298
57 178
57 308
57 492
57 362
57 394
58 195
58 246
58 70
58 268
58 130
58 142
58 79
58 222
58 427
58 87
58 218
58 462
58 158
58 223
58 227
58 107
58 301
58 111
58 221
58 116
58 182
58 215
58 308
58 270
58 60
58 134
59 129
59 438
59 137
59 140
59 142
59 79
59 146
59 419
59 91
59 159
59 354
59 411
59 421
59 102
59 104
59 234
59 451
59 304
59 246
59 183
59 248
60 72
60 137
60 202
60 203
60 84
60 86
60 156
60 459
60 95
60 97
60 291
60 164
60 433
60 284
60 173
60 432
60 104
60 498
60 190
60 120
60 200
60 126
60 296
61 335
61 128
61 274
61 394
61 152
61 283
61 157
61 408
61 163
61 357
61 433
61 466
61 430
61 240
61 232
61 119
61 376
61 234
61 266
61 106
61 126
61 191
62 374
62 70
62 199
62 456
62 202
62 140
62 271
62 376
62 300
62 405
62 217
62 153
62 220
62 97
62 151
62 356
62 167
62 426
62 295
62 236
62 109
62 242
62 437
62 118
62 315
62 188
63 65
63 200
63 470
63 151
63 473
63 90
63 353
63 165
63 259
63 122
63 426
64 66
64 196
64 197
64 70
64 75
64 322
64 79
64 208
64 110
64 278
64 216
64 309
64 157
64 325
64 355
64 420
64 229
64 429
64 467
64 245
64 379
64 124
64 317
64 255
65 196
65 213
65 256
65 397
65 337
65 147
65 452
65 99
65 274
65 110
65 76
65 238
65 233
65 364
66 199
66 386
66 271
66 195
66 212
66 213
66 86
66 484
66 218
66 155
66 476
66 100
66 486
66 294
66 103
66 233
66 171
66 175
66 123
67 279
67 265
67 81
67 154
67 87
67 356
67 91
67 156
67 94
67 312
67 448
67 234
67 369
67 114
67 115
67 158
67 249
67 189
68 72
68 202
68 142
68 210
68 89
68 207
68 286
68 453
68 486
68 297
68 338
68 173
68 435
68 180
69 258
69 210
69 279
69 281
69 491
69 221
69 222
69 95
69 99
69 101
69 103
69 199
69 429
69 317
69 369
69 178
69 182
69 375
69 122
69 74
70 196
70 390
70 321
70 203
70 211
70 85
70 352
70 216
70 478
70 287
70 97
70 230
70 297
70 107
70 353
70 239
70 176
70 72
70 192
70 118
70 189
70 127
71 195
71 330
71 395
71 86
71 155
71 476
71 226
71 294
71 427
71 108
71 114
71 403
71 117
71 287
71 126
71 373
72 450
72 151
72 269
72 462
72 482
72 152
72 271
72 453
72 408
72 356
72 102
72 129
72 291
72 111
72 369
72 248
72 255
73 239
73 424
73 189
73 333
73 206
73 93
73 176
73 113
73 208
73 84
73 182
73 126
73 223
74 335
74 88
74 338
74 147
74 216
74 91
74 349
74 222
74 101
74 195
74 425
74 108
74 301
74 115
74 376
74 445
75 259
75 150
75 128
75 79
75 210
75 453
75 340
75 95
75 98
75 443
75 194
75 144
75 109
75 111
75 368
75 189
75 244
75 439
75 378
75 125
76 264
76 336
76 402
76 148
76 86
76 257
76 224
76 110
76 328
76 184
76 249
77 197
77 317
77 143
77 227
77 366
77 441
77 219
77 156
77 93
77 95
77 99
77 210
77 110
77 306
77 115
77 430
77 378
77 125
78 136
78 143
78 269
78 334
78 90
78 349
78 410
78 100
78 101
78 486
78 105
78 106
78 301
78 174
78 431
78 177
78 366
78 297
78 430
78 415
79 204
79 209
79 83
79 334
79 88
79 354
79 488
79 233
80 260
80 261
80 327
80 460
80 452
80 143
80 81
80 87
80 292
80 421
80 483
80 100
80 102
80 238
80 431
80 339
80 180
80 247
80 244
81 138
81 206
81 472
81 132
81 91
81 286
81 96
81 272
81 101
81 433
81 234
81 429
81 111
81 370
81 245
81 377
82 327
82 275
82 142
82 87
82 415
82 422
82 170
82 493
82 111
82 200
82 243
82 246
82 183
82 314
82 318
83 130
83 400
83 276
83 405
83 151
83 271
83 92
83 99
83 231
83 380
83 359
83 173
83 496
83 283
83 124
83 475
84 205
84 215
84 152
84 94
84 113
84 176
84 177
84 318
84 246
84 126
84 255
85 162
85 323
85 97
85 138
85 108
85 142
85 450
85 465
85 197
85 218
85 198
86 262
86 334
86 146
86 107
86 363
86 92
86 158
86 400
86 173
86 258
86 123
86 192
87 193
87 140
87 469
87 91
87 250
87 94
87 161
87 226
87 163
87 102
87 391
87 236
87 239
87 113
87 246
87 283
87 188
88 321
88 269
88 387
88 276
88 152
88 346
88 286
88 415
88 422
88 430
88 435
88 158
89 392
89 141
89 301
89 340
89 214
89 153
89 198
89 157
89 225
89 323
89 109
89 172
89 312
89 428
90 451
90 137
90 150
90 346
90 416
90 99
90 262
90 424
90 233
90 206
90 264
90 180
90 236
90 183
90 120
90 191
90 316
90 443
91 137
91 272
91 375
91 388
91 154
91 478
91 292
91 103
91 444
91 499
91 121
91 122
91 187
91 316
92 470
92 207
92 339
92 404
92 409
92 461
92 143
92 155
92 229
92 236
92 429
92 456
92 243
92 184
92 475
93 133
93 331
93 204
93 217
93 495
93 157
93 164
93 167
93 111
93 113
93 95
93 444
93 445
94 364
94 334
94 275
94 398
94 267
94 153
94 459
94 480
94 225
94 226
94 391
94 108
94 353
94 177
94 445
94 318
95 138
95 464
95 338
95 291
95 102
95 105
95 170
95 367
95 392
95 118
96 324
96 192
96 384
96 212
96 313
96 420
96 424
96 297
96 493
96 201
96 340
96 378
97 202
97 241
97 190
97 211
97 154
97 157
97 225
97 293
97 103
97 291
97 106
97 483
97 289
97 303
97 238
98 194
98 201
98 106
98 396
98 484
98 143
98 403
98 409
98 218
98 415
98 100
98 390
98 433
98 241
98 242
98 181
98 118
98 393
98 234
99 392
99 194
99 448
99 333
99 475
99 222
99 416
99 294
99 369
99 361
99 298
99 445
99 304
99 117
99 457
99 184
99 250
99 381
100 260
100 226
100 276
100 149
100 214
100 216
100 479
100 427
100 237
100 110
100 112
100 305
100 307
100 439
100 313
101 388
101 327
101 137
101 145
101 152
101 473
101 346
101 284
101 223
101 472
101 273
101 296
101 265
101 415
101 125
101 191
102 299
102 196
102 137
102 145
102 226
102 273
102 362
102 489
102 235
102 434
102 238
102 239
102 114
102 180
102 438
102 121
102 186
102 106
102 126
102 373
103 452
103 455
103 267
103 322
103 258
103 464
103 213
103 154
103 410
103 166
103 172
103 434
103 368
103 498
103 118
103 187
103 445
104 128
104 265
104 256
104 228
104 282
104 286
104 133
104 161
104 164
104 230
104 304
104 360
104 116
104 183
104 138
105 384
105 115
105 200
105 162
105 152
105 147
105 148
105 270
105 344
105 411
105 356
105 307
106 141
106 205
106 404
106 150
106 215
106 156
106 405
106 490
106 365
106 252
106 191
107 138
107 396
107 435
107 429
107 342
107 154
107 347
107 303
107 498
107 371
107 185
107 380
107 447
108 337
108 475
108 356
108 454
108 166
108 297
108 111
108 114
108 372
109 129
109 195
109 172
109 202
109 271
109 339
109 340
109 152
109 280
109 353
109 163
109 293
109 364
109 251
109 124
109 190
110 128
110 143
110 213
110 278
110 216
110 158
110 353
110 184
110 186
110 382
111 393
111 202
111 268
111 269
111 340
111 280
111 153
111 166
111 273
111 200
111 116
111 182
111 312
111 189
112 385
112 130
112 137
112 400
112 337
112 147
112 154
112 291
112 230
112 299
112 285
112 185
112 477
112 124
113 438
113 177
113 160
113 405
114 192
114 169
114 386
114 214
114 347
114 284
115 390
115 193
115 271
115 346
115 287
115 224
115 423
115 234
115 225
115 432
115 245
115 123
116 262
116 335
116 467
116 151
116 442
116 420
116 235
116 174
116 378
116 192
116 191
117 354
117 262
117 181
117 454
117 334
117 245
117 346
117 223
118 387
118 457
118 144
118 450
118 269
118 149
118 344
118 226
118 424
118 240
118 246
118 185
118 125
119 263
119 173
119 355
119 495
119 371
119 153
120 265
120 143
120 348
120 218
120 414
120 287
120 123
120 401
120 233
120 178
120 310
120 183
120 184
120 251
121 322
121 201
121 212
121 152
121 217
121 220
121 416
121 227
121 316
121 143
121 383
122 198
122 147
122 483
122 326
122 169
122 174
122 305
122 382
123 139
123 450
123 189
123 408
123 180
123 331
123 124
124 358
124 135
124 259
124 138
124 236
124 234
125 140
125 384
125 131
126 259
126 326
126 194
126 469
126 154
126 220
126 363
126 173
126 495
126 305
127 395
127 424
127 267
127 365
127 353
127 144
127 145
127 148
127 448
127 187
127 446
127 491
128 465
128 276
128 280
128 473
128 287
128 291
128 166
128 233
128 171
128 236
128 375
129 228
129 165
129 262
129 139
129 173
129 337
129 276
129 281
129 448
129 220
130 450
130 388
130 206
130 342
130 411
130 368
130 168
130 169
130 172
130 307
130 490
131 197
131 269
131 334
131 333
131 408
131 222
131 224
131 354
131 294
131 487
131 171
131 174
131 424
131 414
131 247
131 313
131 189
132 448
132 196
132 168
132 138
132 499
132 144
132 249
133 427
133 256
133 465
133 469
133 250
133 252
133 389
134 385
134 418
134 483
134 229
134 390
134 340
134 298
134 488
134 180
134 153
134 248
134 276
134 414
135 411
135 257
135 298
135 271
135 280
135 371
135 184
135 164
135 220
135 253
136 256
136 176
136 140
136 426
136 303
136 144
136 371
136 152
136 410
136 208
136 351
137 243
137 236
137 203
137 205
137 187
137 433
137 389
138 271
138 336
138 466
138 259
138 279
138 424
138 493
138 328
138 437
138 251
139 455
139 155
139 302
139 472
139 437
140 451
140 260
140 407
140 207
140 320
140 214
140 356
140 235
140 200
140 435
140 373
140 265
141 458
141 321
141 396
141 391
141 445
141 240
141 305
141 274
141 372
141 398
141 413
142 393
142 473
142 155
142 361
142 423
142 204
142 281
142 196
142 158
143 163
143 274
143 209
143 227
143 494
143 478
143 447
144 490
144 259
144 364
144 332
144 405
144 150
144 473
144 414
144 234
144 426
144 382
145 300
145 206
145 253
145 176
145 271
145 210
145 212
145 376
145 308
145 254
146 459
146 170
146 148
146 206
146 184
146 443
147 238
147 303
147 273
147 243
147 319
148 354
148 494
148 272
148 437
148 169
148 457
148 345
148 378
148 445
149 449
149 169
149 226
149 260
149 378
149 156
149 191
150 391
150 450
150 227
150 254
151 399
151 394
151 152
151 157
151 482
151 296
151 267
151 255
151 200
151 317
152 328
152 203
152 322
152 463
152 480
152 486
152 497
152 244
152 265
152 300
152 191
153 202
153 435
153 476
153 437
154 412
154 227
154 364
154 308
154 249
155 179
155 362
155 364
155 435
155 186
155 254
155 485
156 226
157 218
157 283
157 351
157 352
157 163
157 239
157 177
157 481
157 308
157 309
158 324
158 168
158 235
158 251
158 254
158 296
159 305
159 166
159 216
159 361
159 186
159 282
159 239
160 325
160 491
160 256
160 221
160 313
160 447
160 189
160 223
161 357
161 294
161 450
161 276
161 374
161 441
161 346
161 367
162 432
162 305
162 307
162 253
163 470
163 199
163 328
163 395
163 342
163 226
163 370
163 310
163 376
164 256
164 481
164 276
164 247
164 332
164 361
165 363
165 335
165 396
165 258
166 172
166 234
166 203
166 272
166 435
166 404
166 475
167 320
167 363
167 297
167 368
167 241
167 433
167 215
167 411
168 425
168 196
168 204
168 185
168 202
169 334
169 259
169 482
169 170
169 238
169 182
169 462
170 326
170 456
170 177
170 348
170 314
171 486
171 327
171 306
171 397
171 419
171 311
171 281
171 345
172 233
172 236
172 337
172 426
172 234
173 412
173 363
173 303
173 227
173 411
174 224
174 482
174 262
174 359
174 299
174 237
174 241
174 249
175 323
175 324
175 284
175 331
175 466
175 177
175 214
175 184
175 355
175 188
175 253
176 204
176 328
176 242
176 325
176 230
177 465
177 494
177 308
177 284
178 452
178 268
178 337
178 403
178 213
178 471
178 315
178 285
178 414
179 393
179 481
179 238
179 210
179 275
179 300
179 188
179 254
180 201
180 355
180 459
180 229
180 496
180 243
180 311
180 184
180 383
181 290
181 198
181 360
181 468
181 214
181 471
181 318
182 482
182 288
182 387
182 317
182 372
182 213
182 250
183 428
183 488
183 498
183 346
183 253
184 262
184 205
184 280
184 219
184 367
184 198
184 234
184 371
184 362
185 353
185 443
185 348
186 261
186 213
187 263
187 497
187 419
187 205
187 302
187 476
187 313
187 355
188 418
188 243
188 209
188 474
188 426
189 332
189 408
189 297
189 375
189 313
190 425
190 439
190 438
190 286
191 336
191 272
191 348
192 231
192 360
192 362
192 442
192 252
193 358
193 294
193 359
193 492
193 396
193 373
193 410
194 420
194 494
194 241
195 474
195 253
195 367
196 419
196 239
196 385
196 360
196 244
196 251
197 306
197 486
197 361
197 202
197 402
198 420
198 201
198 331
198 236
198 216
198 464
198 300
198 282
199 272
199 407
199 444
199 316
199 309
200 320
200 391
200 392
200 458
200 250
201 311
201 362
201 279
201 268
201 465
201 220
202 444
202 273
202 215
202 324
202 367
202 368
202 217
202 252
203 295
203 486
203 432
203 216
203 227
204 490
204 398
204 403
205 261
205 281
205 478
205 354
205 227
205 311
206 260
206 407
206 286
206 479
206 356
206 360
206 363
206 274
206 435
206 329
206 318
207 321
207 343
207 477
207 271
207 223
208 422
208 326
208 225
208 295
208 301
208 432
208 465
208 210
208 275
208 265
208 371
208 218
208 315
209 389
209 458
209 337
209 306
209 254
209 350
210 258
210 405
210 383
211 338
211 276
211 374
211 248
211 263
211 281
212 257
212 338
213 358
213 498
213 431
213 400
213 345
213 379
214 352
214 387
214 266
214 432
214 472
214 243
214 313
214 413
214 330
214 469
215 260
215 423
215 384
215 407
215 252
215 254
216 353
216 328
216 365
216 465
216 466
216 227
216 302
216 438
216 441
217 241
217 307
217 236
217 232
217 243
217 433
217 316
218 326
218 263
218 415
219 354
219 391
219 482
219 387
219 377
219 413
220 321
220 499
220 464
220 485
220 389
221 310
221 438
221 458
221 236
221 374
221 278
221 279
221 475
222 480
222 260
222 468
222 375
223 386
223 452
223 477
223 369
223 319
223 442
224 486
224 263
224 489
224 442
225 247
226 320
226 343
226 403
226 470
226 284
226 306
226 441
226 319
227 321
227 271
227 473
228 388
228 326
228 298
228 373
229 354
229 271
229 241
229 243
229 316
230 324
230 301
230 430
230 244
231 352
231 436
231 353
232 370
232 434
232 274
232 383
233 289
233 418
233 414
234 371
234 405
234 285
234 295
234 361
234 495
234 436
235 373
235 376
236 427
236 331
236 410
237 481
237 360
237 271
238 352
238 286
238 254
239 373
239 246
239 250
240 387
240 429
241 454
241 376
241 475
242 417
242 248
242 243
242 381
243 261
243 326
243 439
243 347
244 359
244 397
244 340
244 253
244 479
245 406
245 275
245 316
245 428
245 342
245 471
245 345
245 314
246 487
246 463
246 494
246 309
246 313
246 345
247 490
247 269
247 343
248 257
248 367
248 415
249 451
250 487
250 407
250 339
251 290
251 483
251 277
251 252
252 465
252 308
252 261
253 277
254 381
255 485
255 394
255 275
256 424
256 454
256 273
256 450
256 369
256 466
256 446
256 452
256 264
257 321
257 330
257 269
257 384
257 447
258 291
258 303
258 369
258 286
258 476
258 285
259 448
259 374
259 408
260 266
260 427
260 494
261 294
261 472
262 487
262 296
262 307
262 360
263 394
263 463
263 476
264 362
264 419
265 458
265 461
265 474
265 349
265 487
265 495
265 336
266 271
266 481
267 407
268 386
268 325
268 338
268 460
269 480
269 362
269 398
270 387
270 330
270 460
270 315
271 481
271 280
271 289
271 273
271 446
272 454
272 428
272 303
272 419
272 471
274 322
274 486
274 394
274 436
275 491
275 466
275 370
275 474
276 300
276 280
276 475
277 416
277 380
278 451
278 300
278 433
278 315
279 452
279 375
279 365
279 280
280 487
280 364
280 397
281 422
281 284
282 289
282 358
282 449
282 395
282 346
282 362
283 402
283 370
283 493
284 384
284 484
284 439
285 356
285 421
285 363
286 424
287 452
287 362
287 409
288 334
288 303
289 400
291 471
292 389
293 386
293 295
293 360
294 352
295 322
295 299
295 321
295 492
296 419
296 360
296 457
296 472
296 442
297 299
297 362
298 345
299 359
299 447
300 407
300 406
300 383
301 412
302 330
302 367
302 433
302 342
302 405
303 397
305 325
305 494
305 384
306 318
307 352
307 366
308 393
308 448
308 313
309 317
310 317
310 422
311 450
311 424
311 485
312 440
312 389
313 326
313 458
314 390
315 443
316 486
316 336
316 432
316 350
317 425
317 374
318 387
318 402
318 392
319 321
319 431
319 486
319 331
320 321
320 392
320 386
321 439
321 347
322 489
322 475
322 394
323 361
324 421
324 457
324 370
324 461
325 389
325 452
325 337
327 360
327 403
328 454
328 395
328 409
329 338
329 342
330 399
330 367
330 461
334 339
335 480
335 461
335 438
336 463
336 364
337 387
337 390
338 391
338 376
339 468
339 473
340 347
341 422
341 377
342 385
342 465
343 424
343 473
343 431
344 378
345 358
345 424
346 442
347 369
347 412
348 486
348 364
349 366
349 451
349 379
349 468
350 393
351 407
351 474
351 449
353 386
353 446
353 406
353 407
354 409
355 441
356 371
356 470
356 407
357 402
357 482
357 476
359 453
360 457
360 407
360 446
361 418
362 474
362 375
362 406
364 394
364 440
365 390
365 472
365 422
366 398
367 403
367 415
367 476
369 437
369 375
369 477
371 498
371 398
375 445
376 397
377 449
378 391
378 397
380 388
380 471
380 453
380 381
381 444
382 435
383 469
384 454
384 431
384 385
385 386
385 498
385 442
386 451
388 419
388 450
390 466
390 476
393 425
393 429
396 470
398 419
399 458
399 441
401 460
404 472
406 409
406 443
407 434
407 448
408 481
408 415
411 416
412 420
412 439
413 432
413 459
414 477
415 479
419 424
420 499
423 444
424 451
425 491
431 472
431 448
434 455
434 461
437 440
439 491
439 445
440 465
441 493
441 443
444 467
446 471
447 461
449 456
452 488
456 498
457 478
458 482
461 493
466 492
470 498
479 496
480 485
480 496
484 499
